mobstory
28
8
1 1 1 1 0 1 1 0 1 1 0 1 1 1 1 0 0 0 0 0 0 0 0 0 0 0 0 0  10
1 1 1 0 0 0 0 1 1 0 0 1 1 1 0 0 1 1 1 1 1 0 1 0 0 0 0 1  4
0 1 1 0 1 0 0 1 1 0 0 0 0 0 0 0 1 1 1 1 1 0 0 0 0 0 0 0  5
0 0 0 0 0 0 0 0 0 0 0 0 1 1 1 1 1 1 0 0 0 0 0 0 0 0 0 0  5
0 1 0 0 0 0 0 1 1 0 0 0 0 0 0 1 0 0 1 0 0 0 0 1 0 1 1 1  5
0 0 0 0 0 0 0 0 0 0 0 0 0 0 0 0 0 0 1 1 1 1 1 1 0 0 1 0  40 
0 0 0 0 1 0 0 1 1 0 0 0 0 0 0 0 0 0 0 1 1 0 0 0 0 0 0 0  4
0 0 0 0 0 1 1 1 1 1 1 0 0 0 0 0 0 0 0 0 0 0 0 0 0 0 0 0  20 

1 1 1 1 1 1 1 1 1 1 1 1 1 1 1 1 1 1 1 1 1 1 1 1 1 1 1 1