Warwick1201
20 20
 0 1 0 0 0 0 0 0 0 0 0 0 0 0 0 0 0 0 1 0    1 
 0 0 1 0 0 0 0 0 0 0 0 0 0 0 0 0 1 0 0 0    2
 0 0 0 0 1 0 1 0 0 0 0 0 0 0 0 0 0 0 0 0    4
 1 1 0 0 0 0 0 0 0 0 0 0 0 0 0 0 0 0 0 0    1
 0 0 0 0 0 1 0 0 0 0 0 0 1 0 0 0 0 0 0 0    2
 0 0 0 0 0 0 1 0 0 0 0 0 0 1 0 0 0 0 0 0    4
 0 0 0 0 0 0 0 0 0 1 1 0 0 0 0 0 0 0 0 0    1
 0 0 0 0 0 0 0 0 0 0 0 0 0 0 0 1 0 0 0 1    2
 0 0 0 1 0 0 0 1 0 0 0 0 0 0 0 0 0 0 0 0    4
 0 0 0 0 0 0 0 0 0 0 0 1 0 0 0 0 0 0 0 1    1
 0 0 1 0 0 0 0 0 0 0 0 0 0 1 0 0 0 0 0 0    2
 0 0 0 1 0 0 0 0 0 1 0 0 0 0 0 0 0 0 0 0    4
 0 0 0 0 0 0 0 0 1 0 0 0 0 0 1 0 0 0 0 0    1
 0 0 0 0 0 0 0 0 0 0 0 1 0 0 0 0 0 1 0 0    2
 0 0 0 0 0 0 0 0 1 0 0 0 0 0 0 0 0 0 1 0    4
 1 0 0 0 0 0 0 0 0 0 0 0 0 0 0 0 0 1 0 0    1
 0 0 0 0 0 1 0 1 0 0 0 0 0 0 0 0 0 0 0 0    2 
 0 0 0 0 0 0 0 0 0 0 0 0 0 0 1 1 0 0 0 0    4
 0 0 0 0 0 0 0 0 0 0 1 0 1 0 0 0 0 0 0 0    1
 0 0 0 0 1 0 0 0 0 0 0 0 0 0 0 0 1 0 0 0    2

 1 2 4 1 2 4 1 2 4 1 2 4 1 2 4 1 2 4 1 2
