151
0 10 20 44 18 29 13 29 30 4 42 13 18 15 9 14 31 49 29 18 28 15 35 34 24 45 30 27 40 37 46 9 26 21 28 28 30 25 35 36 17 7 50 39 36 29 10 29 22 11 12 40 33 35 26 22 24 13 38 39 47 18 21 25 11 29 23 48 29 27 22 34 25 36 41 36 36 29 17 36 41 30 24 27 27 12 38 20 22 41 31 31 42 41 42 21 39 35 18 29 28 25 23 19 14 33 3 34 33 8 35 22 41 38 46 28 26 13 6 10 30 23 29 30 20 36 41 4 6 26 31 19 19 5 37 20 20 34 42 18 33 14 37 23 24 33 18 25 6 34 22
10 0 25 49 17 29 23 29 40 11 42 4 26 24 19 14 41 55 29 28 37 25 45 34 32 52 37 27 40 37 53 1 35 29 27 38 39 33 42 44 26 8 57 47 46 38 18 29 22 19 16 45 43 34 36 27 34 14 46 48 54 19 23 35 1 29 33 55 39 32 32 44 27 36 41 41 43 35 25 40 49 38 34 27 32 22 44 20 32 41 40 41 45 41 45 31 47 42 25 39 28 33 33 15 19 33 7 39 34 14 40 28 49 47 51 28 36 9 14 6 29 33 36 35 30 46 46 6 10 36 41 28 15 12 43 18 25 44 44 24 42 5 37 33 27 43 14 24 14 34 32
20 25 0 23 15 12 20 13 33 16 25 25 7 14 17 12 28 29 17 16 18 24 29 19 12 26 13 8 24 20 27 25 16 8 20 25 21 13 18 21 13 17 32 24 29 20 14 17 9 11 9 20 30 22 23 2 23 13 22 29 29 8 4 22 26 17 20 31 23 7 17 29 5 17 25 16 18 10 6 16 26 15 23 17 7 17 19 10 20 23 23 27 22 21 22 25 23 17 5 24 17 12 24 19 6 18 23 14 13 12 15 5 24 27 26 17 26 19 26 20 21 25 12 10 18 31 21 21 15 27 31 14 20 25 18 17 1 27 22 5 25 30 18 28 4 28 19 17 15 14 19
44 49 23 0 37 27 38 28 43 39 31 48 25 31 36 35 36 6 32 32 23 42 30 32 22 6 14 25 33 31 7 48 23 22 36 35 24 21 10 13 30 40 9 12 27 25 34 32 29 32 32 9 37 36 34 21 36 36 12 21 8 31 26 34 49 32 33 11 28 16 30 32 23 25 34 7 9 13 25 12 13 14 37 33 16 35 4 31 34 29 25 35 12 22 12 41 9 7 24 32 33 19 39 41 29 31 46 9 19 35 8 20 8 19 5 32 40 42 46 43 37 40 14 12 33 34 4 44 38 41 42 30 42 46 5 37 22 26 14 24 25 53 25 44 21 33 41 35 36 22 33
18 17 15 37 0 13 26 12 43 15 25 14 21 23 21 5 40 43 12 27 33 30 43 17 27 41 28 12 23 20 42 18 31 23 10 37 36 28 33 36 25 11 46 39 44 35 18 12 7 17 11 30 42 17 35 17 34 5 37 44 44 7 11 34 17 12 32 46 37 21 31 43 13 19 24 29 32 24 19 26 41 30 34 10 21 23 32 5 31 24 38 40 30 24 30 33 37 31 19 38 11 27 34 4 13 16 19 26 19 13 27 20 38 42 38 11 37 8 24 11 12 35 27 23 29 45 33 16 12 37 42 27 5 23 31 2 16 42 29 18 40 20 20 36 14 42 5 7 16 19 31
29 29 12 27 13 0 32 2 45 25 13 27 19 26 27 15 40 33 6 28 29 36 40 7 24 32 22 3 12 9 33 30 28 20 10 37 32 24 26 30 25 23 36 33 40 31 24 6 7 21 17 19 42 11 35 12 35 16 31 38 34 11 9 34 29 6 32 37 34 15 29 40 6 7 13 21 26 18 18 15 35 24 35 7 15 28 24 9 32 12 34 39 18 12 18 37 31 23 17 36 7 22 36 16 16 6 31 18 8 21 19 15 32 36 27 6 38 21 35 23 11 37 21 16 30 42 23 28 23 39 43 26 17 34 23 13 12 38 17 16 36 33 8 40 8 40 17 9 24 6 31
13 23 20 38 26 32 0 32 17 12 45 26 14 7 5 21 18 42 35 7 18 4 22 38 16 37 24 28 44 40 38 22 17 17 36 15 19 17 28 28 8 17 43 31 25 18 7 35 25 10 15 39 20 40 13 22 11 20 30 28 40 21 22 12 24 34 10 40 17 25 11 21 25 37 45 32 29 26 15 36 33 24 11 33 25 3 34 23 9 43 20 18 42 41 42 8 32 31 16 16 33 19 10 28 15 36 16 32 33 12 33 20 34 27 43 32 13 23 11 21 36 10 24 29 8 23 39 17 14 13 18 9 29 12 33 27 20 22 42 16 21 27 38 11 24 20 27 31 10 34 10
29 29 13 28 12 2 32 0 46 25 13 26 20 27 28 15 41 34 4 29 31 36 42 6 25 34 24 5 11 8 35 30 29 21 8 38 34 25 28 32 26 23 37 35 41 33 25 4 7 22 17 20 43 9 36 13 36 16 33 40 36 11 10 35 29 4 33 39 36 17 30 42 8 7 12 23 28 20 19 16 37 26 36 5 17 29 26 9 33 12 35 40 19 12 19 38 33 25 18 37 5 23 37 15 17 5 31 20 9 21 21 16 34 38 28 4 39 20 35 23 9 38 23 18 31 44 24 28 23 40 44 27 16 34 25 12 14 39 18 18 37 32 8 41 10 41 16 7 24 7 32
30 40 33 43 43 45 17 46 0 29 58 43 24 19 21 38 7 45 49 15 20 15 14 52 22 40 29 41 57 53 41 39 20 25 51 8 19 23 33 30 17 34 46 32 17 18 24 48 39 25 31 44 6 54 9 32 9 37 32 24 43 36 35 10 41 48 12 41 15 32 14 11 37 49 58 37 34 32 25 42 33 29 8 47 32 19 39 38 11 55 18 8 48 51 48 9 35 36 26 11 48 25 7 45 29 50 33 37 43 28 38 29 37 25 48 47 5 40 27 38 51 7 29 35 13 11 44 34 31 4 1 16 45 28 38 44 30 18 48 26 18 44 49 7 34 10 44 46 26 44 12
4 11 16 39 15 25 12 25 29 0 38 14 15 13 8 10 30 45 25 17 26 16 34 30 21 41 26 23 36 33 42 10 24 18 25 27 28 22 31 33 15 5 46 36 35 27 7 25 18 8 8 36 32 31 25 18 23 9 35 37 43 14 17 24 12 25 22 44 28 23 21 33 21 32 37 32 32 26 14 32 38 27 23 23 23 11 35 16 21 37 29 30 38 37 38 20 36 32 15 28 24 22 22 16 10 29 7 30 29 4 31 19 38 36 42 24 25 11 10 9 27 22 26 26 19 35 37 5 2 25 30 17 17 9 34 16 16 33 38 14 31 15 33 23 20 32 15 21 3 30 21
42 42 25 31 25 13 45 13 58 38 0 39 32 39 40 28 53 37 13 41 41 49 52 8 36 37 31 16 2 5 38 43 39 32 15 50 43 36 33 38 38 36 40 40 51 43 37 13 20 34 30 22 55 8 48 25 48 29 38 47 39 24 22 47 42 13 45 42 46 25 42 52 19 8 3 27 32 27 31 19 41 33 48 15 25 41 29 22 45 2 45 52 19 9 19 50 37 29 30 49 14 33 49 27 29 9 44 24 14 34 24 28 37 45 30 14 51 33 48 36 13 50 30 23 43 54 27 41 36 52 56 39 27 47 28 24 25 48 17 29 47 45 7 53 21 52 28 18 37 11 44
13 4 25 48 14 27 26 26 43 14 39 0 27 27 22 13 44 54 26 31 39 28 48 31 33 51 38 26 37 34 52 5 37 30 24 41 41 34 43 45 29 9 57 48 49 40 21 26 21 21 16 44 46 31 39 27 37 13 46 50 54 18 22 38 3 26 36 56 42 32 35 47 26 33 38 41 43 35 25 39 50 39 37 24 32 25 44 19 35 38 43 44 44 38 44 34 48 42 25 42 25 33 36 12 19 30 11 39 33 16 40 28 49 48 51 25 39 6 18 5 26 36 36 35 33 49 46 9 12 39 44 31 12 16 43 15 25 47 43 24 45 6 34 36 26 46 11 21 17 33 35
18 26 7 25 21 19 14 20 24 15 32 27 0 7 11 17 20 30 24 8 12 18 22 26 6 26 11 15 31 27 27 25 10 3 27 17 15 7 16 17 6 18 31 20 23 14 9 24 16 7 11 25 22 29 15 8 15 17 19 23 28 14 11 15 27 24 12 29 16 11 10 22 12 24 32 18 17 12 2 22 22 12 15 24 11 11 21 16 12 30 17 20 28 28 28 17 21 18 2 17 24 7 16 25 8 25 21 18 19 11 19 6 23 21 29 24 18 23 21 22 28 17 11 15 10 24 25 20 15 19 23 7 26 21 20 23 7 21 28 3 19 30 25 20 11 21 25 24 12 21 12
15 24 14 31 23 26 7 27 19 13 39 27 7 0 6 19 17 35 30 4 13 11 21 33 10 31 18 22 38 34 32 23 11 10 32 14 15 11 22 22 2 18 37 25 22 14 6 30 21 6 12 32 19 36 12 15 10 18 24 24 34 18 17 11 25 30 9 34 15 18 8 20 19 31 39 25 23 19 8 29 27 18 11 29 18 4 27 20 8 37 16 17 35 35 35 12 26 24 9 15 30 13 12 26 11 32 18 25 26 11 26 13 28 23 36 29 14 24 16 22 33 12 17 22 6 22 32 18 15 15 19 4 27 16 26 25 13 20 35 9 18 28 32 15 17 19 26 28 10 27 8
9 19 17 36 21 27 5 28 21 8 40 22 11 6 0 16 22 41 30 9 19 9 26 34 16 37 22 24 39 36 38 18 17 14 31 19 21 17 27 28 8 13 42 31 27 20 3 30 21 6 11 36 24 36 17 19 15 15 30 30 39 17 18 16 20 30 14 40 20 22 13 25 22 33 40 29 28 23 12 33 33 23 15 29 22 3 32 19 13 39 22 22 39 38 39 13 32 29 13 20 29 18 14 23 11 32 12 29 30 7 30 17 34 29 40 28 17 19 10 17 32 14 22 26 11 27 36 13 10 17 22 10 24 10 31 22 17 25 39 13 24 23 34 16 21 24 23 27 5 31 13
14 14 12 35 5 15 21 15 38 10 28 13 17 19 16 0 36 41 15 22 29 25 39 20 23 38 25 13 26 23 39 15 27 19 14 32 32 24 30 33 20 8 44 36 40 31 14 15 8 12 6 30 37 20 30 14 29 1 34 40 41 5 9 29 14 15 27 43 33 19 26 38 13 22 27 28 30 22 15 26 38 27 29 13 19 19 31 6 26 27 34 35 31 27 31 29 35 29 15 33 14 23 30 8 9 19 16 26 20 9 27 17 36 38 38 14 32 7 20 8 16 30 24 22 24 40 33 13 8 33 37 22 9 19 30 7 13 38 30 14 36 18 23 32 13 37 8 11 12 20 26
31 41 28 36 40 40 18 41 7 30 53 44 20 17 22 36 0 38 44 13 13 16 7 46 18 33 23 35 51 47 34 40 14 21 47 3 12 17 26 23 15 35 39 25 10 11 23 44 36 23 29 38 2 49 5 28 7 35 25 17 36 34 31 6 42 44 8 34 8 27 10 4 32 44 52 31 27 26 22 36 26 22 7 44 27 19 32 36 9 50 11 1 42 46 42 10 28 29 22 4 44 19 8 43 27 45 34 31 38 28 32 25 30 18 41 44 6 41 28 39 48 8 23 29 11 5 37 35 32 7 6 13 44 29 31 42 27 11 42 23 11 45 45 11 31 3 43 44 27 41 9
49 55 29 6 43 33 42 34 45 45 37 54 30 35 41 41 38 0 38 35 25 45 31 38 25 5 18 31 39 37 4 54 25 26 42 37 26 24 13 15 33 46 3 13 28 27 39 38 35 36 38 15 39 42 36 27 38 42 13 21 2 37 32 36 55 38 35 5 30 22 32 34 29 31 40 13 12 19 30 18 12 17 39 39 22 39 10 37 36 35 27 37 18 28 18 43 10 12 30 34 39 22 41 47 35 37 51 15 25 40 14 26 8 20 7 38 42 48 51 49 43 42 19 18 35 35 10 49 44 43 44 33 48 51 11 43 28 27 20 30 27 59 31 46 27 35 47 41 41 28 35
29 29 17 32 12 6 35 4 49 25 13 26 24 30 30 15 44 38 0 32 34 39 45 5 29 38 28 9 11 8 39 30 33 25 4 41 37 29 32 36 30 23 41 39 45 36 27 0 9 24 19 24 46 6 39 17 39 16 37 44 40 12 13 39 29 0 36 43 39 21 34 45 12 9 12 27 32 24 23 20 41 30 39 2 21 31 30 10 36 12 39 44 23 14 23 41 37 29 22 41 1 27 40 14 19 4 31 24 13 22 25 20 38 42 32 1 42 20 35 23 5 41 27 22 34 47 28 28 23 43 47 31 14 34 29 11 18 43 21 21 41 32 10 44 14 45 15 5 25 11 36
18 28 16 32 27 28 7 29 15 17 41 31 8 4 9 22 13 35 32 0 11 10 17 34 10 31 18 23 39 35 32 27 10 11 35 10 12 11 22 21 2 22 37 24 18 11 10 32 24 10 16 33 15 37 8 16 6 22 23 21 34 21 19 7 29 32 5 33 11 19 4 16 20 32 40 26 23 20 10 30 26 18 7 32 19 6 28 23 4 38 13 13 36 36 36 9 26 25 10 11 32 13 8 30 14 33 21 26 27 15 27 14 28 20 37 32 10 28 18 26 36 9 18 23 2 18 33 22 19 11 15 2 31 18 27 29 15 16 36 11 15 32 33 12 19 15 30 31 14 29 4
28 37 18 23 33 29 18 31 20 26 41 39 12 13 19 29 13 25 34 11 0 20 10 36 6 20 10 26 41 38 21 36 2 10 38 12 3 5 13 10 11 30 26 13 11 2 19 34 27 18 23 25 15 40 11 16 13 29 12 11 23 26 22 11 38 34 10 22 5 15 7 11 21 32 42 17 14 13 14 23 15 9 14 34 15 16 19 28 11 38 5 12 29 33 29 18 15 16 14 9 34 7 16 37 20 34 31 18 26 23 19 13 17 10 28 33 17 35 28 34 38 17 10 16 10 13 24 31 27 18 19 9 38 28 18 35 17 9 29 15 7 41 33 21 19 11 37 35 23 29 10
15 25 24 42 30 36 4 36 15 16 49 28 18 11 9 25 16 45 39 10 20 0 23 42 20 40 28 32 47 44 41 24 20 21 39 14 21 21 32 30 12 21 46 33 25 20 11 39 29 14 19 43 18 44 12 26 10 24 32 30 43 25 26 12 26 38 11 42 18 29 13 20 29 41 48 36 33 30 19 40 35 28 10 37 29 7 38 27 10 47 21 16 46 45 46 6 35 35 20 15 37 23 8 32 19 40 18 36 37 16 37 24 37 29 47 36 11 27 12 25 40 8 28 33 10 21 43 19 18 11 16 12 33 13 37 31 24 23 46 20 22 29 42 8 28 18 31 35 14 38 11
35 45 29 30 43 40 22 42 14 34 52 48 22 21 26 39 7 31 45 17 10 23 0 46 16 26 20 36 51 48 27 44 12 20 48 9 8 15 21 17 19 39 32 18 3 8 27 44 37 27 33 35 8 50 9 26 11 39 18 10 29 36 32 10 46 44 12 27 6 25 13 3 31 42 52 27 22 23 24 33 19 19 12 44 25 23 27 38 13 48 6 6 39 43 39 16 21 25 24 6 44 17 14 47 30 44 38 28 36 32 29 23 23 11 35 43 13 45 33 43 48 15 20 26 15 4 32 39 36 13 13 17 48 34 26 45 27 4 39 25 5 49 43 17 29 4 47 45 31 39 13
34 34 19 32 17 7 38 6 52 30 8 31 26 33 34 20 46 38 5 34 36 42 46 0 31 38 29 10 6 3 39 35 35 27 8 43 39 31 32 36 32 28 41 39 47 38 31 5 13 28 23 23 48 4 41 19 40 21 37 45 40 16 16 41 34 5 38 43 41 22 36 47 13 7 7 27 32 25 25 20 41 31 41 7 22 35 30 14 38 7 41 46 20 12 20 43 37 29 24 43 6 29 42 19 23 1 36 24 13 26 25 22 38 43 31 6 44 25 40 28 7 43 28 22 36 49 28 33 28 45 49 33 19 39 29 16 19 45 19 23 43 37 7 46 15 47 20 10 29 10 38
24 32 12 22 27 24 16 25 22 21 36 33 6 10 16 23 18 25 29 10 6 20 16 31 0 21 8 20 36 32 22 31 4 4 32 15 9 1 12 12 8 24 27 15 17 8 14 29 21 13 17 23 19 34 13 11 14 23 14 17 24 20 16 13 33 29 11 24 11 10 8 17 16 27 37 16 13 10 8 20 17 8 15 29 10 14 18 22 12 33 11 17 26 29 26 19 16 15 8 14 29 3 17 31 14 29 27 16 21 17 17 8 18 15 27 28 18 29 26 28 33 18 8 13 11 19 23 26 21 19 22 8 32 26 17 29 11 15 26 9 13 36 28 22 14 17 31 29 18 24 11
45 52 26 6 41 32 37 34 40 41 37 51 26 31 37 38 33 5 38 31 20 40 26 38 21 0 14 29 39 37 1 51 21 22 42 32 21 20 9 10 29 43 6 8 23 22 35 38 33 32 35 15 34 42 31 24 33 39 8 16 3 34 29 31 52 38 30 5 25 19 27 29 27 31 40 11 8 16 26 18 7 13 34 39 19 35 8 35 31 35 22 32 18 28 18 38 5 9 26 29 39 18 36 45 32 37 47 14 25 36 13 22 3 15 10 38 37 45 47 46 43 37 15 16 30 30 10 45 40 38 39 29 46 47 9 41 26 22 20 26 22 55 31 41 25 30 45 40 37 28 30
30 37 13 14 28 22 24 24 29 26 31 38 11 18 22 25 23 18 28 18 10 28 20 29 8 14 0 19 32 29 15 36 9 8 32 22 12 7 5 8 16 29 20 11 19 12 20 28 22 18 20 15 25 33 20 11 22 25 9 16 17 21 17 20 37 28 19 18 15 7 16 21 16 23 33 8 6 4 12 13 13 2 23 29 7 22 10 23 20 29 14 22 18 23 18 27 10 7 12 19 29 5 25 32 17 28 32 8 16 22 9 8 12 14 19 28 26 32 32 31 33 26 1 7 19 23 15 31 26 27 29 16 33 32 9 30 12 17 19 12 16 41 23 30 14 21 32 30 23 19 19
27 27 8 25 12 3 28 5 41 23 16 26 15 22 24 13 35 31 9 23 26 32 36 10 20 29 19 0 15 12 30 28 24 16 13 32 29 20 23 27 21 21 34 30 36 28 21 9 5 18 15 18 37 14 30 8 29 14 28 35 32 9 6 30 27 9 27 34 31 12 25 37 3 9 16 18 23 15 14 14 32 21 30 10 12 25 21 7 27 15 30 35 18 14 18 32 28 20 13 32 10 18 31 16 13 9 29 15 7 19 16 11 29 33 26 9 33 20 33 21 14 32 18 13 25 39 22 26 21 34 38 22 17 32 20 13 9 34 17 13 32 31 10 35 5 36 17 11 22 7 27
40 40 24 33 23 12 44 11 57 36 2 37 31 38 39 26 51 39 11 39 41 47 51 6 36 39 32 15 0 3 40 41 39 31 13 47 44 35 34 39 36 34 42 41 51 43 36 11 18 33 28 24 52 6 45 23 44 27 39 48 41 22 21 45 40 11 42 44 46 25 40 52 18 8 1 28 33 27 29 21 42 33 45 13 25 40 31 20 42 4 45 50 21 11 21 47 38 30 28 47 12 33 46 25 28 7 42 25 14 32 26 26 39 45 32 12 48 31 46 34 11 47 30 23 40 54 29 39 34 49 53 37 25 45 30 22 24 48 19 28 47 43 8 50 20 51 26 16 35 11 42
37 37 20 31 20 9 40 8 53 33 5 34 27 34 36 23 47 37 8 35 38 44 48 3 32 37 29 12 3 0 38 38 36 28 11 44 41 32 31 36 33 31 40 38 48 40 33 8 15 30 25 22 49 5 42 20 41 24 36 45 39 19 18 42 37 8 39 42 43 23 37 49 15 6 4 26 31 25 26 19 40 31 42 10 23 37 29 17 39 4 42 47 19 9 19 44 36 28 25 44 9 30 43 22 25 4 39 23 12 29 24 23 37 43 30 9 45 28 43 31 10 44 28 21 37 51 27 36 31 46 50 34 22 42 28 19 21 46 17 25 44 40 6 47 17 48 23 13 32 9 39
46 53 27 7 42 33 38 35 41 42 38 52 27 32 38 39 34 4 39 32 21 41 27 39 22 1 15 30 40 38 0 51 22 23 43 33 22 21 10 11 30 44 5 9 24 23 35 39 34 33 35 16 35 43 32 25 34 40 9 17 2 35 30 32 52 39 31 4 26 20 28 30 28 32 41 12 9 17 27 19 8 14 35 40 20 36 9 36 32 36 23 33 19 29 19 39 6 10 27 30 40 19 37 46 32 38 47 15 26 37 14 23 4 16 10 39 38 46 47 46 44 38 16 17 31 31 11 46 41 39 40 30 47 47 10 42 27 23 21 27 23 56 32 42 26 31 46 41 38 29 31
9 1 25 48 18 30 22 30 39 10 43 5 25 23 18 15 40 54 30 27 36 24 44 35 31 51 36 28 41 38 51 0 34 28 28 37 38 32 41 42 25 8 56 45 45 37 17 30 23 18 16 45 42 35 35 27 33 14 44 47 53 19 24 34 2 30 32 54 38 32 31 43 27 37 42 41 42 35 24 40 47 37 33 28 32 21 44 21 31 42 39 40 45 42 45 30 46 42 25 38 29 32 32 16 19 34 6 39 35 14 40 28 48 46 51 29 35 10 12 7 30 32 36 35 29 45 46 5 10 35 40 27 16 11 43 19 25 43 45 24 41 5 38 32 28 42 15 25 13 35 31
26 35 16 23 31 28 17 29 20 24 39 37 10 11 17 27 14 25 33 10 2 20 12 35 4 21 9 24 39 36 22 34 0 8 36 13 5 3 13 11 9 28 27 14 13 4 17 33 25 16 21 24 16 38 11 15 13 27 13 13 24 24 20 11 36 33 10 23 7 13 7 13 20 30 40 17 14 12 12 22 16 9 14 33 13 15 19 26 11 36 7 13 27 32 27 18 16 16 12 10 33 5 16 35 18 33 29 17 24 21 18 11 18 12 28 32 17 33 27 32 37 17 9 15 10 15 24 29 25 18 20 8 36 27 18 33 15 11 28 13 9 39 31 21 18 13 35 33 21 27 10
21 29 8 22 23 20 17 21 25 18 32 30 3 10 14 19 21 26 25 11 10 21 20 27 4 22 8 16 31 28 23 28 8 0 28 18 13 5 13 14 9 21 28 17 21 12 12 25 17 10 13 22 23 30 16 7 16 19 16 21 25 16 12 16 30 25 14 26 15 8 11 21 12 24 32 15 14 9 4 19 19 9 17 25 8 14 18 18 14 30 15 20 25 26 25 20 18 15 4 17 25 4 19 27 10 25 24 15 18 14 16 4 20 19 26 24 20 25 24 24 29 20 8 12 12 23 22 23 18 21 25 9 28 24 17 25 7 19 25 5 17 33 25 23 10 21 27 25 15 20 13
28 27 20 36 10 10 36 8 51 25 15 24 27 32 31 14 47 42 4 35 38 39 48 8 32 42 32 13 13 11 43 28 36 28 0 44 41 33 36 40 33 21 45 43 49 40 28 4 11 26 19 28 49 7 42 21 41 15 41 48 44 13 16 42 27 4 39 47 43 25 37 49 16 13 14 31 36 28 25 24 45 34 42 3 25 32 34 11 39 15 43 47 27 18 27 42 41 33 25 44 3 31 43 12 20 7 29 28 17 23 29 24 42 46 36 4 45 18 34 21 2 44 31 26 37 51 32 26 22 46 50 34 12 33 33 9 21 47 25 24 45 30 14 45 18 48 13 3 26 15 39
28 38 25 35 37 37 15 38 8 27 50 41 17 14 19 32 3 37 41 10 12 14 9 43 15 32 22 32 47 44 33 37 13 18 44 0 11 16 25 22 12 32 38 24 12 10 20 41 33 20 26 37 5 46 2 25 4 32 24 17 35 31 28 3 39 41 5 33 7 25 7 6 29 41 48 29 26 25 19 35 25 21 4 41 25 16 31 33 6 47 10 3 40 44 40 8 27 28 19 3 41 18 6 40 24 41 31 30 36 25 31 22 29 17 40 41 5 38 26 36 45 7 22 28 8 8 36 32 29 6 7 10 41 26 30 39 24 11 41 20 10 42 42 10 28 5 40 41 24 38 6
30 39 21 24 36 32 19 34 19 28 43 41 15 15 21 32 12 26 37 12 3 21 8 39 9 21 12 29 44 41 22 38 5 13 41 11 0 8 14 11 13 32 27 13 8 1 21 37 30 20 26 27 13 43 10 19 12 32 13 9 24 29 25 10 40 37 9 22 4 18 8 10 24 35 45 19 15 16 17 25 14 11 13 37 18 18 20 31 10 41 2 11 30 35 30 17 16 18 17 8 37 10 15 40 23 37 33 20 28 25 21 16 18 8 29 36 16 38 30 36 41 16 13 19 11 12 25 33 29 17 18 11 41 30 19 38 20 6 31 18 4 43 35 20 22 10 40 38 25 31 10
25 33 13 21 28 24 17 25 23 22 36 34 7 11 17 24 17 24 29 11 5 21 15 31 1 20 7 20 35 32 21 32 3 5 33 16 8 0 11 11 9 25 26 14 16 7 15 29 22 14 18 22 19 34 14 11 15 24 13 16 23 21 17 13 34 29 12 23 10 10 9 16 16 27 36 15 12 9 9 19 16 7 16 29 10 15 17 23 13 33 10 16 25 29 25 20 15 14 9 13 29 2 18 32 15 29 28 15 21 18 16 8 17 14 26 28 19 30 27 29 33 19 7 12 12 18 22 27 22 20 23 9 33 27 16 30 12 14 25 10 12 37 28 23 14 16 32 30 19 24 12
35 42 18 10 33 26 28 28 33 31 33 43 16 22 27 30 26 13 32 22 13 32 21 32 12 9 5 23 34 31 10 41 13 13 36 25 14 11 0 5 20 34 15 7 20 15 25 32 26 23 25 13 27 36 24 16 26 30 5 14 12 26 21 24 42 32 23 13 18 11 20 24 20 25 35 6 1 8 17 13 9 4 27 33 11 26 6 27 24 30 16 25 17 24 17 31 5 4 17 22 33 9 29 37 22 31 37 8 19 27 8 13 7 12 15 32 30 37 37 36 37 30 6 10 23 25 11 36 31 31 32 20 38 37 5 34 17 18 18 17 17 46 25 34 18 24 37 34 28 22 23
36 44 21 13 36 30 28 32 30 33 38 45 17 22 28 33 23 15 36 21 10 30 17 36 12 10 8 27 39 36 11 42 11 14 40 22 11 11 5 0 20 35 16 3 15 12 26 36 30 24 27 18 24 40 21 19 23 33 2 9 13 29 25 21 44 36 20 12 15 15 17 19 24 30 40 10 5 12 18 18 5 6 24 37 15 26 10 31 21 35 12 22 22 29 22 28 5 8 18 19 37 10 26 40 24 35 38 13 23 28 12 16 7 7 18 36 27 39 38 38 41 27 9 14 20 20 15 37 32 28 29 19 41 38 10 38 20 13 23 19 12 47 30 31 22 20 40 38 29 26 20
17 26 13 30 25 25 8 26 17 15 38 29 6 2 8 20 15 33 30 2 11 12 19 32 8 29 16 21 36 33 30 25 9 9 33 12 13 9 20 20 0 20 35 23 20 12 8 30 22 8 14 31 17 35 10 14 8 20 22 22 32 19 17 9 27 30 7 32 13 17 6 18 18 30 37 24 21 18 8 28 25 16 9 30 17 6 26 21 6 36 14 15 34 34 34 11 24 23 8 13 30 11 10 28 12 30 20 24 25 13 25 12 26 21 35 30 12 26 18 24 34 11 16 21 4 20 31 20 17 13 17 2 29 18 25 27 13 18 34 9 16 30 31 14 17 17 28 29 12 27 6
7 8 17 40 11 23 17 23 34 5 36 9 18 18 13 8 35 46 23 22 30 21 39 28 24 43 29 21 34 31 44 8 28 21 21 32 32 25 34 35 20 0 49 38 40 31 12 23 16 12 8 37 37 28 30 19 28 7 37 41 46 12 16 29 9 23 27 47 33 24 26 38 20 30 35 33 35 27 17 33 40 30 28 21 24 16 36 14 26 35 34 35 38 35 38 25 39 34 17 33 22 25 27 12 11 27 8 31 28 7 32 20 41 39 43 22 30 6 13 4 23 27 28 27 24 40 38 5 3 30 35 22 12 12 35 13 17 38 38 16 36 13 31 28 20 37 11 18 8 28 26
50 57 32 9 46 36 43 37 46 46 40 57 31 37 42 44 39 3 41 37 26 46 32 41 27 6 20 34 42 40 5 56 27 28 45 38 27 26 15 16 35 49 0 14 29 28 40 41 38 38 40 18 40 45 37 30 39 45 14 22 3 40 35 37 57 41 36 5 31 25 33 35 32 34 43 16 14 22 32 21 13 19 40 42 25 41 13 40 37 38 28 38 21 31 21 44 11 15 32 35 42 24 42 50 37 40 52 18 28 42 17 28 9 21 10 41 43 51 52 51 46 43 21 21 36 36 13 51 46 44 45 35 51 52 14 46 31 28 23 32 28 61 34 47 30 36 50 44 43 31 36
39 47 24 12 39 33 31 35 32 36 40 48 20 25 31 36 25 13 39 24 13 33 18 39 15 8 11 30 41 38 9 45 14 17 43 24 13 14 7 3 23 38 14 0 15 14 29 39 33 27 30 19 26 43 23 22 25 36 2 9 11 32 28 23 47 39 22 9 17 18 20 21 27 32 42 12 7 15 21 20 2 9 26 40 18 29 11 34 23 37 14 24 23 31 23 30 3 10 21 21 40 13 28 43 27 38 41 15 26 31 14 19 5 7 17 39 29 42 41 41 44 29 12 17 23 22 15 40 35 30 31 22 44 41 11 41 23 14 24 22 14 50 32 33 25 22 43 41 32 29 23
36 46 29 27 44 40 25 41 17 35 51 49 23 22 27 40 10 28 45 18 11 25 3 47 17 23 19 36 51 48 24 45 13 21 49 12 8 16 20 15 20 40 29 15 0 9 28 45 38 28 34 33 11 50 12 27 14 40 16 7 26 37 33 13 47 45 14 24 7 26 14 6 32 42 52 25 20 23 25 32 16 18 15 45 26 24 25 39 15 48 6 9 37 42 37 19 18 23 25 9 45 18 17 48 31 45 39 27 35 33 27 24 20 8 32 44 16 46 36 44 49 18 20 26 17 7 30 40 37 16 16 18 49 36 25 46 28 2 38 26 4 50 42 20 30 7 48 46 32 38 15
29 38 20 25 35 31 18 33 18 27 43 40 14 14 20 31 11 27 36 11 2 20 8 38 8 22 12 28 43 40 23 37 4 12 40 10 1 7 15 12 12 31 28 14 9 0 20 36 29 19 25 27 12 41 9 18 11 31 14 10 25 28 24 9 39 36 8 23 3 17 7 9 23 34 43 19 16 15 16 25 15 11 12 36 17 17 21 30 9 40 3 10 30 35 30 16 17 18 16 7 36 9 14 39 22 36 32 20 28 24 21 15 19 9 30 35 15 37 29 35 40 15 12 18 10 11 26 32 28 16 17 10 40 29 20 37 19 7 31 17 5 42 35 19 21 9 39 37 24 31 9
10 18 14 34 18 24 7 25 24 7 37 21 9 6 3 14 23 39 27 10 19 11 27 31 14 35 20 21 36 33 35 17 17 12 28 20 21 15 25 26 8 12 40 29 28 20 0 27 18 3 8 33 25 33 18 16 16 13 28 30 37 14 15 17 19 27 15 38 21 19 14 26 19 30 37 27 26 21 9 30 31 21 16 26 19 5 30 16 14 36 22 23 36 35 36 15 30 27 10 21 26 16 16 21 8 29 13 26 27 5 27 14 32 29 38 25 19 18 13 16 29 17 20 23 12 28 33 12 9 19 24 10 22 12 29 20 14 26 36 10 24 22 31 18 18 25 21 24 4 28 14
29 29 17 32 12 6 35 4 48 25 13 26 24 30 30 15 44 38 0 32 34 39 44 5 29 38 28 9 11 8 39 30 33 25 4 41 37 29 32 36 30 23 41 39 45 36 27 0 9 24 19 24 46 6 39 17 38 16 37 44 40 12 13 39 29 0 36 43 39 21 34 45 12 9 12 27 32 24 23 20 41 30 39 2 21 31 30 10 36 12 39 44 23 14 23 41 37 29 22 41 1 27 40 14 19 4 31 24 13 22 25 20 38 42 32 1 42 20 35 23 5 41 27 22 34 47 28 28 23 43 47 31 14 34 29 11 18 43 21 21 41 32 10 44 14 45 15 5 25 11 36
22 22 9 29 7 7 25 7 39 18 20 21 16 21 21 8 36 35 9 24 27 29 37 13 21 33 22 5 18 15 34 23 25 17 11 33 30 22 26 30 22 16 38 33 38 29 18 9 0 15 10 23 38 15 31 11 30 9 31 38 36 4 5 31 22 9 28 38 32 15 26 38 6 14 19 22 26 18 14 19 35 24 31 8 15 22 25 2 28 19 32 36 23 19 23 32 31 24 14 33 9 21 32 11 10 12 24 19 12 14 20 14 32 36 31 8 34 15 28 16 12 33 21 16 26 40 26 21 16 35 39 23 12 27 24 8 10 36 22 13 34 26 15 35 8 37 12 8 17 12 28
11 19 11 32 17 21 10 22 25 8 34 21 7 6 6 12 23 36 24 10 18 14 27 28 13 32 18 18 33 30 33 18 16 10 26 20 20 14 23 24 8 12 38 27 28 19 3 24 15 0 6 30 25 30 18 13 16 12 26 29 35 12 12 17 20 24 15 36 21 16 14 26 16 27 34 24 24 18 6 27 29 19 17 23 16 7 27 14 14 33 22 23 33 32 33 17 28 24 7 21 24 14 18 20 5 27 14 23 24 5 24 11 30 28 35 23 20 18 15 16 27 18 18 20 12 28 30 13 9 21 25 10 21 15 26 19 11 26 33 7 24 23 28 20 15 25 20 22 5 25 14
12 16 9 32 11 17 15 17 31 8 30 16 11 12 11 6 29 38 19 16 23 19 33 23 17 35 20 15 28 25 35 16 21 13 19 26 26 18 25 27 14 8 40 30 34 25 8 19 10 6 0 29 31 25 24 11 22 6 29 34 37 6 9 23 17 19 21 38 27 16 20 32 13 24 29 25 26 19 9 25 32 22 23 18 16 13 28 8 20 29 28 29 30 29 30 23 30 26 9 27 18 17 24 14 3 21 14 23 21 4 24 12 32 32 35 17 26 12 18 11 21 24 20 19 18 34 30 11 6 27 31 16 15 17 27 13 9 32 30 8 30 21 25 26 12 31 14 16 7 22 20
40 45 20 9 30 19 39 20 44 36 22 44 25 32 36 30 38 15 24 33 25 43 35 23 23 15 15 18 24 22 16 45 24 22 28 37 27 22 13 18 31 37 18 19 33 27 33 24 23 30 29 0 39 27 35 18 37 31 17 27 17 25 21 35 44 24 34 20 30 14 31 36 17 16 25 8 13 13 24 4 20 16 38 25 14 36 8 25 35 20 29 37 4 13 4 42 16 10 23 34 25 20 40 34 26 22 43 7 11 32 6 19 16 25 8 24 41 37 45 38 28 41 15 10 34 38 5 40 35 42 44 31 35 45 8 31 20 31 5 23 30 48 16 45 17 36 35 27 35 13 34
33 43 30 37 42 42 20 43 6 32 55 46 22 19 24 37 2 39 46 15 15 18 8 48 19 34 25 37 52 49 35 42 16 23 49 5 13 19 27 24 17 37 40 26 11 12 25 46 38 25 31 39 0 51 7 30 9 37 26 18 37 36 33 8 44 46 10 35 9 29 12 5 34 46 53 31 28 27 24 37 27 23 9 46 29 21 33 38 11 52 12 2 42 47 42 12 29 30 24 5 46 21 10 45 29 46 36 32 40 30 33 27 31 19 42 46 7 43 30 41 50 10 24 30 13 5 38 37 34 8 5 15 46 31 32 44 29 12 43 25 12 47 47 12 33 4 45 46 29 43 11
35 34 22 36 17 11 40 9 54 31 8 31 29 36 36 20 49 42 6 37 40 44 50 4 34 42 33 14 6 5 43 35 38 30 7 46 43 34 36 40 35 28 45 43 50 41 33 6 15 30 25 27 51 0 44 22 43 21 41 49 44 18 19 44 34 6 41 47 44 26 39 50 17 11 7 31 36 29 28 24 45 35 44 7 26 37 34 16 41 9 44 49 24 14 24 46 41 33 27 46 6 32 45 19 25 5 36 28 17 28 29 25 42 47 35 7 47 25 40 28 5 46 32 26 39 52 32 33 28 48 52 36 19 39 33 16 23 48 22 27 46 37 11 49 19 50 20 10 31 14 41
26 36 23 34 35 35 13 36 9 25 48 39 15 12 17 30 5 36 39 8 11 12 9 41 13 31 20 30 45 42 32 35 11 16 42 2 10 14 24 21 10 30 37 23 12 9 18 39 31 18 24 35 7 44 0 23 2 30 23 17 34 29 26 1 37 39 3 32 6 23 5 8 27 39 46 28 25 23 17 33 24 20 3 39 23 14 30 31 4 45 9 5 38 42 38 7 26 27 17 3 39 16 5 38 22 39 29 28 34 23 29 20 28 17 39 39 6 36 24 34 43 6 20 26 6 10 35 30 27 7 9 8 39 25 29 37 22 11 39 18 10 40 40 10 26 7 38 39 22 36 4
22 27 2 21 17 12 22 13 32 18 25 27 8 15 19 14 28 27 17 16 16 26 26 19 11 24 11 8 23 20 25 27 15 7 21 25 19 11 16 19 14 19 30 22 27 18 16 17 11 13 11 18 30 22 23 0 22 15 20 27 27 10 6 23 28 17 20 29 21 5 18 27 5 16 24 13 16 8 7 14 24 13 23 18 5 19 16 12 20 22 21 27 20 19 20 25 21 15 6 24 18 10 24 21 8 17 25 11 11 14 12 3 22 25 23 17 26 21 28 22 22 25 10 8 18 29 18 22 17 27 31 15 22 27 15 19 2 25 20 6 23 32 17 28 3 27 21 19 17 13 20
24 34 23 36 34 35 11 36 9 23 48 37 15 10 15 29 7 38 39 6 13 10 11 40 14 33 22 29 44 41 34 33 13 16 41 4 12 15 26 23 8 28 39 25 14 11 16 38 30 16 22 37 9 43 2 22 0 28 25 19 36 27 25 2 35 38 3 34 8 24 6 10 26 38 45 30 27 24 16 34 26 22 1 38 24 12 32 29 2 44 11 7 40 41 40 5 28 29 16 5 38 17 3 36 20 38 27 30 33 21 31 20 30 19 41 38 4 34 22 32 42 4 22 27 4 12 37 28 25 5 9 7 37 23 31 35 21 13 40 17 12 38 39 8 25 9 36 37 20 35 3
13 14 13 36 5 16 20 16 37 9 29 13 17 18 15 1 35 42 16 22 29 24 39 21 23 39 25 14 27 24 40 14 27 19 15 32 32 24 30 33 20 7 45 36 40 31 13 16 9 12 6 31 37 21 30 15 28 0 34 40 42 5 10 29 14 16 27 43 33 20 26 38 13 23 28 28 31 23 15 26 38 27 29 14 20 18 31 7 26 28 34 35 31 28 31 28 35 30 15 33 15 23 29 8 9 20 15 26 21 8 27 17 37 38 38 15 32 7 19 8 17 29 24 23 24 40 33 12 7 32 37 22 9 18 30 7 13 38 31 14 36 18 24 31 14 37 8 12 11 21 26
38 46 22 12 37 31 30 33 32 35 38 46 19 24 30 34 25 13 37 23 12 32 18 37 14 8 9 28 39 36 9 44 13 16 41 24 13 13 5 2 22 37 14 2 16 14 28 37 31 26 29 17 26 41 23 20 25 34 0 10 11 30 26 23 46 37 22 10 17 16 19 21 25 30 40 10 5 13 20 18 4 7 26 38 16 28 9 32 23 35 14 24 21 29 21 30 3 8 20 21 38 12 28 41 26 36 40 13 24 30 12 17 5 8 17 37 29 41 40 40 42 29 10 15 22 22 14 39 34 30 31 21 42 40 10 39 21 14 22 21 14 49 30 33 23 22 41 39 31 27 22
39 48 29 21 44 38 28 40 24 37 47 50 23 24 30 40 17 21 44 21 11 30 10 45 17 16 16 35 48 45 17 47 13 21 48 17 9 16 14 9 22 41 22 9 7 10 30 44 38 29 34 27 18 49 17 27 19 40 10 0 19 37 33 18 49 44 18 17 11 23 17 13 32 39 49 19 14 20 25 27 9 14 20 45 23 27 19 39 19 44 8 16 31 38 31 24 12 17 25 14 45 17 22 48 31 44 42 22 32 34 21 24 14 2 26 44 22 46 39 45 49 23 17 23 20 14 24 42 38 23 23 20 49 39 19 46 28 6 32 26 7 52 39 27 30 14 48 46 34 35 19
47 54 29 8 44 34 40 36 43 43 39 54 28 34 39 41 36 2 40 34 23 43 29 40 24 3 17 32 41 39 2 53 24 25 44 35 24 23 12 13 32 46 3 11 26 25 37 40 36 35 37 17 37 44 34 27 36 42 11 19 0 37 32 34 54 40 33 3 28 22 30 32 30 33 42 13 11 19 29 20 10 16 37 41 22 38 10 38 34 37 25 35 20 30 20 41 8 12 29 32 41 21 39 47 34 39 49 16 27 39 15 25 6 18 9 40 40 48 49 48 45 40 18 18 33 33 12 48 43 41 42 32 48 49 11 44 28 25 22 29 25 58 33 44 27 33 47 42 40 30 33
18 19 8 31 7 11 21 11 36 14 24 18 14 18 17 5 34 37 12 21 26 25 36 16 20 34 21 9 22 19 35 19 24 16 13 31 29 21 26 29 19 12 40 32 37 28 14 12 4 12 6 25 36 18 29 10 27 5 30 37 37 0 5 28 19 12 26 39 30 15 24 36 8 18 23 23 26 18 12 21 34 23 28 11 15 19 26 2 25 23 31 34 26 23 26 29 31 25 12 31 12 20 29 11 7 15 20 21 16 10 22 13 32 35 33 11 31 12 24 13 15 30 20 18 23 38 28 17 12 32 36 21 12 23 25 9 9 35 26 11 33 23 19 32 9 35 11 10 13 16 25
21 23 4 26 11 9 22 10 35 17 22 22 11 17 18 9 31 32 13 19 22 26 32 16 16 29 17 6 21 18 30 24 20 12 16 28 25 17 21 25 17 16 35 28 33 24 15 13 5 12 9 21 33 19 26 6 25 10 26 33 32 5 0 26 23 13 23 34 27 10 21 33 4 15 22 18 21 13 9 17 30 19 26 13 10 19 21 6 23 21 27 31 22 20 22 28 26 20 9 28 13 16 27 15 7 15 23 16 12 13 17 9 27 31 28 13 29 16 27 17 17 28 16 13 21 35 23 20 15 30 34 18 16 26 20 13 5 31 22 8 29 27 16 31 4 32 16 13 16 13 23
25 35 22 34 34 34 12 35 10 24 47 38 15 11 16 29 6 36 39 7 11 12 10 41 13 31 20 30 45 42 32 34 11 16 42 3 10 13 24 21 9 29 37 23 13 9 17 39 31 17 23 35 8 44 1 23 2 29 23 18 34 28 26 0 36 39 2 32 7 23 5 9 27 39 46 28 25 22 17 32 24 20 3 39 23 13 30 30 3 45 10 6 38 42 38 7 26 27 17 4 39 15 5 37 21 39 28 28 34 22 29 20 28 18 39 39 6 35 23 33 43 6 20 25 5 11 35 29 26 7 10 7 38 24 29 36 22 12 38 18 11 39 40 10 26 8 37 38 21 36 3
11 1 26 49 17 29 24 29 41 12 42 3 27 25 20 14 42 55 29 29 38 26 46 34 33 52 37 27 40 37 52 2 36 30 27 39 40 34 42 44 27 9 57 47 47 39 19 29 22 20 17 44 44 34 37 28 35 14 46 49 54 19 23 36 0 29 34 55 40 33 33 45 27 36 41 41 43 36 26 40 49 39 35 27 33 23 44 20 33 41 41 42 45 41 45 32 47 43 26 40 28 34 34 15 20 33 8 39 34 15 40 29 49 48 51 28 37 9 14 6 29 34 37 36 31 47 46 7 11 37 42 29 15 13 43 18 26 45 44 25 43 4 37 34 27 44 14 24 15 34 33
29 29 17 32 12 6 34 4 48 25 13 26 24 30 30 15 44 38 0 32 34 38 44 5 29 38 28 9 11 8 39 30 33 25 4 41 37 29 32 36 30 23 41 39 45 36 27 0 9 24 19 24 46 6 39 17 38 16 37 44 40 12 13 39 29 0 36 43 38 21 34 44 12 9 12 27 32 24 22 20 41 30 39 2 21 31 30 10 36 12 38 44 23 14 23 41 37 29 22 41 1 27 40 14 19 4 31 24 13 22 25 20 38 42 32 1 42 20 35 23 5 41 27 22 34 46 28 28 23 43 47 31 14 34 29 11 18 42 21 21 40 32 10 44 14 44 15 5 25 11 36
23 33 20 33 32 32 10 33 12 22 45 36 12 9 14 27 8 35 36 5 10 11 12 38 11 30 19 27 42 39 31 32 10 14 39 5 9 12 23 20 7 27 36 22 14 8 15 36 28 15 21 34 10 41 3 20 3 27 22 18 33 26 23 2 34 36 0 31 7 21 3 11 24 36 43 27 24 21 14 31 23 19 4 36 21 11 29 28 1 42 10 8 37 39 37 8 25 26 14 6 36 14 6 35 19 36 26 27 31 20 28 18 27 17 38 36 7 33 21 31 40 7 19 24 3 13 34 27 24 8 12 5 36 22 28 34 19 12 37 15 11 37 37 11 23 10 35 36 19 33 1
48 55 31 11 46 37 40 39 41 44 42 56 29 34 40 43 34 5 43 33 22 42 27 43 24 5 18 34 44 42 4 54 23 26 47 33 22 23 13 12 32 47 5 9 24 23 38 43 38 36 38 20 35 47 32 29 34 43 10 17 3 39 34 32 55 43 31 0 26 24 29 30 32 36 45 16 12 20 30 23 8 17 35 44 23 38 13 39 32 40 23 33 23 33 23 39 8 14 30 30 44 22 37 49 35 42 50 19 30 40 18 26 6 16 12 43 38 50 50 49 48 38 19 21 32 31 15 49 44 39 40 31 50 50 14 46 30 23 25 30 23 59 36 42 30 31 49 45 41 33 32
29 39 23 28 37 34 17 36 15 28 46 42 16 15 20 33 8 30 39 11 5 18 6 41 11 25 15 31 46 43 26 38 7 15 43 7 4 10 18 15 13 33 31 17 7 3 21 39 32 21 27 30 9 44 6 21 8 33 17 11 28 30 27 7 40 38 7 26 0 20 7 6 26 37 45 22 19 18 18 28 18 14 9 39 20 17 24 32 8 43 3 7 33 38 33 13 20 21 18 4 39 12 11 41 24 38 32 23 31 26 24 18 22 11 33 38 12 39 28 37 43 12 15 21 10 8 29 33 30 13 14 11 42 29 23 39 22 5 34 19 4 43 38 16 24 6 41 40 25 34 8
27 32 7 16 21 15 25 17 32 23 25 32 11 18 22 19 27 22 21 19 15 29 25 22 10 19 7 12 25 23 20 32 13 8 25 25 18 10 11 15 17 24 25 18 26 17 19 21 15 16 16 14 29 26 23 5 24 20 16 23 22 15 10 23 33 21 21 24 20 0 18 26 9 17 26 9 11 3 10 11 20 9 25 22 0 22 12 16 22 23 20 26 17 19 17 28 16 10 9 23 22 8 27 25 13 21 30 7 11 19 8 5 17 21 19 21 28 26 31 27 26 28 6 4 20 28 14 27 22 29 32 17 26 31 11 23 7 24 17 9 22 37 18 31 7 26 26 23 21 14 21
22 32 17 30 31 29 11 30 14 21 42 35 10 8 13 26 10 32 34 4 7 13 13 36 8 27 16 25 40 37 28 31 7 11 37 7 8 9 20 17 6 26 33 20 14 7 14 34 26 14 20 31 12 39 5 18 6 26 19 17 30 24 21 5 33 34 3 29 7 18 0 12 22 34 41 24 21 18 12 28 22 16 7 34 18 10 26 26 4 40 9 10 34 37 34 11 22 23 12 7 34 11 9 34 18 34 25 24 29 19 25 15 24 16 35 34 10 32 22 30 38 10 16 21 3 14 31 26 23 11 14 4 35 22 25 33 17 12 34 13 11 36 35 14 21 11 34 34 18 31 3
34 44 29 32 43 40 21 42 11 33 52 47 22 20 25 38 4 34 45 16 11 20 3 47 17 29 21 37 52 49 30 43 13 21 49 6 10 16 24 19 18 38 35 21 6 9 26 45 38 26 32 36 5 50 8 27 10 38 21 13 32 36 33 9 45 44 11 30 6 26 12 0 32 43 51 28 24 24 24 34 22 20 10 45 26 22 29 38 12 49 8 3 39 44 39 14 24 27 24 5 45 18 11 46 30 44 37 29 37 31 30 24 26 14 37 44 10 44 31 42 49 12 21 27 14 2 34 38 35 10 10 16 47 32 29 45 28 7 40 25 7 48 44 14 30 1 46 46 30 40 12
25 27 5 23 13 6 25 8 37 21 19 26 12 19 22 13 32 29 12 20 21 29 31 13 16 27 16 3 18 15 28 27 20 12 16 29 24 16 20 24 18 20 32 27 32 23 19 12 6 16 13 17 34 17 27 5 26 13 25 32 30 8 4 27 27 12 24 32 26 9 22 32 0 12 19 15 20 12 11 13 29 18 27 13 9 22 18 8 24 18 26 32 18 16 18 29 25 17 10 29 13 15 28 17 11 12 27 13 8 17 14 8 26 30 25 12 30 20 31 21 17 29 15 10 22 34 20 24 19 31 35 19 18 30 17 14 6 30 18 10 28 31 13 32 2 32 18 14 20 9 24
36 36 17 25 19 7 37 7 49 32 8 33 24 31 33 22 44 31 9 32 32 41 42 7 27 31 23 9 8 6 32 37 30 24 13 41 35 27 25 30 30 30 34 32 42 34 30 9 14 27 24 16 46 11 39 16 38 23 30 39 33 18 15 39 36 9 36 36 37 17 34 43 12 0 9 20 25 19 23 13 34 25 39 11 17 34 23 16 36 6 37 43 14 5 14 41 30 22 22 40 10 25 40 22 22 6 38 17 6 28 18 19 31 37 24 10 42 27 42 30 13 41 22 15 34 45 21 35 30 43 47 31 23 41 22 19 17 40 12 21 39 39 1 44 13 43 23 14 31 3 36
41 41 25 34 24 13 45 12 58 37 3 38 32 39 40 27 52 40 12 40 42 48 52 7 37 40 33 16 1 4 41 42 40 32 14 48 45 36 35 40 37 35 43 42 52 43 37 12 19 34 29 25 53 7 46 24 45 28 40 49 42 23 22 46 41 12 43 45 45 26 41 51 19 9 0 29 34 28 30 22 43 34 46 14 26 41 32 21 43 5 45 51 22 12 22 48 39 31 29 48 13 34 47 26 29 8 43 26 15 33 27 27 40 46 33 13 49 32 47 35 12 48 31 24 41 53 30 40 35 50 54 38 26 46 31 23 25 49 20 29 47 44 9 51 21 51 27 17 36 12 43
36 41 16 7 29 21 32 23 37 32 27 41 18 25 29 28 31 13 27 26 17 36 27 27 16 11 8 18 28 26 12 41 17 15 31 29 19 15 6 10 24 33 16 12 25 19 27 27 22 24 25 8 31 31 28 13 30 28 10 19 13 23 18 28 41 27 27 16 22 9 24 28 15 20 29 0 5 6 18 7 14 8 31 28 9 29 3 23 28 24 21 29 12 18 12 35 10 2 17 26 28 13 33 32 21 26 38 3 14 27 2 13 11 17 11 27 34 34 39 35 32 34 8 5 27 30 7 35 30 35 36 24 33 39 2 29 15 23 13 17 22 45 20 38 14 28 33 29 29 17 27
36 43 18 9 32 26 29 28 34 32 32 43 17 23 28 30 27 12 32 23 14 33 22 32 13 8 6 23 33 31 9 42 14 14 36 26 15 12 1 5 21 35 14 7 20 16 26 32 26 24 26 13 28 36 25 16 27 31 5 14 11 26 21 25 43 32 24 12 19 11 21 24 20 25 34 5 0 8 18 12 9 5 28 33 11 27 5 27 25 29 17 26 17 23 17 32 5 3 18 23 33 10 30 36 23 31 38 8 19 28 7 14 6 12 14 32 31 37 38 37 37 31 7 10 24 25 10 37 32 32 33 21 37 38 5 34 18 18 18 18 17 47 25 35 18 25 37 34 29 22 24
29 35 10 13 24 18 26 20 32 26 27 35 12 19 23 22 26 19 24 20 13 30 23 25 10 16 4 15 27 25 17 35 12 9 28 25 16 9 8 12 18 27 22 15 23 15 21 24 18 18 19 13 27 29 23 8 24 23 13 20 19 18 13 22 36 24 21 20 18 3 18 24 12 19 28 6 8 0 12 10 17 6 25 25 3 23 9 19 22 25 18 25 16 19 16 29 13 7 11 22 25 7 27 28 16 24 32 6 12 21 7 7 14 18 17 24 28 29 33 30 29 28 3 3 21 26 13 30 25 29 32 18 29 33 8 26 10 21 16 11 20 40 19 32 10 24 29 26 23 15 21
17 25 6 25 19 18 15 19 25 14 31 25 2 8 12 15 22 30 23 10 14 19 24 25 8 26 12 14 29 26 27 24 12 4 25 19 17 9 17 18 8 17 32 21 25 16 9 23 14 6 9 24 24 28 17 7 16 15 20 25 29 12 9 17 26 22 14 30 18 10 12 24 11 23 30 18 18 12 0 21 23 13 17 22 10 12 21 14 14 29 19 22 27 26 27 19 22 18 1 19 22 8 18 23 6 23 20 17 18 10 18 5 24 23 29 22 20 21 21 20 26 19 12 14 12 26 24 19 14 21 25 9 24 21 20 21 5 23 27 1 21 29 24 22 9 23 23 22 11 19 14
36 40 16 12 26 15 36 16 42 32 19 39 22 29 33 26 36 18 20 30 23 40 33 20 20 18 13 14 21 19 19 40 22 19 24 35 25 19 13 18 28 33 21 20 32 25 30 20 19 27 25 4 37 24 33 14 34 26 18 27 20 21 17 32 40 20 31 23 28 11 28 34 13 13 22 7 12 10 21 0 21 15 35 21 11 33 10 21 32 17 27 35 6 11 6 39 17 9 20 32 21 17 37 30 22 19 39 5 7 28 5 16 18 24 12 20 38 33 42 34 25 38 13 7 31 36 8 36 31 39 42 28 31 41 9 27 16 30 6 20 29 44 13 42 13 34 31 23 31 10 31
41 49 26 13 41 35 33 37 33 38 41 50 22 27 33 38 26 12 41 26 15 35 19 41 17 7 13 32 42 40 8 47 16 19 45 25 14 16 9 5 25 40 13 2 16 15 31 41 35 29 32 20 27 45 24 24 26 38 4 9 10 34 30 24 49 41 23 8 18 20 22 22 29 34 43 14 9 17 23 21 0 11 27 42 20 31 12 36 24 38 15 25 24 32 24 31 4 12 23 22 42 15 29 45 29 40 43 17 28 33 16 21 5 8 17 41 30 44 43 43 46 30 14 19 25 23 16 42 37 31 32 24 46 43 12 43 25 15 25 24 15 52 34 34 27 23 45 43 34 31 24
30 38 15 14 30 24 24 26 29 27 33 39 12 18 23 27 22 17 30 18 9 28 19 31 8 13 2 21 33 31 14 37 9 9 34 21 11 7 4 6 16 30 19 9 18 11 21 30 24 19 22 16 23 35 20 13 22 27 7 14 16 23 19 20 39 30 19 17 14 9 16 20 18 25 34 8 5 6 13 15 11 0 23 31 9 22 10 25 20 31 13 21 20 25 20 27 9 7 13 18 31 5 25 34 19 30 33 10 18 23 10 10 11 12 19 30 26 34 33 33 35 26 3 9 19 22 15 32 27 27 28 16 35 33 9 32 14 16 21 14 14 42 25 30 16 20 34 32 24 21 19
24 34 23 37 34 35 11 36 8 23 48 37 15 11 15 29 7 39 39 7 14 10 12 41 15 34 23 30 45 42 35 33 14 17 42 4 13 16 27 24 9 28 40 26 15 12 16 39 31 17 23 38 9 44 3 23 1 29 26 20 37 28 26 3 35 39 4 35 9 25 7 10 27 39 46 31 28 25 17 35 27 23 0 39 25 12 33 30 3 45 12 7 41 42 41 4 29 30 17 6 39 18 2 37 21 39 27 31 34 21 32 21 31 20 42 39 3 34 22 32 43 3 23 28 5 12 38 28 25 4 8 8 38 22 32 36 22 14 41 18 13 38 40 7 26 9 37 38 20 36 4
27 27 17 33 10 7 33 5 47 23 15 24 24 29 29 13 44 39 2 32 34 37 44 7 29 39 29 10 13 10 40 28 33 25 3 41 37 29 33 37 30 21 42 40 45 36 26 2 8 23 18 25 46 7 39 18 38 14 38 45 41 11 13 39 27 2 36 44 39 22 34 45 13 11 14 28 33 25 22 21 42 31 39 0 22 30 31 9 36 14 39 44 24 16 24 40 38 30 22 41 1 28 40 12 18 6 29 25 14 21 26 21 39 43 33 1 42 18 33 21 4 41 28 23 34 47 29 26 21 43 47 31 12 32 30 9 18 43 23 21 41 30 12 43 15 45 13 3 24 12 36
27 32 7 16 21 15 25 17 32 23 25 32 11 18 22 19 27 22 21 19 15 29 25 22 10 19 7 12 25 23 20 32 13 8 25 25 18 10 11 15 17 24 25 18 26 17 19 21 15 16 16 14 29 26 23 5 24 20 16 23 22 15 10 23 33 21 21 23 20 0 18 26 9 17 26 9 11 3 10 11 20 9 25 22 0 22 12 16 22 23 20 26 17 19 17 28 16 10 9 23 22 8 27 25 13 21 30 7 11 19 8 5 17 21 19 21 28 26 31 27 26 28 6 4 20 28 14 27 22 29 32 17 26 31 11 23 7 24 17 9 22 37 18 31 7 26 26 23 21 14 21
12 22 17 35 23 28 3 29 19 11 41 25 11 4 3 19 19 39 31 6 16 7 23 35 14 35 22 25 40 37 36 21 15 14 32 16 18 15 26 26 6 16 41 29 24 17 5 31 22 7 13 36 21 37 14 19 12 18 28 27 38 19 19 13 23 31 11 38 17 22 10 22 22 34 41 29 27 23 12 33 31 22 12 30 22 0 31 21 10 40 19 19 39 38 39 10 30 28 13 17 31 17 11 26 12 34 15 29 30 10 30 17 32 26 40 30 14 22 12 20 34 12 21 26 8 24 36 16 13 14 19 7 27 12 30 25 17 22 39 13 21 26 35 13 21 21 26 29 8 31 10
38 44 19 4 32 24 34 26 39 35 29 44 21 27 32 31 32 10 30 28 19 38 27 30 18 8 10 21 31 29 9 44 19 18 34 31 20 17 6 10 26 36 13 11 25 21 30 30 25 27 28 8 33 34 30 16 32 31 9 19 10 26 21 30 44 30 29 13 24 12 26 29 18 23 32 3 5 9 21 10 12 10 33 31 12 31 0 26 30 27 22 31 12 21 12 37 8 3 20 28 31 15 35 35 24 29 41 6 17 30 5 16 8 17 9 30 36 37 42 38 35 36 10 8 29 30 5 38 33 37 38 26 36 42 1 32 18 23 13 20 22 48 23 40 17 30 36 32 32 20 29
20 20 10 31 5 9 23 9 38 16 22 19 16 20 19 6 36 37 10 23 28 27 38 14 22 35 23 7 20 17 36 21 26 18 11 33 31 23 27 31 21 14 40 34 39 30 16 10 2 14 8 25 38 16 31 12 29 7 32 39 38 2 6 30 20 10 28 39 32 16 26 38 8 16 21 23 27 19 14 21 36 25 30 9 16 21 26 0 27 21 33 36 25 21 25 31 32 25 14 33 10 22 31 9 9 13 22 21 14 12 22 15 33 37 33 9 33 13 26 14 13 32 22 18 25 40 28 19 14 34 38 23 10 25 25 7 11 37 24 13 35 24 17 34 9 37 10 8 15 14 27
22 32 20 34 31 32 9 33 11 21 45 35 12 8 13 26 9 36 36 4 11 10 13 38 12 31 20 27 42 39 32 31 11 14 39 6 10 13 24 21 6 26 37 23 15 9 14 36 28 14 20 35 11 41 4 20 2 26 23 19 34 25 23 3 33 36 1 32 8 22 4 12 24 36 43 28 25 22 14 32 24 20 3 36 22 10 30 27 0 42 11 9 38 39 38 7 26 27 14 7 36 15 5 34 18 36 25 28 31 19 29 18 28 18 39 36 6 32 20 30 40 6 20 25 2 14 35 26 23 7 11 5 35 21 29 33 19 13 38 15 12 36 37 10 23 11 34 35 18 33 1
41 41 23 29 24 12 43 12 55 37 2 38 30 37 39 27 50 35 12 38 38 47 48 7 33 35 29 15 4 4 36 42 36 30 15 47 41 33 30 35 36 35 38 37 48 40 36 12 19 33 29 20 52 9 45 22 44 28 35 44 37 23 21 45 41 12 42 40 43 23 40 49 18 6 5 24 29 25 29 17 38 31 45 14 23 40 27 21 42 0 43 49 17 7 17 47 34 26 28 46 13 31 46 26 28 8 43 22 12 33 22 25 35 41 28 13 48 32 47 35 14 47 28 21 40 51 25 40 35 49 53 37 26 46 26 23 23 46 15 27 45 44 5 50 19 49 27 17 36 9 42
31 40 23 25 38 34 20 35 18 29 45 43 17 16 22 34 11 27 39 13 5 21 6 41 11 22 14 30 45 42 23 39 7 15 43 10 2 10 16 12 14 34 28 14 6 3 22 39 32 22 28 29 12 44 9 21 11 34 14 8 25 31 27 10 41 38 10 23 3 20 9 8 26 37 45 21 17 18 19 27 15 13 12 39 20 19 22 33 11 43 0 10 32 37 32 16 17 20 19 7 39 12 14 42 25 38 34 22 30 27 23 18 19 8 30 38 15 40 31 38 43 15 15 21 12 10 27 34 31 16 17 13 43 31 21 40 22 4 33 20 2 44 37 19 24 8 42 40 26 33 11
31 41 27 35 40 39 18 40 8 30 52 44 20 17 22 35 1 37 44 13 12 16 6 46 17 32 22 35 50 47 33 40 13 20 47 3 11 16 25 22 15 35 38 24 9 10 23 44 36 23 29 37 2 49 5 27 7 35 24 16 35 34 31 6 42 44 8 33 7 26 10 3 32 43 51 29 26 25 22 35 25 21 7 44 26 19 31 36 9 49 10 0 40 44 40 10 27 28 22 3 44 18 8 43 27 44 34 30 37 28 31 24 29 17 40 44 7 41 28 39 48 9 22 28 11 5 36 35 32 7 7 13 44 29 30 42 27 10 41 23 10 45 44 11 30 2 43 44 27 40 9
42 45 22 12 30 18 42 19 48 38 19 44 28 35 39 31 42 18 23 36 29 46 39 20 26 18 18 18 21 19 19 45 27 25 27 40 30 25 17 22 34 38 21 23 37 30 36 23 23 33 30 4 42 24 38 20 40 31 21 31 20 26 22 38 45 23 37 23 33 17 34 39 18 14 22 12 17 16 27 6 24 20 41 24 17 39 12 25 38 17 32 40 0 10 0 45 20 14 26 37 24 23 43 34 28 20 44 10 11 34 10 22 20 29 11 23 44 38 48 39 27 44 18 13 37 41 8 41 36 45 47 34 35 47 12 31 22 35 2 26 34 49 13 48 18 39 35 26 37 12 37
41 41 21 22 24 12 41 12 51 37 9 38 28 35 38 27 46 28 14 36 33 45 43 12 29 28 23 14 11 9 29 42 32 26 18 44 35 29 24 29 34 35 31 31 42 35 35 14 19 32 29 13 47 14 42 19 41 28 29 38 30 23 20 42 41 14 39 33 38 19 37 44 16 5 12 18 23 19 26 11 32 25 42 16 19 38 21 21 39 7 37 44 10 0 10 44 28 20 25 41 15 26 43 27 27 11 43 16 8 33 16 22 29 35 21 15 45 32 47 35 18 44 22 16 37 45 18 40 35 46 50 34 28 46 20 24 21 40 8 25 39 44 5 47 17 43 28 19 36 7 39
42 45 22 12 30 18 42 19 48 38 19 44 28 35 39 31 42 18 23 36 29 46 39 20 26 18 18 18 21 19 19 45 27 25 27 40 30 25 17 22 34 38 21 23 37 30 36 23 23 33 30 4 42 24 38 20 40 31 21 31 20 26 22 38 45 23 37 23 33 17 34 39 18 14 22 12 17 16 27 6 24 20 41 24 17 39 12 25 38 17 32 40 0 10 0 45 20 14 26 37 24 23 43 34 28 20 44 10 11 34 10 22 20 29 11 23 44 38 48 39 27 44 18 13 37 41 8 41 36 45 47 34 35 47 12 31 22 35 2 26 34 49 13 48 18 39 35 26 37 12 37
21 31 25 41 33 37 8 38 9 20 50 34 17 12 13 29 10 43 41 9 18 6 16 43 19 38 27 32 47 44 39 30 18 20 42 8 17 20 31 28 11 25 44 30 19 16 15 41 32 17 23 42 12 46 7 25 5 28 30 24 41 29 28 7 32 41 8 39 13 28 11 14 29 41 48 35 32 29 19 39 31 27 4 40 28 10 37 31 7 47 16 10 45 44 45 0 33 34 19 10 41 22 2 36 22 41 24 35 36 20 36 23 35 24 46 40 5 31 18 29 44 2 27 32 8 15 42 25 22 5 10 11 37 19 36 35 24 18 45 20 17 35 42 3 28 12 35 39 18 38 8
39 47 23 9 37 31 32 33 35 36 37 48 21 26 32 35 28 10 37 26 15 35 21 37 16 5 10 28 38 36 6 46 16 18 41 27 16 15 5 5 24 39 11 3 18 17 30 37 31 28 30 16 29 41 26 21 28 35 3 12 8 31 26 26 47 37 25 8 20 16 22 24 25 30 39 10 5 13 22 17 4 9 29 38 16 30 8 32 26 34 17 27 20 28 20 33 0 8 22 24 38 14 31 41 27 36 42 13 24 32 12 18 2 10 14 37 32 42 42 41 42 32 11 15 25 25 12 41 36 33 34 24 42 42 8 39 22 17 21 22 17 51 30 36 23 25 42 39 33 27 25
35 42 17 7 31 23 31 25 36 32 29 42 18 24 29 29 29 12 29 25 16 35 25 29 15 9 7 20 30 28 10 42 16 15 33 28 18 14 4 8 23 34 15 10 23 18 27 29 24 24 26 10 30 33 27 15 29 30 8 17 12 25 20 27 43 29 26 14 21 10 23 27 17 22 31 2 3 7 18 9 12 7 30 30 10 28 3 25 27 26 20 28 14 20 14 34 8 0 18 25 30 12 32 34 23 28 38 5 16 28 4 14 9 15 12 29 33 36 39 37 34 33 7 7 26 28 8 37 32 34 35 23 35 39 2 31 17 21 15 18 20 47 22 37 16 27 35 31 29 19 26
18 25 5 24 19 17 16 18 26 15 30 25 2 9 13 15 22 30 22 10 14 20 24 24 8 26 12 13 28 25 27 25 12 4 25 19 17 9 17 18 8 17 32 21 25 16 10 22 14 7 9 23 24 27 17 6 16 15 20 25 29 12 9 17 26 22 14 30 18 9 12 24 10 22 29 17 18 11 1 20 23 13 17 22 9 13 20 14 14 28 19 22 26 25 26 19 22 18 0 19 22 8 18 23 6 22 21 16 17 11 17 4 24 23 28 22 20 21 22 20 26 19 11 13 12 26 23 20 15 21 25 9 24 22 19 21 5 23 26 1 21 30 23 22 9 23 23 22 12 19 14
29 39 24 32 38 36 16 37 11 28 49 42 17 15 20 33 4 34 41 11 9 15 6 43 14 29 19 32 47 44 30 38 10 17 44 3 8 13 22 19 13 33 35 21 9 7 21 41 33 21 27 34 5 46 3 24 5 33 21 14 32 31 28 4 40 41 6 30 4 23 7 5 29 40 48 26 23 22 19 32 22 18 6 41 23 17 28 33 7 46 7 3 37 41 37 10 24 25 19 0 41 15 8 41 25 41 32 27 34 26 28 21 26 14 37 41 8 39 27 37 45 9 19 25 9 7 33 33 30 9 10 11 42 28 27 40 24 8 38 20 7 43 41 13 27 4 41 41 25 37 7
28 28 17 33 11 7 33 5 48 24 14 25 24 30 29 14 44 39 1 32 34 37 44 6 29 39 29 10 12 9 40 29 33 25 3 41 37 29 33 37 30 22 42 40 45 36 26 1 9 24 18 25 46 6 39 18 38 15 38 45 41 12 13 39 28 1 36 44 39 22 34 45 13 10 13 28 33 25 22 21 42 31 39 1 22 31 31 10 36 13 39 44 24 15 24 41 38 30 22 41 0 28 40 13 19 5 30 25 14 22 26 21 39 43 33 1 42 19 34 22 4 41 28 23 34 47 29 27 22 43 47 31 13 33 30 10 18 43 22 21 41 31 11 44 15 45 14 4 25 12 36
25 33 12 19 27 22 19 23 25 22 33 33 7 13 18 23 19 22 27 13 7 23 17 29 3 18 5 18 33 30 19 32 5 4 31 18 10 2 9 10 11 25 24 13 18 9 16 27 21 14 17 20 21 32 16 10 17 23 12 17 21 20 16 15 34 27 14 22 12 8 11 18 15 25 34 13 10 7 8 17 15 5 18 28 8 17 15 22 15 31 12 18 23 26 23 22 14 12 8 15 28 0 20 31 14 27 28 13 19 18 14 7 16 15 24 27 21 29 28 28 32 21 5 10 14 20 20 27 22 22 25 11 32 28 14 29 11 16 23 9 14 37 26 25 13 18 31 29 19 22 14
23 33 24 39 34 36 10 37 7 22 49 36 16 12 14 30 8 41 40 8 16 8 14 42 17 36 25 31 46 43 37 32 16 19 43 6 15 18 29 26 10 27 42 28 17 14 16 40 32 18 24 40 10 45 5 24 3 29 28 22 39 29 27 5 34 40 6 37 11 27 9 11 28 40 47 33 30 27 18 37 29 25 2 40 27 11 35 31 5 46 14 8 43 43 43 2 31 32 18 8 40 20 0 37 22 40 26 33 35 21 34 22 33 22 44 40 3 33 20 31 44 1 25 30 6 13 40 27 24 3 8 9 38 21 34 36 23 16 43 19 15 37 41 5 27 10 37 39 19 37 6
19 15 19 41 4 16 28 15 45 16 27 12 25 26 23 8 43 47 14 30 37 32 47 19 31 45 32 16 25 22 46 16 35 27 12 40 40 32 37 40 28 12 50 43 48 39 21 14 11 20 14 34 45 19 38 21 36 8 41 48 47 11 15 37 15 14 35 49 41 25 34 46 17 22 26 32 36 28 23 30 45 34 37 12 25 26 35 9 34 26 42 43 34 27 34 36 41 34 23 41 13 31 37 0 17 18 18 30 23 16 31 24 42 46 42 13 40 6 25 9 14 37 31 27 32 48 37 15 14 40 45 30 1 23 34 3 20 46 33 22 44 18 23 39 18 45 1 9 18 22 34
14 19 6 29 13 16 15 17 29 10 29 19 8 11 11 9 27 35 19 14 20 19 30 23 14 32 17 13 28 25 32 19 18 10 20 24 23 15 22 24 12 11 37 27 31 22 8 19 10 5 3 26 29 25 22 8 20 9 26 31 34 7 7 21 20 19 19 35 24 13 18 30 11 22 29 21 23 16 6 22 29 19 21 18 13 12 24 9 18 28 25 27 28 27 28 22 27 23 6 25 19 14 22 17 0 22 17 19 19 6 20 9 29 29 31 18 24 15 20 14 22 23 17 16 16 32 26 14 9 25 29 14 18 19 23 15 6 29 28 5 27 24 23 25 10 29 17 17 9 20 18
33 33 18 31 16 6 36 5 50 29 9 30 25 32 32 19 45 37 4 33 34 40 44 1 29 37 28 9 7 4 38 34 33 25 7 41 37 29 31 35 30 27 40 38 45 36 29 4 12 27 21 22 46 5 39 17 38 20 36 44 39 15 15 39 33 4 36 42 38 21 34 44 12 6 8 26 31 24 23 19 40 30 39 6 21 34 29 13 36 8 38 44 20 11 20 41 36 28 22 41 5 27 40 18 22 0 35 23 12 25 24 20 37 42 30 5 42 24 39 27 7 41 27 21 34 46 27 32 27 43 47 31 18 38 28 15 18 42 18 22 40 36 7 44 14 44 19 9 28 9 36
3 7 23 46 19 31 16 31 33 7 44 11 21 18 12 16 34 51 31 21 31 18 38 36 27 47 32 29 42 39 47 6 29 24 29 31 33 28 37 38 20 8 52 41 39 32 13 31 24 14 14 43 36 36 29 25 27 15 40 42 49 20 23 28 8 31 26 50 32 30 25 37 27 38 43 38 38 32 20 39 43 33 27 29 30 15 41 22 25 43 34 34 44 43 44 24 42 38 21 32 30 28 26 18 17 35 0 36 35 11 37 25 44 41 48 30 29 12 6 9 31 26 32 33 23 39 43 3 8 29 34 22 18 5 40 21 23 37 44 21 36 11 39 26 26 36 17 26 9 36 25
34 39 14 9 26 18 32 20 37 30 24 39 18 25 29 26 31 15 24 26 18 36 28 24 16 14 8 15 25 23 15 39 17 15 28 30 20 15 8 13 24 31 18 15 27 20 26 24 19 23 23 7 32 28 28 11 30 26 13 22 16 21 16 28 39 24 27 19 23 7 24 29 13 17 26 3 8 6 17 5 17 10 31 25 7 29 6 21 28 22 22 30 10 16 10 35 13 5 16 27 25 13 33 30 19 23 36 0 11 25 1 12 14 20 12 24 34 32 38 33 29 34 8 3 27 31 7 33 28 35 37 24 31 38 5 27 13 25 11 16 24 43 17 38 12 29 31 26 28 14 27
33 34 13 19 19 8 33 9 43 29 14 33 19 26 30 20 38 25 13 27 26 37 36 13 21 25 16 7 14 12 26 35 24 18 17 36 28 21 19 23 25 28 28 26 35 28 27 13 12 24 21 11 40 17 34 11 33 21 24 32 27 16 12 34 34 13 31 30 31 11 29 37 8 6 15 14 19 12 18 7 28 18 34 14 11 30 17 14 31 12 30 37 11 8 11 36 24 16 17 34 14 19 35 23 19 12 35 11 0 25 12 14 25 30 19 13 37 27 39 28 18 36 15 9 29 38 15 32 27 38 42 26 24 38 16 20 13 33 10 17 32 38 7 39 9 36 24 16 28 3 31
8 14 12 35 13 21 12 21 28 4 34 16 11 11 7 9 28 40 22 15 23 16 32 26 17 36 22 19 32 29 37 14 21 14 23 25 25 18 27 28 13 7 42 31 33 24 5 22 14 5 4 32 30 28 23 14 21 8 30 34 39 10 13 22 15 22 20 40 26 19 19 31 17 28 33 27 28 21 10 28 33 23 21 21 19 10 30 12 19 33 27 28 34 33 34 20 32 28 11 26 22 18 21 16 6 25 11 25 25 0 26 14 34 32 37 21 24 13 14 11 25 21 22 22 17 33 32 9 4 24 29 15 17 13 29 15 12 31 34 10 29 19 29 23 16 30 16 20 3 26 19
35 40 15 8 27 19 33 21 38 31 24 40 19 26 30 27 32 14 25 27 19 37 29 25 17 13 9 16 26 24 14 40 18 16 29 31 21 16 8 12 25 32 17 14 27 21 27 25 20 24 24 6 33 29 29 12 31 27 12 21 15 22 17 29 40 25 28 18 24 8 25 30 14 18 27 2 7 7 18 5 16 10 32 26 8 30 5 22 29 22 23 31 10 16 10 36 12 4 17 28 26 14 34 31 20 24 37 1 12 26 0 13 13 19 11 25 35 33 39 34 30 35 9 4 28 32 6 34 29 36 38 25 32 39 4 28 14 25 11 17 24 44 18 39 13 30 32 27 29 15 28
22 28 5 20 20 15 20 16 29 19 28 28 6 13 17 17 25 26 20 14 13 24 23 22 8 22 8 11 26 23 23 28 11 4 24 22 16 8 13 16 12 20 28 19 24 15 14 20 14 11 12 19 27 25 20 3 20 17 17 24 25 13 9 20 29 20 18 26 18 5 15 24 8 19 27 13 14 7 5 16 21 10 21 21 5 17 16 15 18 25 18 24 22 22 22 23 18 14 4 21 21 7 22 24 9 20 25 12 14 14 13 0 20 22 24 20 24 24 26 23 25 23 8 9 16 26 19 23 18 25 29 13 25 26 15 22 4 22 22 4 20 33 20 26 6 24 24 22 16 16 17
41 49 24 8 38 32 34 34 37 38 37 49 23 28 34 36 30 8 38 28 17 37 23 38 18 3 12 29 39 37 4 48 18 20 42 29 18 17 7 7 26 41 9 5 20 19 32 38 32 30 32 16 31 42 28 22 30 37 5 14 6 32 27 28 49 38 27 6 22 17 24 26 26 31 40 11 6 14 24 18 5 11 31 39 17 32 8 33 28 35 19 29 20 29 20 35 2 9 24 26 39 16 33 42 29 37 44 14 25 34 13 20 0 12 13 38 34 43 44 43 43 34 13 16 27 27 12 43 38 35 36 26 43 44 9 40 24 19 21 24 19 53 31 38 24 27 43 40 35 28 27
38 47 27 19 42 36 27 38 25 36 45 48 21 23 29 38 18 20 42 20 10 29 11 43 15 15 14 33 45 43 16 46 12 19 46 17 8 14 12 7 21 39 21 7 8 9 29 42 36 28 32 25 19 47 17 25 19 38 8 2 18 35 31 18 48 42 17 16 11 21 16 14 30 37 46 17 12 18 23 24 8 12 20 43 21 26 17 37 18 41 8 17 29 35 29 24 10 15 23 14 43 15 22 46 29 42 41 20 30 32 19 22 12 0 24 42 22 44 38 43 47 23 15 21 19 15 22 41 36 23 24 19 47 38 17 44 26 7 30 24 7 51 37 27 28 15 46 44 33 33 18
46 51 26 5 38 27 43 28 48 42 30 51 29 36 40 38 41 7 32 37 28 47 35 31 27 10 19 26 32 30 10 51 28 26 36 40 29 26 15 18 35 43 10 17 32 30 38 32 31 35 35 8 42 35 39 23 41 38 17 26 9 33 28 39 51 32 38 12 33 19 35 37 25 24 33 11 14 17 29 12 17 19 42 33 19 40 9 33 39 28 30 40 11 21 11 46 14 12 28 37 33 24 44 42 31 30 48 12 19 37 11 24 13 24 0 32 45 44 50 45 36 45 19 15 38 38 5 45 40 46 47 35 43 50 10 39 25 31 13 28 30 55 24 49 24 38 43 35 40 21 38
28 28 17 32 11 6 32 4 47 24 14 25 24 29 28 14 44 38 1 32 33 36 43 6 28 38 28 9 12 9 39 29 32 24 4 41 36 28 32 36 30 22 41 39 44 35 25 1 8 23 17 24 46 7 39 17 38 15 37 44 40 11 13 39 28 1 36 43 38 21 34 44 12 10 13 27 32 24 22 20 41 30 39 1 21 30 30 9 36 13 38 44 23 15 23 40 37 29 22 41 1 27 40 13 18 5 30 24 13 21 25 20 38 42 32 0 42 19 34 22 5 41 27 22 34 46 28 27 22 43 47 31 13 33 29 10 17 42 22 21 40 31 11 43 14 44 14 4 24 11 36
26 36 26 40 37 38 13 39 5 25 51 39 18 14 17 32 6 42 42 10 17 11 13 44 18 37 26 33 48 45 38 35 17 20 45 5 16 19 30 27 12 30 43 29 16 15 19 42 34 20 26 41 7 47 6 26 4 32 29 22 40 31 29 6 37 42 7 38 12 28 10 10 30 42 49 34 31 28 20 38 30 26 3 42 28 14 36 33 6 48 15 7 44 45 44 5 32 33 20 8 42 21 3 40 24 42 29 34 37 24 35 24 34 22 45 42 0 36 23 34 46 3 26 31 8 11 41 30 27 1 5 11 41 24 35 39 25 16 44 21 15 40 43 5 29 9 40 41 22 39 7
13 9 19 42 8 21 23 20 40 11 33 6 23 24 19 7 41 48 20 28 35 27 45 25 29 45 32 20 31 28 46 10 33 25 18 38 38 30 37 39 26 6 51 42 46 37 18 20 15 18 12 37 43 25 36 21 34 7 41 46 48 12 16 35 9 20 33 50 39 26 32 44 20 27 32 34 37 29 21 33 44 34 34 18 26 22 37 13 32 32 40 41 38 32 38 31 42 36 21 39 19 29 33 6 15 24 12 32 27 13 33 24 43 44 44 19 36 0 18 3 20 33 31 29 30 46 39 9 9 36 41 28 6 17 36 9 20 44 37 20 42 12 28 34 20 43 5 15 14 27 32
6 14 26 46 24 35 11 35 27 10 48 18 21 16 10 20 28 51 35 18 28 12 33 40 26 47 32 33 46 43 47 12 27 24 34 26 30 27 37 38 18 13 52 41 36 29 13 35 28 15 18 45 30 40 24 28 22 19 40 39 49 24 27 23 14 35 21 50 28 31 22 31 31 42 47 39 38 33 21 42 43 33 22 33 31 12 42 26 20 47 31 28 48 47 48 18 42 39 22 27 34 28 20 25 20 39 6 38 39 14 39 26 44 38 50 34 23 18 0 15 36 20 32 35 19 33 45 9 12 23 28 19 24 1 41 26 26 33 48 22 32 17 43 20 30 30 23 31 11 40 21
10 6 20 43 11 23 21 23 38 9 36 5 22 22 17 8 39 49 23 26 34 25 43 28 28 46 31 21 34 31 46 7 32 24 21 36 36 29 36 38 24 4 51 41 44 35 16 23 16 16 11 38 41 28 34 22 32 8 40 45 48 13 17 33 6 23 31 49 37 27 30 42 21 30 35 35 37 30 20 34 43 33 32 21 27 20 38 14 30 35 38 39 39 35 39 29 41 37 20 37 22 28 31 9 14 27 9 33 28 11 34 23 43 43 45 22 34 3 15 0 23 31 31 30 28 44 40 6 7 34 39 26 9 14 37 12 20 42 38 19 40 10 31 32 21 41 8 18 12 28 30
30 29 21 37 12 11 36 9 51 27 13 26 28 33 32 16 48 43 5 36 38 40 48 7 33 43 33 14 11 10 44 30 37 29 2 45 41 33 37 41 34 23 46 44 49 40 29 5 12 27 21 28 50 5 43 22 42 17 42 49 45 15 17 43 29 5 40 48 43 26 38 49 17 13 12 32 37 29 26 25 46 35 43 4 26 34 35 13 40 14 43 48 27 18 27 44 42 34 26 45 4 32 44 14 22 7 31 29 18 25 30 25 43 47 36 5 46 20 36 23 0 45 32 27 38 51 33 28 24 47 51 35 14 35 34 11 22 47 25 25 45 32 14 47 19 49 15 5 28 15 40
23 33 25 40 35 37 10 38 7 22 50 36 17 12 14 30 8 42 41 9 17 8 15 43 18 37 26 32 47 44 38 32 17 20 44 7 16 19 30 27 11 27 43 29 18 15 17 41 33 18 24 41 10 46 6 25 4 29 29 23 40 30 28 6 34 41 7 38 12 28 10 12 29 41 48 34 31 28 19 38 30 26 3 41 28 12 36 32 6 47 15 9 44 44 44 2 32 33 19 9 41 21 1 37 23 41 26 34 36 21 35 23 34 23 45 41 3 33 20 31 45 0 26 31 7 13 41 27 24 3 8 10 38 21 35 36 24 17 44 20 16 37 42 4 28 11 37 40 19 38 7
29 36 12 14 27 21 24 23 29 26 30 36 11 17 22 24 23 19 27 18 10 28 20 28 8 15 1 18 30 28 16 36 9 8 31 22 13 7 6 9 16 28 21 12 20 12 20 27 21 18 20 15 24 32 20 10 22 24 10 17 18 20 16 20 37 27 19 19 15 6 16 21 15 22 31 8 7 3 12 13 14 3 23 28 6 21 10 22 20 28 15 22 18 22 18 27 11 7 11 19 28 5 25 31 17 27 32 8 15 22 9 8 13 15 19 27 26 31 32 31 32 26 0 6 19 23 15 31 26 27 29 16 32 32 9 29 11 18 19 12 17 41 22 30 13 21 31 29 23 18 19
30 35 10 12 23 16 29 18 35 26 23 35 15 22 26 22 29 18 22 23 16 33 26 22 13 16 7 13 23 21 17 35 15 12 26 28 19 12 10 14 21 27 21 17 26 18 23 22 16 20 19 10 30 26 26 8 27 23 15 23 18 18 13 25 36 22 24 21 21 4 21 27 10 15 24 5 10 3 14 7 19 9 28 23 4 26 8 18 25 21 21 28 13 16 13 32 15 7 13 25 23 10 30 27 16 21 33 3 9 22 4 9 16 21 15 22 31 29 35 30 27 31 6 0 24 29 10 30 25 32 35 21 28 35 7 24 10 24 13 13 23 40 16 35 9 27 28 24 25 12 24
20 30 18 33 29 30 8 31 13 19 43 33 10 6 11 24 11 35 34 2 10 10 15 36 11 30 19 25 40 37 31 29 10 12 37 8 11 12 23 20 4 24 36 23 17 10 12 34 26 12 18 34 13 39 6 18 4 24 22 20 33 23 21 5 31 34 3 32 10 20 3 14 22 34 41 27 24 21 12 31 25 19 5 34 20 8 29 25 2 40 12 11 37 37 37 8 25 26 12 9 34 14 6 32 16 34 23 27 29 17 28 16 27 19 38 34 8 30 19 28 38 7 19 24 0 16 34 24 21 9 13 3 33 20 28 31 17 15 37 13 14 34 35 11 21 13 32 33 16 31 2
36 46 31 34 45 42 23 44 11 35 54 49 24 22 27 40 5 35 47 18 13 21 4 49 19 30 23 39 54 51 31 45 15 23 51 8 12 18 25 20 20 40 36 22 7 11 28 47 40 28 34 38 5 52 10 29 12 40 22 14 33 38 35 11 47 46 13 31 8 28 14 2 34 45 53 30 25 26 26 36 23 22 12 47 28 24 30 40 14 51 10 5 41 45 41 15 25 28 26 7 47 20 13 48 32 46 39 31 38 33 32 26 27 15 38 46 11 46 33 44 51 13 23 29 16 0 35 40 37 12 10 18 49 34 30 47 30 8 42 27 8 50 45 16 32 3 48 48 32 41 14
41 46 21 4 33 23 39 24 44 37 27 46 25 32 36 33 37 10 28 33 24 43 32 28 23 10 15 22 29 27 11 46 24 22 32 36 25 22 11 15 31 38 13 15 30 26 33 28 26 30 30 5 38 32 35 18 37 33 14 24 12 28 23 35 46 28 34 15 29 14 31 34 20 21 30 7 10 13 24 8 16 15 38 29 14 36 5 28 35 25 27 36 8 18 8 42 12 8 23 33 29 20 40 37 26 27 43 7 15 32 6 19 12 22 5 28 41 39 45 40 33 41 15 10 34 35 0 40 35 42 43 31 38 45 6 34 20 28 10 23 27 50 21 45 19 35 38 31 35 18 34
4 6 21 44 16 28 17 28 34 5 41 9 20 18 13 13 35 49 28 22 31 19 39 33 26 45 31 26 39 36 46 5 29 23 26 32 33 27 36 37 20 5 51 40 40 32 12 28 21 13 11 40 37 33 30 22 28 12 39 42 48 17 20 29 7 28 27 49 33 27 26 38 24 35 40 35 37 30 19 36 42 32 28 26 27 16 38 19 26 40 34 35 41 40 41 25 41 37 20 33 27 27 27 15 14 32 3 33 32 9 34 23 43 41 45 27 30 9 9 6 28 27 31 30 24 40 40 0 5 30 35 22 15 8 37 18 20 38 41 19 36 10 36 27 23 37 14 23 8 33 26
6 10 15 38 12 23 14 23 31 2 36 12 15 15 10 8 32 44 23 19 27 18 36 28 21 40 26 21 34 31 41 10 25 18 22 29 29 22 31 32 17 3 46 35 37 28 9 23 16 9 6 35 34 28 27 17 25 7 34 38 43 12 15 26 11 23 24 44 30 22 23 35 19 30 35 30 32 25 14 31 37 27 25 21 22 13 33 14 23 35 31 32 36 35 36 22 36 32 15 30 22 22 24 14 9 27 8 28 27 4 29 18 38 36 40 22 27 9 12 7 24 24 26 25 21 37 35 5 0 27 32 19 14 11 32 14 15 35 36 14 33 15 31 25 18 34 13 19 5 28 23
26 36 27 41 37 39 13 40 4 25 52 39 19 15 17 33 7 43 43 11 18 11 13 45 19 38 27 34 49 46 39 35 18 21 46 6 17 20 31 28 13 30 44 30 16 16 19 43 35 21 27 42 8 48 7 27 5 32 30 23 41 32 30 7 37 43 8 39 13 29 11 10 31 43 50 35 32 29 21 39 31 27 4 43 29 14 37 34 7 49 16 7 45 46 45 5 33 34 21 9 43 22 3 40 25 43 29 35 38 24 36 25 35 23 46 43 1 36 23 34 47 3 27 32 9 12 42 30 27 0 5 12 41 24 36 39 26 17 45 22 16 40 44 4 30 9 40 42 22 40 8
31 41 31 42 42 43 18 44 1 30 56 44 23 19 22 37 6 44 47 15 19 16 13 49 22 39 29 38 53 50 40 40 20 25 50 7 18 23 32 29 17 35 45 31 16 17 24 47 39 25 31 44 5 52 9 31 9 37 31 23 42 36 34 10 42 47 12 40 14 32 14 10 35 47 54 36 33 32 25 42 32 28 8 47 32 19 38 38 11 53 17 7 47 50 47 10 34 35 25 10 47 25 8 45 29 47 34 37 42 29 38 29 36 24 47 47 5 41 28 39 51 8 29 35 13 10 43 35 32 5 0 16 46 29 37 44 30 17 48 26 17 45 48 8 34 9 45 46 27 44 12
19 28 14 30 27 26 9 27 16 17 39 31 7 4 10 22 13 33 31 2 9 12 17 33 8 29 16 22 37 34 30 27 8 9 34 10 11 9 20 19 2 22 35 22 18 10 10 31 23 10 16 31 15 36 8 15 7 22 21 20 32 21 18 7 29 31 5 31 11 17 4 16 19 31 38 24 21 18 9 28 24 16 8 31 17 7 26 23 5 37 13 13 34 34 34 11 24 23 9 11 31 11 9 30 14 31 22 24 26 15 25 13 26 19 35 31 11 28 19 26 35 10 16 21 3 18 31 22 19 12 16 0 31 19 25 29 14 16 34 10 14 32 32 14 18 15 30 31 14 28 5
19 15 20 42 5 17 29 16 45 17 27 12 26 27 24 9 44 48 14 31 38 33 48 19 32 46 33 17 25 22 47 16 36 28 12 41 41 33 38 41 29 12 51 44 49 40 22 14 12 21 15 35 46 19 39 22 37 9 42 49 48 12 16 38 15 14 36 50 42 26 35 47 18 23 26 33 37 29 24 31 46 35 38 12 26 27 36 10 35 26 43 44 35 28 35 37 42 35 24 42 13 32 38 1 18 18 18 31 24 17 32 25 43 47 43 13 41 6 24 9 14 38 32 28 33 49 38 15 14 41 46 31 0 23 35 4 21 47 34 23 45 18 24 39 19 46 1 9 19 23 35
5 12 25 46 23 34 12 34 28 9 47 16 21 16 10 19 29 51 34 18 28 13 34 39 26 47 32 32 45 42 47 11 27 24 33 26 30 27 37 38 18 12 52 41 36 29 12 34 27 15 17 45 31 39 25 27 23 18 40 39 49 23 26 24 13 34 22 50 29 31 22 32 30 41 46 39 38 33 21 41 43 33 22 32 31 12 42 25 21 46 31 29 47 46 47 19 42 39 22 28 33 28 21 23 19 38 5 38 38 13 39 26 44 38 50 33 24 17 1 14 35 21 32 35 20 34 45 8 11 24 29 19 23 0 41 25 25 34 47 22 33 16 42 21 29 31 22 30 10 39 22
37 43 18 5 31 23 33 25 38 34 28 43 20 26 31 30 31 11 29 27 18 37 26 29 17 9 9 20 30 28 10 43 18 17 33 30 19 16 5 10 25 35 14 11 25 20 29 29 24 26 27 8 32 33 29 15 31 30 10 19 11 25 20 29 43 29 28 14 23 11 25 29 17 22 31 2 5 8 20 9 12 9 32 30 11 30 1 25 29 26 21 30 12 20 12 36 8 2 19 27 30 14 34 34 23 28 40 5 16 29 4 15 9 17 10 29 35 36 41 37 34 35 9 7 28 30 6 37 32 36 37 25 35 41 0 31 17 23 13 19 22 47 22 39 16 29 35 31 31 19 28
20 18 17 37 2 13 27 12 44 16 24 15 23 25 22 7 42 43 11 29 35 31 45 16 29 41 30 13 22 19 42 19 33 25 9 39 38 30 34 38 27 13 46 41 46 37 20 11 8 19 13 31 44 16 37 19 35 7 39 46 44 9 13 36 18 11 34 46 39 23 33 45 14 19 23 29 34 26 21 27 43 32 36 9 23 25 32 7 33 23 40 42 31 24 31 35 39 31 21 40 10 29 36 3 15 15 21 27 20 15 28 22 40 44 39 10 39 9 26 12 11 36 29 24 31 47 34 18 14 39 44 29 4 25 31 0 18 44 30 20 42 21 20 38 16 44 4 6 18 19 33
20 25 1 22 16 12 20 14 30 16 25 25 7 13 17 13 27 28 18 15 17 24 27 19 11 26 12 9 24 21 27 25 15 7 21 24 20 12 17 20 13 17 31 23 28 19 14 18 10 11 9 20 29 23 22 2 21 13 21 28 28 9 5 22 26 18 19 30 22 7 17 28 6 17 25 15 18 10 5 16 25 14 22 18 7 17 18 11 19 23 22 27 22 21 22 24 22 17 5 24 18 11 23 20 6 18 23 13 13 12 14 4 24 26 25 17 25 20 26 20 22 24 11 10 17 30 20 20 15 26 30 14 21 25 17 18 0 26 22 4 24 30 18 27 4 28 20 18 15 14 19
34 44 27 26 42 38 22 39 18 33 48 47 21 20 25 38 11 27 43 16 9 23 4 45 15 22 17 34 48 46 23 43 11 19 47 11 6 14 18 13 18 38 28 14 2 7 26 43 36 26 32 31 12 48 11 25 13 38 14 6 25 35 31 12 45 42 12 23 5 24 12 7 30 40 49 23 18 21 23 30 15 16 14 43 24 22 23 37 13 46 4 10 35 40 35 18 17 21 23 8 43 16 16 46 29 42 37 25 33 31 25 22 19 7 31 42 16 44 33 42 47 17 18 24 15 8 28 38 35 17 17 16 47 34 23 44 26 0 36 24 2 48 40 21 28 8 46 44 30 36 13
42 44 22 14 29 17 42 18 48 38 17 43 28 35 39 30 42 20 21 36 29 46 39 19 26 20 19 17 19 17 21 45 28 25 25 41 31 25 18 23 34 38 23 24 38 31 36 21 22 33 30 5 43 22 39 20 40 31 22 32 22 26 22 38 44 21 37 25 34 17 34 40 18 12 20 13 18 16 27 6 25 21 41 23 17 39 13 24 38 15 33 41 2 8 2 45 21 15 26 38 22 23 43 33 28 18 44 11 10 34 11 22 21 30 13 22 44 37 48 38 25 44 19 13 37 42 10 41 36 45 48 34 34 47 13 30 22 36 0 26 35 48 12 48 18 40 34 25 37 11 37
18 24 5 24 18 16 16 18 26 14 29 24 3 9 13 14 23 30 21 11 15 20 25 23 9 26 12 13 28 25 27 24 13 5 24 20 18 10 17 19 9 16 32 22 26 17 10 21 13 7 8 23 25 27 18 6 17 14 21 26 29 11 8 18 25 21 15 30 19 9 13 25 10 21 29 17 18 11 1 20 24 14 18 21 9 13 20 13 15 27 20 23 26 25 26 20 22 18 1 20 21 9 19 22 5 22 21 16 17 10 17 4 24 24 28 21 21 20 22 19 25 20 12 13 13 27 23 19 14 22 26 10 23 22 19 20 4 24 26 0 22 29 22 23 8 24 22 21 12 18 15
33 42 25 25 40 36 21 37 18 31 47 45 19 18 24 36 11 27 41 15 7 22 5 43 13 22 16 32 47 44 23 41 9 17 45 10 4 12 17 12 16 36 28 14 4 5 24 41 34 24 30 30 12 46 10 23 12 36 14 7 25 33 29 11 43 40 11 23 4 22 11 7 28 39 47 22 17 20 21 29 15 14 13 41 22 21 22 35 12 45 2 10 34 39 34 17 17 20 21 7 41 14 15 44 27 40 36 24 32 29 24 20 19 7 30 40 15 42 32 40 45 16 17 23 14 8 27 36 33 16 17 14 45 33 22 42 24 2 35 22 0 46 39 20 26 8 44 42 28 35 12
14 5 30 53 20 33 27 32 44 15 45 6 30 28 23 18 45 59 32 32 41 29 49 37 36 55 41 31 43 40 56 5 39 33 30 42 43 37 46 47 30 13 61 50 50 42 22 32 26 23 21 48 47 37 40 32 38 18 49 52 58 23 27 39 4 32 37 59 43 37 36 48 31 39 44 45 47 40 29 44 52 42 38 30 37 26 48 24 36 44 44 45 49 44 49 35 51 47 30 43 31 37 37 18 24 36 11 43 38 19 44 33 53 51 55 31 40 12 17 10 32 37 41 40 34 50 50 10 15 40 45 32 18 16 47 21 30 48 48 29 46 0 40 37 31 47 17 27 18 38 36
37 37 18 25 20 8 38 8 49 33 7 34 25 32 34 23 45 31 10 33 33 42 43 7 28 31 23 10 8 6 32 38 31 25 14 42 35 28 25 30 31 31 34 32 42 35 31 10 15 28 25 16 47 11 40 17 39 24 30 39 33 19 16 40 37 10 37 36 38 18 35 44 13 1 9 20 25 19 24 13 34 25 40 12 18 35 23 17 37 5 37 44 13 5 13 42 30 22 23 41 11 26 41 23 23 7 39 17 7 29 18 20 31 37 24 11 43 28 43 31 14 42 22 16 35 45 21 36 31 44 48 32 24 42 22 20 18 40 12 22 39 40 0 45 14 43 24 15 32 4 37
23 33 28 44 36 40 11 41 7 23 53 36 20 15 16 32 11 46 44 12 21 8 17 46 22 41 30 35 50 47 42 32 21 23 45 10 20 23 34 31 14 28 47 33 20 19 18 44 35 20 26 45 12 49 10 28 8 31 33 27 44 32 31 10 34 44 11 42 16 31 14 14 32 44 51 38 35 32 22 42 34 30 7 43 31 13 40 34 10 50 19 11 48 47 48 3 36 37 22 13 44 25 5 39 25 44 26 38 39 23 39 26 38 27 49 43 5 34 20 32 47 4 30 35 11 16 45 27 25 4 8 14 39 21 39 38 27 21 48 23 20 37 45 0 31 13 38 42 21 41 11
24 27 4 21 14 8 24 10 34 20 21 26 11 17 21 13 31 27 14 19 19 28 29 15 14 25 14 5 20 17 26 28 18 10 18 28 22 14 18 22 17 20 30 25 30 21 18 14 8 15 12 17 33 19 26 3 25 14 23 30 27 9 4 26 27 14 23 30 24 7 21 30 2 13 21 14 18 10 9 13 27 16 26 15 7 21 17 9 23 19 24 30 18 17 18 28 23 16 9 27 15 13 27 18 10 14 26 12 9 16 13 6 24 28 24 14 29 20 30 21 19 28 13 9 21 32 19 23 18 30 34 18 19 29 16 16 4 28 18 8 26 31 14 31 0 30 19 16 19 10 23
33 43 28 33 42 40 20 41 10 32 52 46 21 19 24 37 3 35 45 15 11 18 4 47 17 30 21 36 51 48 31 42 13 21 48 5 10 16 24 20 17 37 36 22 7 9 25 45 37 25 31 36 4 50 7 27 9 37 22 14 33 35 32 8 44 44 10 31 6 26 11 1 32 43 51 28 25 24 23 34 23 20 9 45 26 21 30 37 11 49 8 2 39 43 39 12 25 27 23 4 45 18 10 45 29 44 36 29 36 30 30 24 27 15 38 44 9 43 30 41 49 11 21 27 13 3 35 37 34 9 9 15 46 31 29 44 28 8 40 24 8 47 43 13 30 0 45 45 29 39 11
18 14 19 41 5 17 27 16 44 15 28 11 25 26 23 8 43 47 15 30 37 31 47 20 31 45 32 17 26 23 46 15 35 27 13 40 40 32 37 40 28 11 50 43 48 39 21 15 12 20 14 35 45 20 38 21 36 8 41 48 47 11 16 37 14 15 35 49 41 26 34 46 18 23 27 33 37 29 23 31 45 34 37 13 26 26 36 10 34 27 42 43 35 28 35 35 42 35 23 41 14 31 37 1 17 19 17 31 24 16 32 24 43 46 43 14 40 5 23 8 15 37 31 28 32 48 38 14 13 40 45 30 1 22 35 4 20 46 34 22 44 17 24 38 19 45 0 10 18 23 34
25 24 17 35 7 9 31 7 46 21 18 21 24 28 27 11 44 41 5 31 35 35 45 10 29 40 30 11 16 13 41 25 33 25 3 41 38 30 34 38 29 18 44 41 46 37 24 5 8 22 16 27 46 10 39 19 37 12 39 46 42 10 13 38 24 5 36 45 40 23 34 46 14 14 17 29 34 26 22 23 43 32 38 3 23 29 32 8 35 17 40 44 26 19 26 39 39 31 22 41 4 29 39 9 17 9 26 26 16 20 27 22 40 44 35 4 41 15 31 18 5 40 29 24 33 48 31 23 19 42 46 31 9 30 31 6 18 44 25 21 42 27 15 42 16 45 10 0 23 14 35
6 14 15 36 16 24 10 24 26 3 37 17 12 10 5 12 27 41 25 14 23 14 31 29 18 37 23 22 35 32 38 13 21 15 26 24 25 19 28 29 12 8 43 32 32 24 4 25 17 5 7 35 29 31 22 17 20 11 31 34 40 13 16 21 15 25 19 41 25 21 18 30 20 31 36 29 29 23 11 31 34 24 20 24 21 8 32 15 18 36 26 27 37 36 37 18 33 29 12 25 25 19 19 18 9 28 9 28 28 3 29 16 35 33 40 24 22 14 11 12 28 19 23 25 16 32 35 8 5 22 27 14 19 10 31 18 15 30 37 12 28 18 32 21 19 29 18 23 0 29 18
34 34 14 22 19 6 34 7 44 30 11 33 21 27 31 20 41 28 11 29 29 38 39 10 24 28 19 7 11 9 29 35 27 20 15 38 31 24 22 26 27 28 31 29 38 31 28 11 12 25 22 13 43 14 36 13 35 21 27 35 30 16 13 36 34 11 33 33 34 14 31 40 9 3 12 17 22 15 19 10 31 21 36 12 14 31 20 14 33 9 33 40 12 7 12 38 27 19 19 37 12 22 37 22 20 9 36 14 3 26 15 16 28 33 21 11 39 27 40 28 15 38 18 12 31 41 18 33 28 40 44 28 23 39 19 19 14 36 11 18 35 38 4 41 10 39 23 14 29 0 33
22 32 19 33 31 31 10 32 12 21 44 35 12 8 13 26 9 35 36 4 10 11 13 38 11 30 19 27 42 39 31 31 10 13 39 6 10 12 23 20 6 26 36 23 15 9 14 36 28 14 20 34 11 41 4 20 3 26 22 19 33 25 23 3 33 36 1 32 8 21 3 12 24 36 43 27 24 21 14 31 24 19 4 36 21 10 29 27 1 42 11 9 37 39 37 8 25 26 14 7 36 14 6 34 18 36 25 27 31 19 28 17 27 18 38 36 7 32 21 30 40 7 19 24 2 14 34 26 23 8 12 5 35 22 28 33 19 13 37 15 12 36 37 11 23 11 34 35 18 33 0
0         1009     
441       570      
131       244      
756       890      
0         119      
102       234      
399       510      
22        149      
359       481      
402       528      
62        168      
0         78       
150       257      
474       602      
390       499      
0         111      
350       463      
214       330      
31        144      
316       439      
267       391      
382       491      
287       406      
66        191      
147       273      
204       338      
155       276      
26        135      
60        168      
55        170      
203       319      
0         76       
844       963      
150       273      
26        147      
725       851      
271       390      
661       784      
163       276      
189       314      
318       452      
458       568      
628       743      
224       355      
243       378      
256       384      
394       519      
19        155      
504       640      
475       591      
409       545      
559       677      
291       419      
70        183      
334       445      
122       246      
310       439      
427       545      
182       298      
242       354      
200       323      
12        122      
13        135      
310       438      
0         81       
29        151      
311       442      
211       332      
269       377      
536       640      
322       447      
342       467      
16        128      
92        225      
62        186      
162       290      
179       289      
532       659      
495       622      
571       693      
204       312      
151       287      
309       424      
35        155      
537       668      
383       513      
166       289      
0         116      
666       786      
75        207      
262       380      
287       407      
556       681      
581       718      
574       692      
368       489      
192       309      
161       283      
146       259      
342       450      
31        139      
142       270      
309       420      
0         83       
506       612      
46        164      
0         60       
639       753      
106       224      
416       536      
554       679      
136       249      
209       315      
745       871      
606       736      
44        152      
299       422      
0         96       
705       814      
0         73       
74        195      
358       483      
532       645      
550       654      
315       444      
291       395      
615       716      
444       557      
426       547      
363       484      
302       406      
330       435      
0         95       
454       575      
167       282      
0         106      
521       631      
253       360      
565       678      
136       264      
246       367      
893       995      
93        203      
677       799      
122       249      
287       396      
0         92       
804       914      
398       531      
84        208      
832       956      
