151
0 28 23 13 30 11 22 20 20 18 12 17 10 15 17 11 34 28 11 34 38 26 14 15 16 35 20 13 20 29 34 37 23 5 20 19 37 26 33 44 31 17 9 22 32 32 28 29 15 19 24 10 20 13 17 30 9 28 17 38 18 12 27 34 6 37 34 29 10 18 13 38 38 34 18 2 13 6 9 17 18 11 15 36 38 24 5 23 17 29 2 23 17 27 13 8 16 15 10 25 11 19 39 26 16 31 14 26 6 13 32 21 36 15 22 33 17 15 10 26 18 13 7 23 6 23 17 8 27 38 18 32 11 19 14 35 36 18 23 14 19 3 38 14 10 36 6 21 39 15 37
28 0 29 39 15 38 6 28 48 45 27 45 36 13 42 35 32 29 17 45 28 47 15 43 39 32 46 35 46 15 44 55 48 33 20 47 47 46 46 39 52 44 19 10 44 38 39 23 21 34 8 35 9 18 44 18 22 25 45 51 46 18 8 51 34 51 55 45 38 45 40 36 56 44 41 30 40 22 24 45 44 20 13 48 36 11 25 32 32 1 26 5 44 41 30 34 33 13 33 29 39 9 40 2 29 53 42 34 22 20 30 18 38 30 49 39 45 41 31 5 31 15 34 45 31 34 30 26 14 57 10 46 21 12 14 42 29 30 21 20 10 25 54 34 35 42 33 38 58 43 37
23 29 0 36 19 25 27 3 34 39 11 34 22 29 24 34 11 5 28 15 19 24 18 35 18 12 29 16 29 18 15 26 29 26 8 39 18 21 17 21 27 28 22 34 15 10 10 12 10 10 20 33 32 31 28 16 15 9 34 22 34 15 35 22 28 22 29 16 31 29 34 15 27 15 21 24 26 22 14 38 25 14 29 18 15 18 18 4 10 30 21 28 26 13 13 31 13 26 33 2 32 29 16 29 8 28 31 5 25 12 9 11 13 10 30 11 37 24 33 32 8 28 29 23 19 7 8 15 18 29 28 17 13 16 26 14 17 7 8 33 20 23 25 15 19 14 21 15 30 33 14
13 39 36 0 43 14 33 33 14 6 25 9 16 26 21 4 47 41 22 43 51 32 27 6 24 48 19 22 19 42 43 45 24 10 33 8 46 34 42 57 37 16 21 32 41 44 38 42 28 29 37 4 31 21 16 43 22 41 9 47 10 25 38 43 8 46 40 38 6 15 3 51 46 43 25 12 14 18 22 6 21 24 26 45 51 37 18 35 28 40 15 34 20 36 23 5 26 26 6 38 5 30 51 37 27 37 9 37 17 26 45 34 48 25 23 43 6 18 8 37 28 24 7 30 16 33 27 21 40 45 29 41 24 32 25 45 49 28 36 20 31 15 46 23 18 46 14 30 45 7 50
30 15 19 43 0 38 17 20 48 48 24 46 36 23 41 40 18 17 25 34 13 42 15 45 36 17 46 33 46 1 34 45 47 34 13 49 37 39 36 24 45 44 21 24 34 26 29 9 17 28 8 38 22 28 44 3 21 12 46 41 47 17 23 41 35 41 48 35 39 45 42 21 46 33 39 31 40 23 23 47 43 19 23 37 21 6 25 23 27 16 27 17 43 32 28 36 30 21 37 19 40 21 27 17 25 46 42 24 25 17 17 10 25 27 48 27 46 41 36 20 25 23 35 41 31 26 25 25 2 48 21 36 20 10 21 30 14 24 11 29 13 26 44 32 34 30 33 33 49 44 22
11 38 25 14 38 0 32 22 10 14 15 9 2 26 7 14 36 30 22 29 43 18 24 10 10 37 9 8 9 37 29 31 12 7 26 13 32 20 28 46 23 6 19 33 27 31 24 35 21 15 34 13 31 24 6 36 17 33 9 33 10 21 38 29 8 32 26 24 8 7 11 40 32 29 11 9 2 16 15 13 8 19 26 31 40 33 13 22 15 39 12 33 7 22 12 11 12 25 14 27 9 29 38 36 16 23 6 24 17 21 34 28 36 14 12 30 12 5 15 36 17 24 9 16 7 20 16 13 36 31 28 27 18 29 24 31 41 17 30 24 29 14 32 9 4 33 5 16 31 9 38
22 6 27 33 17 32 0 25 42 39 22 39 31 8 37 29 33 28 11 42 29 43 10 37 34 33 41 30 41 16 42 51 43 27 18 41 45 41 44 40 47 38 13 8 41 36 36 24 18 30 9 29 6 13 38 19 17 26 39 48 40 14 8 48 28 48 50 41 32 39 34 37 53 42 36 24 34 16 19 39 39 16 8 45 37 12 20 29 27 7 20 1 39 37 26 28 29 7 27 27 33 4 41 4 26 48 36 32 16 16 31 17 38 26 44 37 39 36 25 5 27 9 28 41 26 31 26 21 15 53 5 42 17 10 8 40 30 26 21 15 6 19 51 29 30 40 27 34 54 37 38
20 28 3 33 20 22 25 0 31 35 8 31 19 26 21 31 14 8 25 17 21 22 15 31 16 15 26 13 26 19 16 26 27 22 8 35 19 19 18 24 25 25 19 31 16 13 11 14 7 8 20 30 29 28 25 18 12 11 31 23 31 12 33 22 24 23 28 16 27 26 30 18 27 16 19 21 23 19 11 34 23 11 26 20 18 18 15 4 7 29 18 26 23 13 9 28 10 23 30 5 28 26 19 28 5 26 28 7 22 9 12 11 16 7 28 14 33 21 30 30 5 25 26 21 16 6 5 12 19 29 25 18 10 16 23 16 19 4 10 30 19 20 26 12 16 17 18 13 30 30 17
20 48 34 14 48 10 42 31 0 11 25 5 12 35 10 17 45 39 31 35 52 20 34 8 15 46 7 17 7 47 35 33 12 15 36 9 37 23 32 55 25 5 29 42 32 39 30 45 31 23 44 16 40 31 5 46 27 42 5 36 4 31 47 31 14 34 28 28 11 4 11 48 34 34 14 18 8 26 25 10 10 29 35 35 48 43 23 30 24 49 22 43 9 27 22 16 21 35 18 36 11 39 46 46 25 25 6 32 26 31 43 38 44 23 11 37 9 8 20 46 26 33 14 19 17 28 25 23 46 33 38 31 28 39 34 37 50 26 40 30 39 23 34 18 14 39 15 21 33 7 46
18 45 39 6 48 14 39 35 11 0 28 7 16 32 20 10 49 43 28 43 56 31 32 4 23 50 18 22 18 47 43 44 23 13 38 2 46 33 41 59 36 15 26 38 41 45 38 47 33 29 42 10 37 27 15 47 26 46 7 46 7 30 44 42 12 45 39 37 8 14 5 53 45 43 24 16 13 23 25 1 20 28 32 44 53 42 21 36 29 46 20 40 19 36 26 11 26 32 12 40 7 36 52 43 30 36 8 38 23 30 47 38 50 28 22 44 2 17 14 43 31 30 11 29 18 34 30 24 45 44 35 40 28 37 31 45 53 31 40 26 36 20 45 23 18 47 16 29 44 5 52
12 27 11 25 24 15 22 8 25 28 0 24 12 21 17 23 22 16 18 22 28 20 12 24 12 23 22 9 22 23 22 28 23 15 11 28 25 19 22 32 25 20 12 27 20 20 16 20 7 7 20 22 25 21 20 22 5 18 24 27 24 8 30 25 17 26 28 18 20 21 23 26 30 22 15 13 16 12 4 27 19 6 21 24 26 19 8 11 5 28 11 23 19 15 4 20 7 18 22 13 21 22 27 26 4 26 21 14 15 7 20 14 24 4 24 21 26 17 22 27 6 19 18 19 9 11 5 4 22 31 21 20 5 15 18 23 26 6 15 23 16 13 28 8 10 24 11 12 32 23 25
17 45 34 9 46 9 39 31 5 7 24 0 11 32 13 12 45 39 28 37 52 24 31 3 17 46 11 17 11 45 37 37 16 12 34 5 40 26 35 55 29 8 26 38 35 40 32 43 29 24 41 11 37 27 8 44 25 42 0 39 1 28 44 35 11 38 32 31 7 7 6 49 38 37 17 15 7 23 23 6 13 27 32 38 49 40 20 31 24 46 19 40 12 30 21 11 21 32 13 36 6 36 47 43 25 29 3 33 23 29 43 36 45 23 15 39 5 10 15 43 26 30 11 22 15 29 25 21 43 37 35 34 26 36 31 39 50 26 38 26 36 20 38 18 13 41 12 23 37 2 47
10 36 22 16 36 2 31 19 12 16 12 11 0 25 7 16 33 27 21 27 40 16 22 12 8 34 10 6 10 35 27 29 13 7 23 15 30 18 26 43 21 8 18 32 25 29 22 32 19 13 32 15 30 23 8 34 15 30 11 31 12 19 37 27 9 30 24 22 10 9 13 37 30 27 9 9 4 15 13 15 8 17 25 29 37 31 11 20 12 37 11 32 7 20 9 13 10 24 16 24 11 28 36 35 13 22 8 22 16 19 31 26 34 11 12 28 14 5 17 35 14 23 11 14 5 18 13 11 34 29 27 25 16 27 23 29 38 14 27 24 27 13 30 7 2 31 4 14 29 11 36
15 13 29 26 23 26 8 26 35 32 21 32 25 0 32 22 37 32 4 43 35 41 11 30 31 37 35 28 35 22 42 49 38 20 22 34 45 40 43 45 46 32 9 7 41 39 37 28 19 28 15 22 5 5 32 24 16 30 32 48 33 14 12 46 21 47 49 39 25 33 27 41 51 42 33 17 28 11 17 32 33 16 0 45 41 17 16 30 26 14 14 8 32 36 24 21 27 3 20 31 26 4 45 11 25 46 29 33 9 17 35 21 42 25 37 40 32 30 18 11 27 2 21 38 21 31 26 19 21 52 3 41 17 14 3 42 35 26 25 7 10 12 49 27 25 43 21 32 52 30 42
17 42 24 21 41 7 37 21 10 20 17 13 7 32 0 21 35 29 28 24 42 11 27 16 5 36 5 8 5 40 24 24 6 14 28 18 27 13 22 45 16 5 24 39 22 29 20 35 24 13 37 20 37 30 5 39 20 32 13 26 13 24 44 22 15 25 19 17 15 6 18 38 25 24 4 16 7 21 18 19 2 22 32 24 38 36 17 20 14 43 18 38 2 17 13 18 11 30 21 26 16 34 36 41 16 16 12 22 23 24 33 31 34 14 7 27 18 3 22 41 16 30 16 9 11 18 16 16 39 24 33 20 21 32 29 27 40 17 31 31 32 20 25 9 7 29 11 11 24 15 36
11 35 34 4 40 14 29 31 17 10 23 12 16 22 21 0 45 39 18 43 49 32 23 8 24 46 21 22 21 38 43 45 26 9 31 12 46 34 42 55 37 17 18 28 41 43 37 40 26 28 33 1 27 17 17 39 20 39 11 47 12 23 34 43 7 46 40 38 6 17 5 49 46 43 25 10 14 15 20 10 21 22 22 45 49 33 16 33 26 36 13 30 20 36 22 3 25 22 2 36 6 26 50 33 26 37 11 36 14 24 43 32 47 24 25 42 10 18 4 33 27 20 5 30 15 32 26 19 37 45 25 41 22 28 21 44 47 27 34 16 28 12 46 23 18 45 13 30 45 9 48
34 32 11 47 18 36 33 14 45 49 22 45 33 37 35 45 0 6 36 20 10 33 26 45 29 2 40 27 40 18 19 32 40 36 15 48 20 30 24 11 36 39 31 41 21 10 18 9 19 21 24 44 39 39 39 15 25 7 44 26 45 23 40 29 38 27 38 25 41 40 44 4 34 19 32 35 37 31 25 48 36 23 37 23 4 21 29 14 21 33 32 34 37 22 23 42 24 34 44 9 42 36 9 34 19 37 41 13 34 21 2 16 7 21 41 12 47 35 44 37 19 36 40 32 30 17 19 26 18 36 36 24 23 23 34 15 8 18 12 41 27 33 32 26 30 14 32 25 38 44 5
28 29 5 41 17 30 28 8 39 43 16 39 27 32 29 39 6 0 31 18 14 29 21 39 23 7 34 21 34 16 17 29 34 30 10 42 19 26 21 16 32 33 25 36 18 9 14 7 13 15 20 38 34 34 33 13 19 4 38 24 39 18 36 26 32 25 34 21 35 34 38 10 31 17 26 29 31 26 19 42 30 17 32 21 10 17 23 9 15 30 26 29 31 18 17 36 18 29 38 3 36 31 13 30 13 33 35 9 28 15 4 11 10 15 35 11 41 29 38 33 13 31 34 28 24 12 13 20 16 33 31 21 17 18 29 14 12 12 7 36 22 27 29 20 24 14 26 20 35 38 10
11 17 28 22 25 22 11 25 31 28 18 28 21 4 28 18 36 31 0 40 36 37 10 26 27 36 31 24 31 24 40 46 34 16 21 30 43 37 40 45 42 28 6 11 38 38 34 28 18 25 17 18 9 3 28 26 13 29 28 45 29 13 16 43 17 44 45 36 21 29 23 40 48 40 29 13 24 7 14 28 29 14 4 42 40 18 12 29 23 18 10 12 28 33 21 17 24 4 16 30 22 8 44 15 22 42 25 32 5 16 34 20 41 22 33 39 28 26 14 15 24 2 17 34 17 29 23 15 22 49 7 38 15 15 3 41 35 24 24 5 11 8 46 24 21 42 17 29 49 26 41
34 45 15 43 34 29 42 17 35 43 22 37 27 43 24 43 20 18 40 0 30 16 32 39 19 22 29 21 29 33 1 12 25 34 23 42 3 13 4 29 16 29 34 48 2 10 6 25 24 15 35 42 46 43 29 31 27 22 37 6 37 28 50 9 36 7 18 7 37 30 40 22 14 1 20 34 29 34 26 42 25 27 42 3 22 33 30 13 17 45 33 43 26 7 21 40 18 39 43 16 38 43 15 44 18 17 34 10 37 26 19 26 15 19 26 8 40 26 44 47 16 41 38 17 28 11 17 26 33 16 42 4 25 31 39 5 28 16 23 45 35 35 12 20 25 7 30 13 18 37 19
38 28 19 51 13 43 29 21 52 56 28 52 40 35 42 49 10 14 36 30 0 43 26 52 37 8 47 34 47 13 29 42 48 42 17 55 30 40 34 11 46 46 32 37 31 20 28 8 22 29 20 48 35 39 46 10 28 10 51 36 52 25 36 39 43 37 48 35 47 47 50 11 44 29 40 39 44 33 29 55 44 26 35 33 11 17 33 23 28 29 35 30 44 32 30 45 31 32 47 17 48 32 18 30 26 47 48 23 36 23 11 16 16 28 49 22 54 42 46 33 26 34 44 42 37 26 26 30 14 46 32 34 26 21 32 25 2 25 13 40 24 36 42 33 37 24 38 34 48 50 13
26 47 24 32 42 18 43 22 20 31 20 24 16 41 11 32 33 29 37 16 43 0 32 27 9 35 13 12 13 41 17 13 9 23 29 29 18 3 13 43 5 16 31 47 14 23 15 36 26 14 40 31 45 38 16 40 25 33 24 16 24 28 50 11 25 14 8 9 26 17 29 35 14 16 7 25 18 29 23 30 11 26 40 16 35 38 24 20 16 48 25 43 12 11 16 29 13 38 32 26 27 42 30 46 18 6 23 20 30 27 32 32 28 16 10 22 29 14 33 47 17 37 27 2 19 17 17 21 40 13 41 12 24 35 37 20 41 18 32 38 36 27 14 13 15 22 20 9 13 26 32
14 15 18 27 15 24 10 15 34 32 12 31 22 11 27 23 26 21 10 32 26 32 0 29 23 26 32 20 32 15 31 40 33 19 11 33 34 31 33 35 37 30 6 15 31 28 26 18 8 19 10 23 13 13 30 16 7 19 31 38 32 4 18 37 20 38 40 30 24 31 26 30 42 31 26 16 26 8 9 31 29 6 11 35 30 9 11 19 17 16 12 11 29 27 15 21 18 8 22 20 25 11 34 14 15 38 28 22 10 6 24 10 31 16 34 29 31 27 21 15 17 10 20 30 17 21 16 11 13 43 10 32 7 5 8 31 25 16 14 15 5 11 40 19 20 32 19 23 43 29 31
15 43 35 6 45 10 37 31 8 4 24 3 12 30 16 8 45 39 26 39 52 27 29 0 19 46 14 18 14 44 39 40 19 10 34 4 42 29 37 55 32 11 24 36 37 41 34 43 29 25 39 8 35 25 11 44 23 42 3 42 4 27 42 38 9 41 35 33 5 10 3 49 41 39 20 13 9 21 22 3 16 25 30 40 49 38 18 32 24 44 17 38 15 32 21 9 22 30 10 36 4 34 48 41 25 32 4 34 21 27 43 35 46 23 18 40 2 13 12 41 26 28 9 25 14 30 25 20 42 40 33 36 25 34 29 41 50 26 37 24 34 18 41 19 14 43 12 25 40 1 48
16 39 18 24 36 10 34 16 15 23 12 17 8 31 5 24 29 23 27 19 37 9 23 19 0 30 10 3 10 35 19 21 11 15 23 22 22 10 18 39 14 10 22 38 17 23 15 30 19 8 32 23 36 29 10 34 16 27 17 23 18 20 41 19 17 22 17 14 18 11 21 33 22 19 3 15 10 20 14 22 7 17 31 21 33 31 15 15 9 39 16 34 7 12 8 21 6 29 24 20 19 33 30 37 11 15 15 17 21 19 27 26 28 9 12 22 21 7 25 38 11 28 19 7 10 13 11 12 34 22 32 17 16 27 28 22 35 12 26 29 28 18 22 4 6 24 11 6 22 18 31
35 32 12 48 17 37 33 15 46 50 23 46 34 37 36 46 2 7 36 22 8 35 26 46 30 0 40 28 40 17 21 34 41 37 15 49 22 32 26 9 38 40 31 41 23 12 20 9 20 22 24 45 39 39 40 14 26 7 45 28 46 23 40 31 39 29 40 27 42 41 45 4 36 21 33 36 38 31 26 49 37 24 37 25 4 21 30 16 22 33 33 34 37 24 24 43 25 34 45 10 43 36 10 34 20 39 42 15 34 21 3 16 8 22 42 14 48 36 44 37 20 36 41 34 31 18 20 27 18 38 36 26 24 23 34 17 6 19 12 41 27 34 34 27 31 16 33 26 40 45 5
20 46 29 19 46 9 41 26 7 18 22 11 10 35 5 21 40 34 31 29 47 13 32 14 10 40 0 13 0 45 29 26 5 15 33 16 31 16 26 49 18 3 28 42 26 33 25 40 29 18 42 20 40 32 3 44 25 37 11 29 11 29 47 24 16 27 21 22 14 4 16 43 27 28 8 18 7 25 23 17 3 27 35 29 43 41 21 25 19 47 21 42 3 21 18 19 16 34 21 30 15 38 40 45 21 18 10 27 26 29 37 36 38 19 4 32 16 5 23 45 21 33 17 12 15 23 21 21 44 26 37 25 26 37 33 31 45 22 36 32 37 23 27 14 12 33 14 15 26 13 41
13 35 16 22 33 8 30 13 17 22 9 17 6 28 8 22 27 21 24 21 34 12 20 18 3 28 13 0 13 32 21 24 14 13 20 21 24 13 20 37 17 11 19 34 19 22 15 27 16 7 29 21 32 25 11 31 13 24 17 25 18 16 38 21 15 24 20 16 16 12 19 31 25 21 6 13 10 17 11 21 10 14 28 23 31 28 12 14 6 36 13 31 10 14 5 19 3 25 22 18 17 29 29 34 8 18 14 15 18 16 25 23 27 6 15 22 20 8 23 35 8 25 17 10 7 11 8 9 31 25 28 19 13 24 25 22 32 9 23 26 24 15 25 1 4 24 9 8 25 17 30
20 46 29 19 46 9 41 26 7 18 22 11 10 35 5 21 40 34 31 29 47 13 32 14 10 40 0 13 0 45 29 26 5 15 33 16 31 16 26 49 18 3 28 42 26 33 25 40 29 18 42 20 40 32 3 44 25 37 11 29 11 29 47 24 16 27 21 22 14 4 16 43 27 28 8 18 7 25 23 17 3 27 35 29 43 41 21 25 19 47 21 42 3 21 18 19 16 34 21 30 15 38 40 45 21 18 10 27 26 29 37 36 38 19 4 32 16 5 23 45 21 33 17 12 15 23 21 21 44 26 37 25 26 37 33 31 45 22 36 32 37 23 27 14 12 33 14 15 26 13 41
29 15 18 42 1 37 16 19 47 47 23 45 35 22 40 38 18 16 24 33 13 41 15 44 35 17 45 32 45 0 33 44 46 33 12 48 35 38 35 24 44 43 21 24 33 25 28 9 16 27 7 38 22 27 43 3 20 12 45 39 46 16 23 40 35 40 47 34 38 44 41 21 45 33 38 30 39 23 22 46 42 18 22 36 21 5 24 22 26 16 26 17 42 31 27 36 29 20 37 18 39 20 27 17 24 45 41 23 25 16 17 9 25 26 47 27 45 40 36 20 24 22 35 40 30 25 24 24 1 47 20 35 19 9 20 30 14 23 10 28 12 26 43 31 33 30 32 32 48 43 22
34 44 15 43 34 29 42 16 35 43 22 37 27 42 24 43 19 17 40 1 29 17 31 39 19 21 29 21 29 33 0 13 26 34 23 41 3 13 5 28 17 29 34 46 2 9 6 24 23 15 35 42 44 43 29 30 27 21 36 7 37 28 49 10 36 8 19 7 37 30 40 21 15 0 20 34 29 34 26 41 25 27 42 4 21 33 30 12 17 45 33 42 26 7 21 40 18 39 43 15 38 42 14 44 18 18 34 10 37 25 18 26 14 19 27 7 40 26 44 46 16 41 38 17 28 11 17 26 33 17 41 5 25 31 39 4 27 16 23 45 35 35 13 20 25 6 30 13 19 37 18
37 55 26 45 45 31 51 26 33 44 28 37 29 49 24 45 32 29 46 12 42 13 40 40 21 34 26 24 26 44 13 0 21 36 34 42 12 11 8 41 8 29 40 55 11 22 15 36 33 20 46 44 53 49 29 42 33 33 37 6 37 36 58 3 38 5 7 9 39 30 42 34 2 13 20 36 31 39 32 43 24 34 49 9 34 44 35 22 22 55 37 51 25 12 25 42 22 46 45 26 40 50 27 54 24 9 36 20 42 34 31 36 27 24 22 20 42 27 46 55 22 47 40 15 31 19 23 30 44 4 49 8 32 41 46 17 40 23 34 49 43 39 1 23 27 19 32 16 6 39 31
23 48 29 24 47 12 43 27 12 23 23 16 13 38 6 26 40 34 34 25 48 9 33 19 11 41 5 14 5 46 26 21 0 19 34 21 27 12 22 50 13 8 30 45 23 31 23 41 30 19 43 25 43 36 8 45 26 38 16 25 16 30 50 20 20 23 16 18 19 9 21 43 22 25 8 21 11 27 24 22 5 28 38 25 43 42 23 26 20 49 24 44 5 19 19 23 17 36 26 31 20 40 38 47 22 13 15 27 29 30 38 37 36 20 1 30 21 7 27 47 22 36 21 8 17 23 22 22 45 21 39 21 27 38 35 29 46 23 37 36 38 25 22 15 13 31 16 15 21 18 40
5 33 26 10 34 7 27 22 15 13 15 12 7 20 14 9 36 30 16 34 42 23 19 10 15 37 15 13 15 33 34 36 19 0 24 14 37 25 33 46 28 12 14 27 32 34 28 33 19 19 29 8 25 17 12 33 13 32 12 38 13 16 32 34 2 37 31 29 5 13 8 40 37 34 16 3 8 11 12 13 15 15 20 36 40 28 8 24 17 34 7 28 14 27 13 6 16 20 9 27 6 24 41 31 17 29 9 27 11 17 34 25 38 15 19 33 12 12 10 31 18 18 4 21 6 23 17 11 31 36 23 32 15 24 19 35 40 18 27 17 24 8 37 14 9 36 4 21 36 10 39
20 20 8 33 13 26 18 8 36 38 11 34 23 22 28 31 15 10 21 23 17 29 11 34 23 15 33 20 33 12 23 34 34 24 0 38 26 27 25 24 33 31 15 26 23 17 18 9 5 15 12 30 24 24 31 11 11 8 34 29 35 8 26 30 26 30 36 24 29 32 32 19 35 23 26 22 27 16 12 37 30 8 22 26 19 10 15 12 14 21 17 19 30 21 15 27 17 19 29 9 30 21 23 21 12 34 31 13 19 6 13 3 20 14 35 19 36 28 29 23 12 21 26 28 19 14 12 13 11 37 21 25 9 8 19 22 16 11 4 26 12 18 33 19 21 22 21 20 38 33 20
19 47 39 8 49 13 41 35 9 2 28 5 15 34 18 12 48 42 30 42 55 29 33 4 22 49 16 21 16 48 41 42 21 14 38 0 44 31 40 58 34 13 28 40 39 43 36 47 33 28 43 12 39 29 13 47 27 45 5 44 5 30 46 40 13 43 37 35 9 12 7 52 43 41 22 17 12 25 26 2 18 29 34 42 52 42 22 35 27 48 21 42 17 34 24 13 24 34 14 39 8 38 50 45 28 34 7 36 25 31 46 39 48 26 20 43 2 15 16 45 29 32 13 27 18 32 28 24 45 42 37 38 29 38 33 43 53 29 41 28 38 22 43 22 17 45 16 28 42 5 51
37 47 18 46 37 32 45 19 37 46 25 40 30 45 27 46 20 19 43 3 30 18 34 42 22 22 31 24 31 35 3 12 27 37 26 44 0 15 5 29 18 32 37 49 5 10 9 26 26 18 38 45 47 46 32 32 30 23 39 6 40 31 52 9 39 7 18 9 40 33 43 22 14 3 22 37 32 37 29 44 27 30 45 3 22 36 33 15 20 47 36 45 28 10 24 43 21 42 46 18 41 45 15 47 21 18 37 13 40 28 19 29 15 22 28 8 43 29 47 49 19 44 41 19 31 14 20 29 35 16 44 6 28 34 42 5 28 19 26 48 38 38 12 23 28 7 33 16 18 40 19
26 46 21 34 39 20 41 19 23 33 19 26 18 40 13 34 30 26 37 13 40 3 31 29 10 32 16 13 16 38 13 11 12 25 27 31 15 0 10 40 6 18 31 46 11 20 12 33 24 12 38 33 44 38 18 37 24 30 26 13 26 27 49 9 27 12 9 6 28 19 31 32 12 13 9 25 20 29 22 32 13 25 40 13 32 36 25 17 14 47 26 42 14 8 15 31 12 37 34 23 29 41 27 45 16 7 25 17 31 26 29 30 25 15 13 19 31 16 35 46 15 38 29 4 20 14 15 20 38 12 40 9 23 33 36 17 38 16 29 39 35 28 12 13 16 19 21 7 13 28 29
33 46 17 42 36 28 44 18 32 41 22 35 26 43 22 42 24 21 40 4 34 13 33 37 18 26 26 20 26 35 5 8 22 33 25 40 5 10 0 33 13 27 34 48 3 14 7 28 25 14 37 41 46 43 27 33 27 25 35 5 35 29 51 5 35 5 14 4 36 28 39 26 10 5 17 33 28 33 26 40 22 27 43 3 26 35 29 14 16 46 32 44 23 6 20 39 17 40 42 18 37 44 19 46 18 13 33 12 36 27 23 28 19 18 23 12 39 24 43 48 16 41 37 14 27 12 17 25 35 12 43 1 26 33 40 9 32 17 25 44 37 34 8 19 24 11 29 12 14 36 23
44 39 21 57 24 46 40 24 55 59 32 55 43 45 45 55 11 16 45 29 11 43 35 55 39 9 49 37 49 24 28 41 50 46 24 58 29 40 33 0 45 48 39 48 30 19 27 17 29 31 31 54 46 48 48 21 35 16 54 35 55 32 47 38 48 36 47 34 51 49 54 7 43 28 42 45 47 40 35 58 46 32 45 32 7 28 39 25 31 40 41 41 46 31 33 51 34 42 53 19 52 43 14 41 29 46 51 24 43 30 12 25 14 31 51 21 57 45 53 44 29 44 50 42 40 27 29 36 25 45 43 33 33 31 43 24 10 28 21 50 35 42 41 36 40 22 42 35 47 54 10
31 52 27 37 45 23 47 25 25 36 25 29 21 46 16 37 36 32 42 16 46 5 37 32 14 38 18 17 18 44 17 8 13 28 33 34 18 6 13 45 0 21 36 51 15 26 18 39 30 18 44 36 49 42 21 43 30 36 29 13 29 33 55 9 30 12 3 11 31 22 34 38 9 17 12 29 23 34 28 35 16 31 45 15 38 42 29 23 20 53 30 48 17 14 21 34 18 42 37 29 32 46 31 51 22 1 28 23 35 32 35 36 31 21 14 24 34 19 38 52 21 42 32 7 24 20 21 26 44 8 45 12 29 39 42 21 44 22 35 43 41 32 9 18 20 23 25 13 8 31 35
17 44 28 16 44 6 38 25 5 15 20 8 8 32 5 17 39 33 28 29 46 16 30 11 10 40 3 11 3 43 29 29 8 12 31 13 32 18 27 48 21 0 25 39 27 33 25 38 27 18 40 16 37 29 0 42 23 35 8 31 8 27 44 27 13 30 24 22 11 1 13 42 30 29 9 15 4 22 21 14 5 25 32 29 42 39 19 25 17 45 18 39 4 22 16 16 14 31 18 29 12 35 40 42 19 21 7 26 23 27 36 34 38 17 7 32 13 3 20 42 19 30 14 14 13 22 19 19 42 29 34 25 24 35 30 32 43 20 34 29 35 20 30 12 10 34 11 16 29 10 41
9 19 22 21 21 19 13 19 29 26 12 26 18 9 24 18 31 25 6 34 32 31 6 24 22 31 28 19 28 21 34 40 30 14 15 28 37 31 34 39 36 25 0 15 32 32 28 24 12 19 15 17 13 9 25 22 7 23 26 39 27 7 19 37 15 38 39 30 19 26 21 34 42 34 25 11 21 3 8 26 26 8 9 36 34 15 7 23 17 20 7 14 25 27 15 16 18 7 16 24 20 11 38 17 16 37 23 26 4 10 28 16 35 16 30 33 26 23 15 18 18 7 15 29 13 23 17 10 19 43 10 32 9 11 6 35 31 18 19 11 10 6 40 18 17 36 14 23 43 24 35
22 10 34 32 24 33 8 31 42 38 27 38 32 7 39 28 41 36 11 48 37 47 15 36 38 41 42 34 42 24 46 55 45 27 26 40 49 46 48 48 51 39 15 0 46 43 41 32 23 34 17 28 2 11 39 27 22 34 38 53 39 19 6 52 28 53 54 45 31 40 33 45 57 46 40 24 35 17 23 38 40 21 7 50 45 20 22 34 32 11 21 7 39 42 30 27 33 8 26 35 32 5 49 8 30 52 35 37 16 21 39 25 46 31 44 44 38 37 24 6 32 9 27 44 27 36 31 24 23 58 5 47 22 18 9 46 38 31 29 12 14 19 55 33 31 47 28 38 58 36 46
32 44 15 41 34 27 41 16 32 41 20 35 25 41 22 41 21 18 38 2 31 14 31 37 17 23 26 19 26 33 2 11 23 32 23 39 5 11 3 30 15 27 32 46 0 11 5 25 23 13 35 40 44 41 27 31 25 22 34 7 35 27 49 8 34 7 17 5 35 28 38 23 13 2 18 32 27 32 24 39 23 25 41 4 23 33 28 12 15 44 31 42 24 5 19 38 16 38 41 16 36 42 16 44 16 16 32 10 35 25 20 26 16 17 24 9 38 24 42 46 14 39 36 15 26 10 15 24 33 15 41 3 24 31 38 6 29 15 23 43 35 33 11 18 23 8 28 11 17 35 20
32 38 10 44 26 31 36 13 39 45 20 40 29 39 29 43 10 9 38 10 20 23 28 41 23 12 33 22 33 25 9 22 31 34 17 43 10 20 14 19 26 33 32 43 11 0 8 16 20 15 29 42 41 41 33 22 25 13 39 16 40 25 43 19 36 17 28 15 38 34 41 12 24 9 24 32 32 32 24 43 29 24 39 13 12 26 28 9 16 38 31 36 30 12 20 39 18 36 41 8 39 38 7 38 16 27 36 6 35 22 9 19 5 18 32 2 42 30 42 40 14 38 37 23 27 10 15 24 25 26 38 14 23 25 36 5 18 14 16 43 29 33 22 20 25 5 29 17 28 39 9
28 39 10 38 29 24 36 11 30 38 16 32 22 37 20 37 18 14 34 6 28 15 26 34 15 20 25 15 25 28 6 15 23 28 18 36 9 12 7 27 18 25 28 41 5 8 0 21 18 9 30 36 39 37 25 26 21 18 32 12 33 22 44 12 30 12 20 7 31 26 34 20 17 6 16 28 25 28 20 36 21 21 36 9 20 28 24 7 11 39 27 37 22 4 15 34 12 33 37 11 32 37 15 39 12 19 29 5 31 20 17 21 13 13 24 7 35 22 38 41 10 35 32 15 22 5 11 20 28 19 36 7 19 26 33 7 26 10 18 39 30 29 15 14 19 9 24 9 21 32 17
29 23 12 42 9 35 24 14 45 47 20 43 32 28 35 40 9 7 28 25 8 36 18 43 30 9 40 27 40 9 24 36 41 33 9 47 26 33 28 17 39 38 24 32 25 16 21 0 14 22 15 39 30 31 38 6 20 3 43 31 44 17 31 33 35 32 41 28 38 39 41 13 38 24 33 31 36 25 21 46 37 17 28 28 13 12 24 16 21 24 26 25 37 25 23 36 24 25 38 10 39 27 18 25 19 40 40 16 28 15 8 8 16 21 42 18 45 35 38 28 19 27 35 35 28 19 19 22 9 40 27 28 18 14 26 21 7 18 5 33 18 27 36 26 30 21 30 27 42 42 14
15 21 10 28 17 21 18 7 31 33 7 29 19 19 24 26 19 13 18 24 22 26 8 29 19 20 29 16 29 16 23 33 30 19 5 33 26 24 25 29 30 27 12 23 23 20 18 14 0 12 14 25 21 21 27 15 6 13 29 30 30 5 26 29 21 30 33 23 24 28 27 23 34 23 22 17 23 12 7 32 26 4 19 27 23 12 11 11 10 22 13 19 26 20 11 23 13 16 25 12 25 19 26 21 8 31 26 14 15 2 17 7 23 10 31 21 31 24 25 23 10 18 22 24 14 13 9 8 15 36 18 25 4 9 16 23 21 9 9 23 12 14 33 15 17 24 16 17 37 28 23
19 34 10 29 28 15 30 8 23 29 7 24 13 28 13 28 21 15 25 15 29 14 19 25 8 22 18 7 18 27 15 20 19 19 15 28 18 12 14 31 18 18 19 34 13 15 9 22 12 0 26 27 32 28 18 26 12 19 24 19 25 15 37 17 21 18 21 11 23 19 26 25 22 15 11 19 17 19 11 28 15 13 28 17 25 24 15 7 2 34 18 30 15 8 6 25 3 25 28 12 24 29 22 33 4 19 21 9 22 13 19 18 20 4 20 15 27 15 29 34 3 26 23 13 13 5 3 11 26 24 28 13 12 21 25 16 27 4 18 30 23 20 21 5 10 18 15 5 25 24 23
24 8 20 37 8 34 9 20 44 42 20 41 32 15 37 33 24 20 17 35 20 40 10 39 32 24 42 29 42 7 35 46 43 29 12 43 38 38 37 31 44 40 15 17 35 29 30 15 14 26 0 32 15 20 40 10 17 17 41 41 42 13 16 42 30 42 47 36 34 41 36 28 47 35 35 26 36 18 19 41 39 15 15 38 28 3 21 24 24 9 22 10 39 33 24 31 27 13 31 21 35 13 32 10 22 45 38 25 19 13 22 10 30 24 44 31 41 37 30 13 24 15 30 38 27 26 23 21 6 49 13 37 16 5 13 34 21 23 13 21 5 21 45 28 30 34 29 31 50 39 29
10 35 33 4 38 13 29 30 16 10 22 11 15 22 20 1 44 38 18 42 48 31 23 8 23 45 20 21 20 38 42 44 25 8 30 12 45 33 41 54 36 16 17 28 40 42 36 39 25 27 32 0 27 17 16 39 19 38 11 46 12 22 34 42 6 45 39 37 5 16 5 48 45 42 24 9 13 15 19 10 20 21 22 44 48 32 15 32 25 36 12 30 19 35 21 2 24 22 2 35 5 26 49 33 25 36 10 35 13 23 42 31 46 23 23 41 10 17 4 33 26 20 4 29 14 31 25 18 36 44 25 40 21 28 21 43 46 26 33 16 27 12 45 22 17 44 12 29 44 9 47
20 9 32 31 22 31 6 29 40 37 25 37 30 5 37 27 39 34 9 46 35 45 13 35 36 39 40 32 40 22 44 53 43 25 24 39 47 44 46 46 49 37 13 2 44 41 39 30 21 32 15 27 0 10 37 25 20 32 37 51 38 17 7 49 26 50 52 43 30 38 32 43 54 44 38 22 33 15 21 37 38 19 5 48 43 18 20 32 30 10 19 5 37 40 28 26 31 6 25 33 31 3 47 7 28 50 34 35 14 19 37 23 44 29 42 42 37 35 23 6 30 7 26 42 25 34 29 22 21 56 3 45 20 16 7 44 36 29 27 11 12 17 53 31 29 45 26 36 56 35 44
13 18 31 21 28 24 13 28 31 27 21 27 23 5 30 17 39 34 3 43 39 38 13 25 29 39 32 25 32 27 43 49 36 17 24 29 46 38 43 48 42 29 9 11 41 41 37 31 21 28 20 17 10 0 29 29 16 32 27 47 28 16 17 45 17 46 45 39 20 30 22 43 50 43 31 15 25 9 17 27 31 17 5 45 43 21 14 32 26 19 12 13 30 36 23 16 26 6 15 33 21 9 47 16 25 43 24 35 7 19 37 23 44 24 35 42 27 28 13 16 27 4 16 35 19 32 26 17 25 50 8 41 18 17 6 44 38 27 27 2 14 10 49 26 23 45 19 31 50 25 44
17 44 28 16 44 6 38 25 5 15 20 8 8 32 5 17 39 33 28 29 46 16 30 11 10 40 3 11 3 43 29 29 8 12 31 13 32 18 27 48 21 0 25 39 27 33 25 38 27 18 40 16 37 29 0 42 23 35 8 31 8 27 44 27 13 30 24 22 11 1 13 42 30 29 9 15 4 22 21 14 5 25 32 29 42 39 19 25 17 45 18 39 4 22 16 16 14 31 18 29 12 35 40 42 19 21 7 26 23 27 36 34 38 17 7 32 13 3 20 42 19 30 14 14 13 22 19 19 42 29 34 25 24 35 30 32 43 20 34 29 35 20 30 12 10 34 11 16 29 10 41
30 18 16 43 3 36 19 18 46 47 22 44 34 24 39 39 15 13 26 31 10 40 16 44 34 14 44 31 44 3 30 42 45 33 11 47 32 37 33 21 43 42 22 27 31 22 26 6 15 26 10 39 25 29 42 0 20 9 44 37 45 17 26 38 35 38 45 32 38 43 41 18 43 30 37 31 38 24 22 46 41 18 24 34 18 7 25 20 25 19 27 20 41 29 26 37 28 22 38 16 39 22 24 20 23 44 41 21 26 16 14 8 22 25 46 24 45 39 37 23 23 24 36 39 29 23 23 23 4 45 22 33 19 11 22 27 11 22 8 30 14 27 41 30 32 27 31 31 46 43 19
9 22 15 22 21 17 17 12 27 26 5 25 15 16 20 20 25 19 13 27 28 25 7 23 16 26 25 13 25 20 27 33 26 13 11 27 30 24 27 35 30 23 7 22 25 25 21 20 6 12 17 19 20 16 23 20 0 19 25 31 25 4 25 29 15 30 33 23 18 24 21 29 34 27 19 11 19 7 2 26 22 2 16 29 29 16 5 16 10 23 7 18 22 20 9 17 12 13 19 17 19 17 31 21 9 31 21 19 10 4 23 12 28 9 27 26 25 20 18 22 11 14 16 23 10 16 10 4 19 36 16 25 2 12 13 28 27 11 14 18 12 8 33 12 13 29 12 17 37 23 29
28 25 9 41 12 33 26 11 42 46 18 42 30 30 32 39 7 4 29 22 10 33 19 42 27 7 37 24 37 12 21 33 38 32 8 45 23 30 25 16 36 35 23 34 22 13 18 3 13 19 17 38 32 32 35 9 19 0 41 28 42 16 33 30 34 29 38 25 37 36 40 11 35 21 30 30 34 24 20 45 34 16 30 25 11 14 23 13 18 26 25 27 34 22 20 35 21 27 37 7 38 29 15 27 16 37 38 13 27 14 5 9 13 18 39 15 44 32 37 30 16 29 34 32 27 16 16 21 12 37 29 25 17 16 27 18 8 15 5 34 20 26 33 23 27 18 29 24 39 41 12
17 45 34 9 46 9 39 31 5 7 24 0 11 32 13 11 44 38 28 37 51 24 31 3 17 45 11 17 11 45 36 37 16 12 34 5 39 26 35 54 29 8 26 38 34 39 32 43 29 24 41 11 37 27 8 44 25 41 0 39 1 28 44 35 11 38 32 30 7 7 6 48 38 36 17 15 7 23 23 6 13 27 32 37 48 40 20 31 23 46 19 40 12 29 20 11 20 32 13 35 6 36 46 43 24 29 3 32 23 29 42 36 44 22 15 39 5 10 15 43 25 30 11 22 15 28 24 21 43 37 35 33 26 36 31 39 49 25 38 26 36 20 38 18 13 41 12 23 37 2 47
38 51 22 47 41 33 48 23 36 46 27 39 31 48 26 47 26 24 45 6 36 16 38 42 23 28 29 25 29 39 7 6 25 38 29 44 6 13 5 35 13 31 39 53 7 16 12 31 30 19 41 46 51 47 31 37 31 28 39 0 39 34 55 4 40 1 13 9 41 32 44 28 8 7 22 38 33 38 30 45 26 32 47 3 28 39 34 19 21 50 37 48 27 11 25 44 22 44 47 22 42 48 21 50 23 14 38 16 41 32 25 32 21 23 26 14 44 29 48 52 21 45 42 17 32 17 22 30 39 10 47 6 31 37 44 11 34 22 29 49 41 39 6 24 29 13 34 17 12 41 25
18 46 34 10 47 10 40 31 4 7 24 1 12 33 13 12 45 39 29 37 52 24 32 4 18 46 11 18 11 46 37 37 16 13 35 5 40 26 35 55 29 8 27 39 35 40 33 44 30 25 42 12 38 28 8 45 25 42 1 39 0 29 45 35 12 38 32 30 8 7 7 49 38 37 17 16 8 24 23 6 13 27 33 37 49 41 21 32 24 47 20 41 12 30 21 12 21 33 14 36 7 37 47 44 25 29 4 33 24 29 43 37 45 23 15 40 5 11 16 44 26 31 12 22 15 29 25 21 44 37 36 33 26 37 32 40 50 26 39 27 37 21 38 19 14 42 13 24 37 3 48
12 18 15 25 17 21 14 12 31 30 8 28 19 14 24 23 23 18 13 28 25 28 4 27 20 23 29 16 29 16 28 36 30 16 8 30 31 27 29 32 33 27 7 19 27 25 22 17 5 15 13 22 17 16 27 17 4 16 28 34 29 0 22 32 18 33 36 26 21 28 24 27 37 28 22 14 23 8 6 29 26 2 14 31 27 12 8 16 13 19 10 15 26 23 11 20 14 11 22 17 22 15 31 17 11 34 25 19 11 3 21 9 28 12 31 26 28 24 21 19 13 13 19 26 14 17 12 8 15 39 14 28 3 8 11 28 24 12 12 18 8 11 36 15 17 29 16 19 39 26 28
27 8 35 38 23 38 8 33 47 44 30 44 37 12 44 34 40 36 16 50 36 50 18 42 41 40 47 38 47 23 49 58 50 32 26 46 52 49 51 47 55 44 19 6 49 43 44 31 26 37 16 34 7 17 44 26 25 33 44 55 45 22 0 54 33 55 58 48 37 45 39 44 59 49 44 29 40 22 27 44 45 24 12 52 44 19 26 37 35 7 26 7 44 45 33 33 36 12 32 35 38 8 48 6 33 56 41 39 21 24 38 25 46 34 49 45 44 42 30 3 35 14 33 48 32 39 34 28 22 61 9 50 25 18 13 48 37 34 29 18 14 24 58 37 36 48 33 41 61 42 45
34 51 22 43 41 29 48 22 31 42 25 35 27 46 22 43 29 26 43 9 39 11 37 38 19 31 24 21 24 40 10 3 20 34 30 40 9 9 5 38 9 27 37 52 8 19 12 33 29 17 42 42 49 45 27 38 29 30 35 4 35 32 54 0 36 3 9 6 37 28 40 31 5 10 18 34 29 36 28 41 22 30 45 6 31 40 31 18 19 51 34 47 23 9 22 40 18 42 43 23 38 46 24 49 21 10 34 17 38 30 28 33 24 21 21 17 40 25 44 51 19 43 38 13 28 16 20 27 40 7 45 5 29 38 42 14 37 20 30 46 40 35 4 20 25 16 30 13 9 37 28
6 34 28 8 35 8 28 24 14 12 17 11 9 21 15 7 38 32 17 36 43 25 20 9 17 39 16 15 16 35 36 38 20 2 26 13 39 27 35 48 30 13 15 28 34 36 30 35 21 21 30 6 26 17 13 35 15 34 11 40 12 18 33 36 0 39 33 31 4 13 7 42 39 36 18 4 9 12 14 11 16 17 21 38 42 29 10 26 19 35 8 29 15 29 15 4 18 21 7 29 5 25 43 32 19 31 8 29 12 19 36 27 40 17 20 35 11 13 8 32 20 19 2 23 8 25 19 13 33 38 24 34 17 25 20 37 42 20 29 17 25 9 39 16 11 38 6 23 38 9 41
37 51 22 46 41 32 48 23 34 45 26 38 30 47 25 46 27 25 44 7 37 14 38 41 22 29 27 24 27 40 8 5 23 37 30 43 7 12 5 36 12 30 38 53 7 17 12 32 30 18 42 45 50 46 30 38 30 29 38 1 38 33 55 3 39 0 12 8 40 31 43 29 7 8 21 37 32 37 29 44 25 31 46 4 29 40 33 19 20 51 36 48 26 10 24 43 21 43 46 23 41 47 22 50 22 13 37 17 40 31 26 33 22 22 24 15 43 28 47 52 20 44 41 16 31 17 21 29 40 9 46 5 30 38 43 12 35 21 30 48 41 38 5 23 28 14 33 16 11 40 26
34 55 29 40 48 26 50 28 28 39 28 32 24 49 19 40 38 34 45 18 48 8 40 35 17 40 21 20 21 47 19 7 16 31 36 37 18 9 14 47 3 24 39 54 17 28 20 41 33 21 47 39 52 45 24 45 33 38 32 13 32 36 58 9 33 12 0 13 34 25 37 40 7 19 15 32 26 37 31 38 19 34 48 15 40 45 32 25 23 55 33 51 20 16 24 37 21 45 40 31 35 49 33 53 25 3 31 25 38 34 37 39 33 24 17 26 37 22 41 55 24 45 35 10 27 23 24 29 47 5 48 14 32 42 45 23 46 25 37 46 44 35 8 21 23 25 28 16 5 34 37
29 45 16 38 35 24 41 16 28 37 18 31 22 39 17 38 25 21 36 7 35 9 30 33 14 27 22 16 22 34 7 9 18 29 24 35 9 6 4 34 11 22 30 45 5 15 7 28 23 11 36 37 43 39 22 32 23 25 30 9 30 26 48 6 31 8 13 0 32 23 35 27 11 7 13 29 24 30 22 36 18 24 39 7 27 34 26 12 13 45 28 41 19 3 16 35 13 36 38 18 33 40 21 43 15 12 29 12 33 24 24 27 20 15 19 13 35 20 39 45 13 37 33 10 23 10 14 21 34 13 39 3 23 32 36 11 33 14 24 40 34 30 10 15 20 13 25 8 14 32 24
10 38 31 6 39 8 32 27 11 8 20 7 10 25 15 6 41 35 21 37 47 26 24 5 18 42 14 16 14 38 37 39 19 5 29 9 40 28 36 51 31 11 19 31 35 38 31 38 24 23 34 5 30 20 11 38 18 37 7 41 8 21 37 37 4 40 34 32 0 11 3 45 40 37 19 8 8 16 17 7 15 20 25 39 45 33 13 29 22 39 12 33 14 30 18 5 19 25 7 32 1 29 45 36 22 31 5 31 16 22 39 30 43 20 18 38 7 12 9 36 23 23 4 24 10 27 22 16 36 39 28 35 20 29 24 38 45 23 32 20 29 13 40 17 12 40 8 24 39 5 44
18 45 29 15 45 7 39 26 4 14 21 7 9 33 6 17 40 34 29 30 47 17 31 10 11 41 4 12 4 44 30 30 9 13 32 12 33 19 28 49 22 1 26 40 28 34 26 39 28 19 41 16 38 30 1 43 24 36 7 32 7 28 45 28 13 31 25 23 11 0 12 43 31 30 10 16 5 23 22 13 6 26 33 30 43 40 20 26 18 46 19 40 5 23 17 16 15 32 18 30 11 36 41 43 20 22 6 27 24 28 37 35 39 18 8 33 12 4 20 43 20 31 14 15 14 23 20 20 43 30 35 26 25 36 31 33 44 21 35 30 36 21 31 13 11 35 12 17 30 9 42
13 40 34 3 42 11 34 30 11 5 23 6 13 27 18 5 44 38 23 40 50 29 26 3 21 45 16 19 16 41 40 42 21 8 32 7 43 31 39 54 34 13 21 33 38 41 34 41 27 26 36 5 32 22 13 41 21 40 6 44 7 24 39 40 7 43 37 35 3 12 0 48 43 40 22 11 11 18 20 5 18 23 27 42 48 35 16 32 25 41 15 35 17 33 21 6 22 27 7 35 2 31 48 38 25 34 6 34 18 25 42 33 46 23 20 41 5 15 9 38 26 25 6 27 13 30 25 19 39 42 30 38 23 31 26 41 48 26 35 21 31 15 43 20 15 43 11 27 42 4 47
38 36 15 51 21 40 37 18 48 53 26 49 37 41 38 49 4 10 40 22 11 35 30 49 33 4 43 31 43 21 21 34 43 40 19 52 22 32 26 7 38 42 34 45 23 12 20 13 23 25 28 48 43 43 42 18 29 11 48 28 49 27 44 31 42 29 40 27 45 43 48 0 36 21 36 39 41 35 29 52 40 27 41 25 0 25 33 18 25 37 36 38 40 24 27 46 28 38 48 13 46 40 8 38 23 39 45 17 38 25 6 20 7 25 44 14 51 39 47 41 23 40 44 35 34 21 23 30 22 38 40 26 27 27 38 17 9 22 16 45 31 37 34 30 34 15 36 29 40 48 3
38 56 27 46 46 32 53 27 34 45 30 38 30 51 25 46 34 31 48 14 44 14 42 41 22 36 27 25 27 45 15 2 22 37 35 43 14 12 10 43 9 30 42 57 13 24 17 38 34 22 47 45 54 50 30 43 34 35 38 8 38 37 59 5 39 7 7 11 40 31 43 36 0 15 21 37 32 41 33 44 25 35 50 11 36 45 36 23 24 56 38 52 26 14 27 43 23 47 46 28 41 51 29 54 26 9 37 22 43 35 33 38 29 26 23 22 43 28 47 56 24 48 41 16 32 21 25 32 45 2 50 10 34 43 47 19 42 25 35 51 45 40 2 25 28 21 33 18 4 40 33
34 44 15 43 33 29 42 16 34 43 22 37 27 42 24 43 19 17 40 1 29 16 31 39 19 21 28 21 28 33 0 13 25 34 23 41 3 13 5 28 17 29 34 46 2 9 6 24 23 15 35 42 44 43 29 30 27 21 36 7 37 28 49 10 36 8 19 7 37 30 40 21 15 0 20 34 29 34 26 41 25 27 42 4 21 33 30 12 17 44 33 42 26 7 21 40 18 39 43 15 38 42 14 44 18 18 34 10 37 25 18 26 14 19 26 7 40 26 44 46 16 41 38 17 28 11 17 26 33 17 41 5 25 31 39 4 27 16 23 45 35 35 13 20 25 6 30 13 19 37 18
18 41 21 25 39 11 36 19 14 24 15 17 9 33 4 25 32 26 29 20 40 7 26 20 3 33 8 6 8 38 20 20 8 16 26 22 22 9 17 42 12 9 25 40 18 24 16 33 22 11 35 24 38 31 9 37 19 30 17 22 17 22 44 18 18 21 15 13 19 10 22 36 21 20 0 17 11 22 17 23 5 20 33 20 36 34 18 18 12 41 19 37 6 13 11 22 9 31 25 23 20 35 31 39 14 13 16 19 24 22 30 29 29 12 9 23 22 7 26 41 14 31 20 5 12 15 14 15 37 20 34 16 19 30 30 23 38 15 29 32 30 21 21 7 8 25 13 7 20 19 33
2 30 24 12 31 9 24 21 18 16 13 15 9 17 16 10 35 29 13 34 39 25 16 13 15 36 18 13 18 30 34 36 21 3 22 17 37 25 33 45 29 15 11 24 32 32 28 31 17 19 26 9 22 15 15 31 11 30 15 38 16 14 29 34 4 37 32 29 8 16 11 39 37 34 17 0 11 8 10 15 17 13 17 36 39 25 6 23 17 31 4 25 16 27 13 7 16 17 9 26 9 21 39 28 16 30 12 26 8 15 33 23 37 15 21 33 15 14 10 28 18 15 5 22 6 23 17 9 29 37 20 32 13 21 16 35 38 18 25 15 21 5 37 14 9 36 5 21 37 13 38
13 40 26 14 40 2 34 23 8 13 16 7 4 28 7 14 37 31 24 29 44 18 26 9 10 38 7 10 7 39 29 31 11 8 27 12 32 20 28 47 23 4 21 35 27 32 25 36 23 17 36 13 33 25 4 38 19 34 7 33 8 23 40 29 9 32 26 24 8 5 11 41 32 29 11 11 0 18 17 12 7 21 28 31 41 35 15 24 16 41 14 35 6 22 13 12 13 27 15 28 9 31 39 38 17 23 5 25 19 23 35 30 37 15 11 32 11 4 16 38 18 26 10 16 9 21 17 15 38 31 30 27 20 31 26 32 42 18 31 25 31 16 32 11 6 34 7 16 31 8 40
6 22 22 18 23 16 16 19 26 23 12 23 15 11 21 15 31 26 7 34 33 29 8 21 20 31 25 17 25 23 34 39 27 11 16 25 37 29 33 40 34 22 3 17 32 32 28 25 12 19 18 15 15 9 22 24 7 24 23 38 24 8 22 36 12 37 37 30 16 23 18 35 41 34 22 8 18 0 8 23 23 8 11 36 35 17 5 23 17 23 4 17 22 27 13 13 16 9 14 24 17 13 38 20 16 35 20 26 3 10 29 17 35 15 27 33 23 20 13 20 18 9 12 27 10 23 17 8 21 41 12 32 9 13 8 35 32 18 20 11 13 3 39 17 14 36 11 21 41 21 35
9 24 14 22 23 15 19 11 25 25 4 23 13 17 18 20 25 19 14 26 29 23 9 22 14 26 23 11 23 22 26 32 24 12 12 26 29 22 26 35 28 21 8 23 24 24 20 21 7 11 19 19 21 17 21 22 2 20 23 30 23 6 27 28 14 29 31 22 17 22 20 29 33 26 17 10 17 8 0 24 20 4 17 28 29 18 4 15 9 25 7 20 20 19 7 17 10 15 19 16 18 19 30 23 8 29 19 18 11 6 23 14 27 8 25 25 24 18 19 24 10 15 15 21 8 15 9 2 21 34 18 24 3 14 14 27 28 10 16 19 14 9 32 10 11 28 10 15 35 22 28
17 45 38 6 47 13 39 34 10 1 27 6 15 32 19 10 48 42 28 42 55 30 31 3 22 49 17 21 17 46 41 43 22 13 37 2 44 32 40 58 35 14 26 38 39 43 36 46 32 28 41 10 37 27 14 46 26 45 6 45 6 29 44 41 11 44 38 36 7 13 5 52 44 41 23 15 12 23 24 0 19 27 32 43 52 40 20 35 27 46 19 40 18 34 24 11 24 32 12 39 6 36 50 43 28 35 7 36 23 29 46 37 48 26 21 43 1 16 14 43 29 30 11 28 17 32 28 23 43 43 35 39 27 36 31 43 52 29 39 26 36 20 44 22 17 45 15 28 43 4 51
18 44 25 21 43 8 39 23 10 20 19 13 8 33 2 21 36 30 29 25 44 11 29 16 7 37 3 10 3 42 25 24 5 15 30 18 27 13 22 46 16 5 26 40 23 29 21 37 26 15 39 20 38 31 5 41 22 34 13 26 13 26 45 22 16 25 19 18 15 6 18 40 25 25 5 17 7 23 20 19 0 24 33 25 40 38 19 22 16 45 19 40 1 18 15 19 13 32 22 27 16 36 36 43 18 16 12 24 24 26 34 33 34 16 5 28 18 3 23 43 18 31 17 9 13 20 18 18 41 24 35 21 23 34 31 28 42 19 33 32 34 21 25 11 9 30 12 12 24 15 38
11 20 14 24 19 19 16 11 29 28 6 27 17 16 22 22 23 17 14 27 26 26 6 25 17 24 27 14 27 18 27 34 28 15 8 29 30 25 27 32 31 25 8 21 25 24 21 17 4 13 15 21 19 17 25 18 2 16 27 32 27 2 24 30 17 31 34 24 20 26 23 27 35 27 20 13 21 8 4 27 24 0 16 29 27 14 7 15 11 21 9 17 24 21 9 19 12 13 21 16 21 17 30 19 9 32 23 18 11 2 21 10 27 10 29 25 27 22 20 21 11 14 18 24 12 15 10 6 17 37 16 26 1 10 13 27 24 10 12 19 10 10 34 13 15 28 14 17 37 25 27
15 13 29 26 23 26 8 26 35 32 21 32 25 0 32 22 37 32 4 42 35 40 11 30 31 37 35 28 35 22 42 49 38 20 22 34 45 40 43 45 45 32 9 7 41 39 36 28 19 28 15 22 5 5 32 24 16 30 32 47 33 14 12 45 21 46 48 39 25 33 27 41 50 42 33 17 28 11 17 32 33 16 0 45 41 17 16 30 26 14 14 8 32 36 24 21 27 3 20 31 26 4 45 11 25 46 29 33 9 17 35 21 42 25 37 40 32 30 18 11 27 2 21 38 21 31 26 19 21 51 3 41 17 14 3 42 35 26 25 7 10 12 49 27 25 43 21 32 52 30 42
36 48 18 45 37 31 45 20 35 44 24 38 29 45 24 45 23 21 42 3 33 16 35 40 21 25 29 23 29 36 4 9 25 36 26 42 3 13 3 32 15 29 36 50 4 13 9 28 27 17 38 44 48 45 29 34 29 25 37 3 37 31 52 6 38 4 15 7 39 30 42 25 11 4 20 36 31 36 28 43 25 29 45 0 25 36 32 16 19 47 35 45 26 9 23 42 20 42 45 19 40 46 18 47 20 16 36 13 39 29 22 29 18 21 26 11 42 27 46 49 18 43 40 17 30 14 19 28 36 13 45 4 28 34 42 8 31 19 26 47 38 37 9 22 27 10 32 15 15 39 22
38 36 15 51 21 40 37 18 48 53 26 49 37 41 38 49 4 10 40 22 11 35 30 49 33 4 43 31 43 21 21 34 43 40 19 52 22 32 26 7 38 42 34 45 23 12 20 13 23 25 28 48 43 43 42 18 29 11 48 28 49 27 44 31 42 29 40 27 45 43 48 0 36 21 36 39 41 35 29 52 40 27 41 25 0 25 33 18 25 37 36 38 40 24 27 46 28 38 48 13 46 40 8 38 23 39 45 17 38 25 6 20 7 25 44 14 51 39 47 41 23 40 44 35 34 21 23 30 22 38 40 26 27 27 38 17 9 22 16 45 31 37 34 30 34 15 36 29 40 48 3
24 11 18 37 6 33 12 18 43 42 19 40 31 17 36 33 21 17 18 33 17 38 9 38 31 21 41 28 41 5 33 44 42 28 10 42 36 36 35 28 42 39 15 20 33 26 28 12 12 24 3 32 18 21 39 7 16 14 40 39 41 12 19 40 29 40 45 34 33 40 35 25 45 33 34 25 35 17 18 40 38 14 17 36 25 0 20 22 22 12 21 13 38 31 23 30 25 15 31 18 34 15 29 13 20 43 37 23 19 12 19 7 27 22 43 28 40 36 30 16 21 17 29 36 26 24 21 20 4 47 15 35 15 4 15 31 18 21 10 23 7 20 43 27 29 31 28 29 48 38 26
5 25 18 18 25 13 20 15 23 21 8 20 11 16 17 16 29 23 12 30 33 24 11 18 15 30 21 12 21 24 30 35 23 8 15 22 33 25 29 39 29 19 7 22 28 28 24 24 11 15 21 15 20 14 19 25 5 23 20 34 21 8 26 31 10 33 32 26 13 20 16 33 36 30 18 6 15 5 4 20 19 7 16 32 33 20 0 19 13 26 3 21 18 23 9 13 12 14 15 20 14 18 34 24 12 30 17 22 7 9 27 17 31 11 23 29 20 16 15 25 14 14 11 22 6 19 13 4 23 37 17 28 7 16 13 31 31 14 19 15 16 5 35 12 10 32 8 17 37 18 32
23 32 4 35 23 22 29 4 30 36 11 31 20 30 20 33 14 9 29 13 23 20 19 32 15 16 25 14 25 22 12 22 26 24 12 35 15 17 14 25 23 25 23 34 12 9 7 16 11 7 24 32 32 32 25 20 16 13 31 19 32 16 37 18 26 19 25 12 29 26 32 18 23 12 18 23 24 23 15 35 22 15 30 16 18 22 19 0 7 33 22 30 22 9 10 29 10 27 32 6 30 30 16 32 7 24 28 3 26 13 13 15 14 8 27 10 34 22 33 34 5 29 28 19 17 3 6 15 22 25 29 14 14 20 27 12 21 5 12 34 23 24 22 12 17 13 19 11 26 31 16
17 32 10 28 27 15 27 7 24 29 5 24 12 26 14 26 21 15 23 17 28 16 17 24 9 22 19 6 19 26 17 22 20 17 14 27 20 14 16 31 20 17 17 32 15 16 11 21 10 2 24 25 30 26 17 25 10 18 23 21 24 13 35 19 19 20 23 13 22 18 25 25 24 17 12 17 16 17 9 27 16 11 26 19 25 22 13 7 0 32 16 28 16 10 4 23 3 23 26 12 23 27 23 30 2 21 20 10 20 12 19 17 21 2 21 16 26 14 27 32 2 24 21 14 11 6 2 9 25 26 26 15 10 19 23 18 26 3 17 28 21 18 23 5 10 19 13 7 27 23 23
29 1 30 40 16 39 7 29 49 46 28 46 37 14 43 36 33 30 18 45 29 48 16 44 39 33 47 36 47 16 45 55 49 34 21 48 47 47 46 40 53 45 20 11 44 38 39 24 22 34 9 36 10 19 45 19 23 26 46 50 47 19 7 51 35 51 55 45 39 46 41 37 56 44 41 31 41 23 25 46 45 21 14 47 37 12 26 33 32 0 27 6 44 42 30 35 33 14 34 30 40 10 41 3 30 53 43 34 23 21 31 19 39 31 49 40 46 42 32 5 32 16 35 45 32 35 31 27 15 58 11 46 22 13 15 43 30 31 22 21 11 26 54 34 36 43 34 38 58 44 38
2 26 21 15 27 12 20 18 22 20 11 19 11 14 18 13 32 26 10 33 35 25 12 17 16 33 21 13 21 26 33 37 24 7 17 21 36 26 32 41 30 18 7 21 31 31 27 26 13 18 22 12 19 12 18 27 7 25 19 37 20 10 26 34 8 36 33 28 12 19 15 36 38 33 19 4 14 4 7 19 19 9 14 35 36 21 3 22 16 27 0 21 18 26 12 10 15 13 12 23 13 17 37 24 15 31 16 25 5 11 30 19 34 14 23 32 19 16 12 24 17 12 9 23 7 22 16 7 25 38 16 31 9 17 12 34 33 17 21 13 17 2 38 14 11 35 7 20 38 17 35
23 5 28 34 17 33 1 26 43 40 23 40 32 8 38 30 34 29 12 43 30 43 11 38 34 34 42 31 42 17 42 51 44 28 19 42 45 42 44 41 48 39 14 7 42 36 37 25 19 30 10 30 5 13 39 20 18 27 40 48 41 15 7 47 29 48 51 41 33 40 35 38 52 42 37 25 35 17 20 40 40 17 8 45 38 13 21 30 28 6 21 0 39 38 26 29 29 8 28 28 34 4 42 3 26 49 37 32 17 17 32 18 39 27 44 38 40 37 26 4 28 10 29 41 27 32 27 22 16 54 5 43 18 11 9 41 31 27 22 15 7 20 51 30 31 41 28 34 54 38 39
17 44 26 20 43 7 39 23 9 19 19 12 7 32 2 20 37 31 28 26 44 12 29 15 7 37 3 10 3 42 26 25 5 14 30 17 28 14 23 46 17 4 25 39 24 30 22 37 26 15 39 19 37 30 4 41 22 34 12 27 12 26 44 23 15 26 20 19 14 5 17 40 26 26 6 16 6 22 20 18 1 24 32 26 40 38 18 22 16 44 18 39 0 19 15 18 13 31 21 27 15 35 37 42 18 17 11 24 23 26 34 33 35 16 5 29 17 2 22 42 18 30 16 10 12 20 18 18 41 25 34 22 23 34 30 29 42 19 33 31 34 20 26 11 9 31 11 13 25 14 38
27 41 13 36 32 22 37 13 27 36 15 30 20 36 17 36 22 18 33 7 32 11 27 32 12 24 21 14 21 31 7 12 19 27 21 34 10 8 6 31 14 22 27 42 5 12 4 25 20 8 33 35 40 36 22 29 20 22 29 11 30 23 45 9 29 10 16 3 30 23 33 24 14 7 13 27 22 27 19 34 18 21 36 9 24 31 23 9 10 42 26 38 19 0 14 33 11 33 36 15 31 37 19 40 12 15 27 9 30 21 21 24 17 12 20 11 33 19 37 42 10 34 31 11 21 7 11 19 31 16 36 5 20 29 33 10 30 11 21 38 31 28 13 13 18 12 23 6 17 30 21
13 30 13 23 28 12 26 9 22 26 4 21 9 24 13 22 23 17 21 21 30 16 15 21 8 24 18 5 18 27 21 25 19 13 15 24 24 15 20 33 21 16 15 30 19 20 15 23 11 6 24 21 28 23 16 26 9 20 20 25 21 11 33 22 15 24 24 16 18 17 21 27 27 21 11 13 13 13 7 24 15 9 24 23 27 23 9 10 4 30 12 26 15 14 0 19 3 21 22 14 19 25 26 28 4 22 17 13 16 11 21 18 24 2 20 20 23 13 23 30 5 22 17 15 7 10 4 5 26 27 24 19 8 19 21 22 28 5 18 24 19 14 26 4 7 23 9 8 28 20 26
8 34 31 5 36 11 28 28 16 11 20 11 13 21 18 3 42 36 17 40 45 29 21 9 21 43 19 19 19 36 40 42 23 6 27 13 43 31 39 51 34 16 16 27 38 39 34 36 23 25 31 2 26 16 16 37 17 35 11 44 12 20 33 40 4 43 37 35 5 16 6 46 43 40 22 7 12 13 17 11 19 19 21 42 46 30 13 29 23 35 10 29 18 33 19 0 22 21 3 33 5 25 45 32 23 34 10 32 12 21 40 29 43 21 23 39 11 16 5 32 24 19 2 27 12 29 23 16 34 42 24 38 19 26 20 41 43 24 31 15 26 10 43 20 15 42 10 27 42 9 45
16 33 13 26 30 12 29 10 21 26 7 21 10 27 11 25 24 18 24 18 31 13 18 22 6 25 16 3 16 29 18 22 17 16 17 24 21 12 17 34 18 14 18 33 16 18 12 24 13 3 27 24 31 26 14 28 12 21 20 22 21 14 36 18 18 21 21 13 19 15 22 28 23 18 9 16 13 16 10 24 13 12 27 20 28 25 12 10 3 33 15 29 13 11 3 22 0 24 25 15 20 28 25 31 5 19 17 12 19 14 22 20 23 3 18 18 23 11 26 33 5 25 20 12 10 8 5 8 28 24 27 16 11 22 24 19 29 6 20 27 22 17 22 2 7 21 12 5 25 20 26
15 13 26 26 21 25 7 23 35 32 18 32 24 3 30 22 34 29 4 39 32 38 8 30 29 34 34 25 34 20 39 46 36 20 19 34 42 37 40 42 42 31 7 8 38 36 33 25 16 25 13 22 6 6 31 22 13 27 32 44 33 11 12 42 21 43 45 36 25 32 27 38 47 39 31 17 27 9 15 32 32 13 3 42 38 15 14 27 23 14 13 8 31 33 21 21 24 0 20 28 26 4 42 11 22 43 29 30 9 14 32 18 39 22 36 37 32 29 18 11 24 2 21 35 19 28 23 16 19 48 3 38 14 11 1 39 32 23 22 8 8 12 46 25 23 40 20 29 49 30 39
10 33 33 6 37 14 27 30 18 12 22 13 16 20 21 2 44 38 16 43 47 32 22 10 24 45 21 22 21 37 43 45 26 9 29 14 46 34 42 53 37 18 16 26 41 41 37 38 25 28 31 2 25 15 18 38 19 37 13 47 14 22 32 43 7 46 40 38 7 18 7 48 46 43 25 9 15 14 19 12 22 21 20 45 48 31 15 32 26 34 12 28 21 36 22 3 25 20 0 35 7 24 48 31 25 37 12 35 12 23 42 31 46 24 25 42 12 19 2 31 27 18 5 30 15 32 26 18 35 45 23 41 21 27 19 44 45 27 33 14 26 11 46 23 18 45 13 30 45 11 47
25 29 2 38 19 27 27 5 36 40 13 36 24 31 26 36 9 3 30 16 17 26 20 36 20 10 30 18 30 18 15 26 31 27 9 39 18 23 18 19 29 29 24 35 16 8 11 10 12 12 21 35 33 33 29 16 17 7 35 22 36 17 35 23 29 23 31 18 32 30 35 13 28 15 23 26 28 24 16 39 27 16 31 19 13 18 20 6 12 30 23 28 27 15 14 33 15 28 35 0 33 30 14 30 10 30 31 6 27 14 7 11 11 12 32 10 37 26 35 32 10 30 31 25 21 9 10 17 18 30 30 18 15 17 28 13 15 9 8 35 21 25 26 17 21 13 23 17 32 34 12
11 39 32 5 40 9 33 28 11 7 21 6 11 26 16 6 42 36 22 38 48 27 25 4 19 43 15 17 15 39 38 40 20 6 30 8 41 29 37 52 32 12 20 32 36 39 32 39 25 24 35 5 31 21 12 39 19 38 6 42 7 22 38 38 5 41 35 33 1 11 2 46 41 38 20 9 9 17 18 6 16 21 26 40 46 34 14 30 23 40 13 34 15 31 19 5 20 26 7 33 0 30 45 37 23 32 5 32 17 23 40 31 43 21 19 38 6 13 9 37 24 24 5 25 11 28 23 17 37 40 29 36 21 30 25 39 45 24 33 20 30 14 41 18 13 41 9 25 40 4 45
19 9 29 30 21 29 4 26 39 36 22 36 28 4 34 26 36 31 8 43 32 42 11 34 33 36 38 29 38 20 42 50 40 24 21 38 45 41 44 43 46 35 11 5 42 38 37 27 19 29 13 26 3 9 35 22 17 29 36 48 37 15 8 46 25 47 49 40 29 36 31 40 51 42 35 21 31 13 19 36 36 17 4 46 40 15 18 30 27 10 17 4 35 37 25 25 28 4 24 30 30 0 44 7 26 47 33 33 13 17 34 20 41 26 40 40 36 33 22 7 28 6 25 39 23 32 27 20 19 52 1 42 18 13 5 42 33 27 24 11 9 16 50 29 27 43 24 33 53 34 41
39 40 16 51 27 38 41 19 46 52 27 47 36 45 36 50 9 13 44 15 18 30 34 48 30 10 40 29 40 27 14 27 38 41 23 50 15 27 19 14 31 40 38 49 16 7 15 18 26 22 32 49 47 47 40 24 31 15 46 21 47 31 48 24 43 22 33 21 45 41 48 8 29 14 31 39 39 38 30 50 36 30 45 18 8 29 34 16 23 41 37 42 37 19 26 45 25 42 48 14 45 44 0 42 23 32 42 13 41 28 10 24 3 24 39 8 48 36 49 45 21 44 43 30 33 17 22 31 27 31 44 19 29 31 42 10 16 21 20 49 35 39 27 27 32 8 35 24 33 45 5
26 2 29 37 17 36 4 28 46 43 26 43 35 11 41 33 34 30 15 44 30 46 14 41 37 34 45 34 45 17 44 54 47 31 21 45 47 45 46 41 51 42 17 8 44 38 39 25 21 33 10 33 7 16 42 20 21 27 43 50 44 17 6 49 32 50 53 43 36 43 38 38 54 44 39 28 38 20 23 43 43 19 11 47 38 13 24 32 30 3 24 3 42 40 28 32 31 11 31 30 37 7 42 0 28 50 40 34 20 19 32 19 40 29 47 40 43 40 29 3 30 13 32 43 30 34 29 25 16 55 8 45 20 13 12 43 31 29 23 18 9 23 53 32 34 43 31 36 56 41 39
16 29 8 27 25 16 26 5 25 30 4 25 13 25 16 26 19 13 22 18 26 18 15 25 11 20 21 8 21 24 18 24 22 17 12 28 21 16 18 29 22 19 16 30 16 16 12 19 8 4 22 25 28 25 19 23 9 16 24 23 25 11 33 21 19 22 25 15 22 20 25 23 26 18 14 16 17 16 8 28 18 9 25 20 23 20 12 7 2 30 15 26 18 12 4 23 5 22 25 10 23 26 23 28 0 23 21 10 19 10 17 15 21 2 23 17 27 16 26 30 2 23 21 16 11 7 1 8 23 28 25 17 8 17 22 19 24 2 15 27 19 17 25 7 11 20 13 9 29 24 22
31 53 28 37 46 23 48 26 25 36 26 29 22 46 16 37 37 33 42 17 47 6 38 32 15 39 18 18 18 45 18 9 13 29 34 34 18 7 13 46 1 21 37 52 16 27 19 40 31 19 45 36 50 43 21 44 31 37 29 14 29 34 56 10 31 13 3 12 31 22 34 39 9 18 13 30 23 35 29 35 16 32 46 16 39 43 30 24 21 53 31 49 17 15 22 34 19 43 37 30 32 47 32 50 23 0 28 24 36 32 36 37 32 22 14 25 34 19 38 52 22 43 32 8 25 21 22 27 45 8 46 13 30 40 43 22 45 23 36 44 41 33 10 19 21 24 26 14 8 31 36
14 42 31 9 42 6 36 28 6 8 21 3 8 29 12 11 41 35 25 34 48 23 28 4 15 42 10 14 10 41 34 36 15 9 31 7 37 25 33 51 28 7 23 35 32 36 29 40 26 21 38 10 34 24 7 41 21 38 3 38 4 25 41 34 8 37 31 29 5 6 6 45 37 34 16 12 5 20 19 7 12 23 29 36 45 37 17 28 20 43 16 37 11 27 17 10 17 29 12 31 5 33 42 40 21 28 0 29 20 25 38 33 40 19 14 35 6 9 14 40 22 27 8 21 11 25 21 17 40 36 32 32 22 33 28 36 45 22 35 24 33 17 37 15 10 38 9 21 36 3 43
26 34 5 37 24 24 32 7 32 38 14 33 22 33 22 36 13 9 32 10 23 20 22 34 17 15 27 15 27 23 10 20 27 27 13 36 13 17 12 24 23 26 26 37 10 6 5 16 14 9 25 35 35 35 26 21 19 13 32 16 33 19 39 17 29 17 25 12 31 27 34 17 22 10 19 26 25 26 18 36 24 18 33 13 17 23 22 3 10 34 25 32 24 9 13 32 12 30 35 6 32 33 13 34 10 24 29 0 29 16 12 16 11 11 28 7 35 23 36 36 8 32 30 19 20 4 9 18 23 24 32 12 17 21 30 9 21 8 13 37 25 27 20 14 19 10 22 12 26 32 15
6 22 25 17 25 17 16 22 26 23 15 23 16 9 23 14 34 28 5 37 36 30 10 21 21 34 26 18 26 25 37 42 29 11 19 25 40 31 36 43 35 23 4 16 35 35 31 28 15 22 19 13 14 7 23 26 10 27 23 41 24 11 21 38 12 40 38 33 16 24 18 38 43 37 24 8 19 3 11 23 24 11 9 39 38 19 7 26 20 23 5 17 23 30 16 12 19 9 12 27 17 13 41 20 19 36 20 29 0 13 32 20 38 18 28 36 23 21 11 20 21 7 12 28 12 26 20 11 23 43 12 35 12 15 8 38 35 21 23 8 14 3 41 19 16 39 12 24 43 21 38
13 20 12 26 17 21 16 9 31 30 7 29 19 17 24 24 21 15 16 26 23 27 6 27 19 21 29 16 29 16 25 34 30 17 6 31 28 26 27 30 32 27 10 21 25 22 20 15 2 13 13 23 19 19 27 16 4 14 29 32 29 3 24 30 19 31 34 24 22 28 25 25 35 25 22 15 23 10 6 29 26 2 17 29 25 12 9 13 12 21 11 17 26 21 11 21 14 14 23 14 23 17 28 19 10 32 25 16 13 0 19 8 25 11 31 23 29 24 22 21 11 16 20 26 14 15 10 8 15 37 16 26 3 8 14 25 22 10 10 21 10 12 34 15 17 26 16 18 38 27 25
32 30 9 45 17 34 31 12 43 47 20 43 31 35 33 43 2 4 34 19 11 32 24 43 27 3 37 25 37 17 18 31 38 34 13 46 19 29 23 12 35 36 28 39 20 9 17 8 17 19 22 42 37 37 36 14 23 5 42 25 43 21 38 28 36 26 37 24 39 37 42 6 33 18 30 33 35 29 23 46 34 21 35 22 6 19 27 13 19 31 30 32 34 21 21 40 22 32 42 7 40 34 10 32 17 36 38 12 32 19 0 14 8 19 39 11 44 33 41 35 17 34 38 31 28 15 17 24 17 35 34 23 21 21 32 14 9 16 10 39 25 31 31 24 28 14 30 23 37 41 7
21 18 11 34 10 28 17 11 38 38 14 36 26 21 31 32 16 11 20 26 16 32 10 35 26 16 36 23 36 9 26 36 37 25 3 39 29 30 28 25 36 34 16 25 26 19 21 8 7 18 10 31 23 23 34 8 12 9 36 32 37 9 25 33 27 33 39 27 30 35 33 20 38 26 29 23 30 17 14 37 33 10 21 29 20 7 17 15 17 19 19 18 33 24 18 29 20 18 31 11 31 20 24 19 15 37 33 16 20 8 14 0 21 17 38 21 37 31 30 22 15 20 28 31 21 17 15 15 8 40 20 28 11 7 18 24 15 14 4 25 11 20 36 22 24 24 23 23 41 35 21
36 38 13 48 25 36 38 16 44 50 24 45 34 42 34 47 7 10 41 15 16 28 31 46 28 8 38 27 38 25 14 27 36 38 20 48 15 25 19 14 31 38 35 46 16 5 13 16 23 20 30 46 44 44 38 22 28 13 44 21 45 28 46 24 40 22 33 20 43 39 46 7 29 14 29 37 37 35 27 48 34 27 42 18 7 27 31 14 21 39 34 39 35 17 24 43 23 39 46 11 43 41 3 40 21 32 40 11 38 25 8 21 0 22 37 7 46 34 46 43 19 41 41 28 31 15 20 28 25 31 41 19 26 28 39 10 14 19 17 46 32 36 27 25 30 8 33 22 33 43 4
15 30 10 25 27 14 26 7 23 28 4 23 11 25 14 24 21 15 22 19 28 16 16 23 9 22 19 6 19 26 19 24 20 15 14 26 22 15 18 31 21 17 16 31 17 18 13 21 10 4 24 23 29 24 17 25 9 18 22 23 23 12 34 21 17 22 24 15 20 18 23 25 26 19 12 15 15 15 8 26 16 10 25 21 25 22 11 8 2 31 14 27 16 12 2 21 3 22 24 12 21 26 24 29 2 22 19 11 18 11 19 17 22 0 21 18 25 14 25 31 3 23 19 15 9 8 2 7 25 27 25 17 9 19 22 20 26 3 17 26 20 16 25 5 9 21 11 8 28 22 24
22 49 30 23 48 12 44 28 11 22 24 15 12 37 7 25 41 35 33 26 49 10 34 18 12 42 4 15 4 47 27 22 1 19 35 20 28 13 23 51 14 7 30 44 24 32 24 42 31 20 44 23 42 35 7 46 27 39 15 26 15 31 49 21 20 24 17 19 18 8 20 44 23 26 9 21 11 27 25 21 5 29 37 26 44 43 23 27 21 49 23 44 5 20 20 23 18 36 25 32 19 40 39 47 23 14 14 28 28 31 39 38 37 21 0 31 20 7 27 47 23 35 21 9 17 24 23 23 46 22 39 22 28 39 35 30 47 24 38 36 39 25 23 16 14 32 16 16 22 17 41
33 39 11 43 27 30 37 14 37 44 21 39 28 40 27 42 12 11 39 8 22 22 29 40 22 14 32 22 32 27 7 20 30 33 19 43 8 19 12 21 24 32 33 44 9 2 7 18 21 15 31 41 42 42 32 24 26 15 39 14 40 26 45 17 35 15 26 13 38 33 41 14 22 7 23 33 32 33 25 43 28 25 40 11 14 28 29 10 16 40 32 38 29 11 20 39 18 37 42 10 38 40 8 40 17 25 35 7 36 23 11 21 7 18 31 0 41 29 43 42 15 39 37 22 27 10 16 25 27 24 39 12 24 27 37 3 20 15 18 44 31 34 20 20 25 3 29 16 26 38 11
17 45 37 6 46 12 39 33 9 2 26 5 14 32 18 10 47 41 28 40 54 29 31 2 21 48 16 20 16 45 40 42 21 12 36 2 43 31 39 57 34 13 26 38 38 42 35 45 31 27 41 10 37 27 13 45 25 44 5 44 5 28 44 40 11 43 37 35 7 12 5 51 43 40 22 15 11 23 24 1 18 27 32 42 51 40 20 34 26 46 19 40 17 33 23 11 23 32 12 37 6 36 48 43 27 34 6 35 23 29 44 37 46 25 20 41 0 15 14 43 28 30 11 27 16 31 27 22 43 42 35 38 27 36 31 42 51 28 39 26 36 20 43 21 16 44 14 27 42 3 49
15 41 24 18 41 5 36 21 8 17 17 10 5 30 3 18 35 29 26 26 42 14 27 13 7 36 5 8 5 40 26 27 7 12 28 15 29 16 24 45 19 3 23 37 24 30 22 35 24 15 37 17 35 28 3 39 20 32 10 29 11 24 42 25 13 28 22 20 12 4 15 39 28 26 7 14 4 20 18 16 3 22 30 27 39 36 16 22 14 42 16 37 2 19 13 16 11 29 19 26 13 33 36 40 16 19 9 23 21 24 33 31 34 14 7 29 15 0 20 40 16 28 14 12 10 19 16 16 39 27 32 23 21 32 28 29 40 17 31 29 32 18 28 9 7 31 9 13 27 12 37
10 31 33 8 36 15 25 30 20 14 22 15 17 18 22 4 44 38 14 44 46 33 21 12 25 44 23 23 23 36 44 46 27 10 29 16 47 35 43 53 38 20 15 24 42 42 38 38 25 29 30 4 23 13 20 37 18 37 15 48 16 21 30 44 8 47 41 39 9 20 9 47 47 44 26 10 16 13 19 14 23 20 18 46 47 30 15 33 27 32 12 26 22 37 23 5 26 18 2 35 9 22 49 29 26 38 14 36 11 22 41 30 46 25 27 43 14 20 0 29 28 16 6 31 16 33 27 18 34 46 21 42 20 26 17 45 44 28 32 12 25 10 47 24 19 46 14 31 46 13 47
26 5 32 37 20 36 5 30 46 43 27 43 35 11 41 33 37 33 15 47 33 47 15 41 38 37 45 35 45 20 46 55 47 31 23 45 49 46 48 44 52 42 18 6 46 40 41 28 23 34 13 33 6 16 42 23 22 30 43 52 44 19 3 51 32 52 55 45 36 43 38 41 56 46 41 28 38 20 24 43 43 21 11 49 41 16 25 34 32 5 24 4 42 42 30 32 33 11 31 32 37 7 45 3 30 52 40 36 20 21 35 22 43 31 47 42 43 40 29 0 32 13 32 45 30 36 31 26 19 57 8 47 22 15 12 45 34 31 26 17 11 23 55 34 34 45 31 38 58 41 42
18 31 8 28 25 17 27 5 26 31 6 26 14 27 16 27 19 13 24 16 26 17 17 26 11 20 21 8 21 24 16 22 22 18 12 29 19 15 16 29 21 19 18 32 14 14 10 19 10 3 24 26 30 27 19 23 11 16 25 21 26 13 35 19 20 20 24 13 23 20 26 23 24 16 14 18 18 18 10 29 18 11 27 18 23 21 14 5 2 32 17 28 18 10 5 24 5 24 27 10 24 28 21 30 2 22 22 8 21 11 17 15 19 3 23 15 28 16 28 32 0 25 22 16 12 5 1 10 23 26 27 15 10 19 24 17 24 1 15 29 21 19 23 7 12 18 14 8 27 25 21
13 15 28 24 23 24 9 25 33 30 19 30 23 2 30 20 36 31 2 41 34 37 10 28 28 36 33 25 33 22 41 47 36 18 21 32 44 38 41 44 42 30 7 9 39 38 35 27 18 26 15 20 7 4 30 24 14 29 30 45 31 13 14 43 19 44 45 37 23 31 25 40 48 41 31 15 26 9 15 30 31 14 2 43 40 17 14 29 24 16 12 10 30 34 22 19 25 2 18 30 24 6 44 13 23 43 27 32 7 16 34 20 41 23 35 39 30 28 16 13 25 0 19 35 19 29 24 17 21 49 5 39 15 13 2 41 34 24 24 6 10 10 47 25 23 42 19 30 50 28 41
7 34 29 7 35 9 28 26 14 11 18 11 11 21 16 5 40 34 17 38 44 27 20 9 19 41 17 17 17 35 38 40 21 4 26 13 41 29 37 50 32 14 15 27 36 37 32 35 22 23 30 4 26 16 14 36 16 34 11 42 12 19 33 38 2 41 35 33 4 14 6 44 41 38 20 5 10 12 15 11 17 18 21 40 44 29 11 28 21 35 9 29 16 31 17 2 20 21 5 31 5 25 43 32 21 32 8 30 12 20 38 28 41 19 21 37 11 14 6 32 22 19 0 25 10 27 21 14 33 40 24 36 18 25 20 39 42 22 30 16 25 9 41 18 13 40 8 25 40 9 43
23 45 23 30 41 16 41 21 19 29 19 22 14 38 9 30 32 28 34 17 42 2 30 25 7 34 12 10 12 40 17 15 8 21 28 27 19 4 14 42 7 14 29 44 15 23 15 35 24 13 38 29 42 35 14 39 23 32 22 17 22 26 48 13 23 16 10 10 24 15 27 35 16 17 5 22 16 27 21 28 9 24 38 17 35 36 22 19 14 45 23 41 10 11 15 27 12 35 30 25 25 39 30 43 16 8 21 19 28 26 31 31 28 15 9 22 27 12 31 45 16 35 25 0 17 16 16 19 39 15 38 13 23 33 35 21 40 17 31 36 34 25 16 11 13 23 18 8 15 24 32
6 31 19 16 31 7 26 16 17 18 9 15 5 21 11 15 30 24 17 28 37 19 17 14 10 31 15 7 15 30 28 31 17 6 19 18 31 20 27 40 24 13 13 27 26 27 22 28 14 13 27 14 25 19 13 29 10 27 15 32 15 14 32 28 8 31 27 23 10 14 13 34 32 28 12 6 9 10 8 17 13 12 21 30 34 26 6 17 11 32 7 27 12 21 7 12 10 19 15 21 11 23 33 30 11 25 11 20 12 14 28 21 31 9 17 27 16 10 16 30 12 19 10 17 0 17 11 6 29 32 22 26 11 22 18 29 35 12 23 20 22 9 32 8 4 30 2 15 32 14 33
23 34 7 33 26 20 31 6 28 34 11 29 18 31 18 32 17 12 29 11 26 17 21 30 13 18 23 11 23 25 11 19 23 23 14 32 14 14 12 27 20 22 23 36 10 10 5 19 13 5 26 31 34 32 22 23 16 16 28 17 29 17 39 16 25 17 23 10 27 23 30 21 21 11 15 23 21 23 15 32 20 15 31 14 21 24 19 3 6 35 22 32 20 7 10 29 8 28 32 9 28 32 17 34 7 21 25 4 26 15 15 17 15 8 24 10 31 19 33 36 5 29 27 16 17 0 6 15 25 23 31 12 14 22 28 12 24 5 15 34 25 24 20 10 15 13 19 8 24 28 19
17 30 8 27 25 16 26 5 25 30 5 25 13 26 16 26 19 13 23 17 26 17 16 25 11 20 21 8 21 24 17 23 22 17 12 28 20 15 17 29 21 19 17 31 15 15 11 19 9 3 23 25 29 26 19 23 10 16 24 22 25 12 34 20 19 21 24 14 22 20 25 23 25 17 14 17 17 17 9 28 18 10 26 19 23 21 13 6 2 31 16 27 18 11 4 23 5 23 26 10 23 27 22 29 1 22 21 9 20 10 17 15 20 2 23 16 27 16 27 31 1 24 21 16 11 6 0 9 23 27 26 16 9 18 23 18 24 1 15 28 20 18 24 7 11 19 13 8 28 24 22
8 26 15 21 25 13 21 12 23 24 4 21 11 19 16 19 26 20 15 26 30 21 11 20 12 27 21 9 21 24 26 30 22 11 13 24 29 20 25 36 26 19 10 24 24 24 20 22 8 11 21 18 22 17 19 23 4 21 21 30 21 8 28 27 13 29 29 21 16 20 19 30 32 26 15 9 15 8 2 23 18 6 19 28 30 20 4 15 9 27 7 22 18 19 5 16 8 16 18 17 17 20 31 25 8 27 17 18 11 8 24 15 28 7 23 25 22 16 18 26 10 17 14 19 6 15 9 0 23 32 19 24 5 16 16 27 29 10 17 19 16 9 30 9 9 28 8 13 33 20 29
27 14 18 40 2 36 15 19 46 45 22 43 34 21 39 37 18 16 22 33 14 40 13 42 34 18 44 31 44 1 33 44 45 31 11 45 35 38 35 25 44 42 19 23 33 25 28 9 15 26 6 36 21 25 42 4 19 12 43 39 44 15 22 40 33 40 47 34 36 43 39 22 45 33 37 29 38 21 21 43 41 17 21 36 22 4 23 22 25 15 25 16 41 31 26 34 28 19 35 18 37 19 27 16 23 45 40 23 23 15 17 8 25 25 46 27 43 39 34 19 23 21 33 39 29 25 23 23 0 47 19 35 18 8 19 30 15 22 10 27 11 24 43 30 32 30 31 31 48 41 23
38 57 29 45 48 31 53 29 33 44 31 37 29 52 24 45 36 33 49 16 46 13 43 40 22 38 26 25 26 47 17 4 21 36 37 42 16 12 12 45 8 29 43 58 15 26 19 40 36 24 49 44 56 50 29 45 36 37 37 10 37 39 61 7 38 9 5 13 39 30 42 38 2 17 20 37 31 41 34 43 24 37 51 13 38 47 37 25 26 58 38 54 25 16 27 42 24 48 45 30 40 52 31 55 28 8 36 24 43 37 35 40 31 27 22 24 42 27 46 57 26 49 40 15 32 23 27 32 47 0 51 12 35 45 48 21 44 27 37 51 46 40 4 25 28 23 33 19 2 39 35
18 10 28 29 21 28 5 25 38 35 21 35 27 3 33 25 36 31 7 42 32 41 10 33 32 36 37 28 37 20 41 49 39 23 21 37 44 40 43 43 45 34 10 5 41 38 36 27 18 28 13 25 3 8 34 22 16 29 35 47 36 14 9 45 24 46 48 39 28 35 30 40 50 41 34 20 30 12 18 35 35 16 3 45 40 15 17 29 26 11 16 5 34 36 24 24 27 3 23 30 29 1 44 8 25 46 32 32 12 16 34 20 41 25 39 39 35 32 21 8 27 5 24 38 22 31 26 19 19 51 0 41 17 13 4 41 33 26 24 10 9 15 49 28 26 42 23 32 52 33 41
32 46 17 41 36 27 42 18 31 40 20 34 25 41 20 41 24 21 38 4 34 12 32 36 17 26 25 19 25 35 5 8 21 32 25 38 6 9 1 33 12 25 32 47 3 14 7 28 25 13 37 40 45 41 25 33 25 25 33 6 33 28 50 5 34 5 14 3 35 26 38 26 10 5 16 32 27 32 24 39 21 26 41 4 26 35 28 14 15 46 31 43 22 5 19 38 16 38 41 18 36 42 19 45 17 13 32 12 35 26 23 28 19 17 22 12 38 23 42 47 15 39 36 13 26 12 16 24 35 12 41 0 25 33 38 9 32 16 25 43 36 33 9 18 23 11 28 11 14 35 23
11 21 13 24 20 18 17 10 28 28 5 26 16 17 21 22 23 17 15 25 26 24 7 25 16 24 26 13 26 19 25 32 27 15 9 29 28 23 26 33 29 24 9 22 24 23 19 18 4 12 16 21 20 18 24 19 2 17 26 31 26 3 25 29 17 30 32 23 20 25 23 27 34 25 19 13 20 9 3 27 23 1 17 28 27 15 7 14 10 22 9 18 23 20 8 19 11 14 21 15 21 18 29 20 8 30 22 17 12 3 21 11 26 9 28 24 27 21 20 22 10 15 18 23 11 14 9 5 18 35 17 25 0 11 14 26 25 9 13 20 11 10 33 12 14 27 13 16 36 25 27
19 12 16 32 10 29 10 16 39 37 15 36 27 14 32 28 23 18 15 31 21 35 5 34 27 23 37 24 37 9 31 41 38 24 8 38 34 33 33 31 39 35 11 18 31 25 26 14 9 21 5 28 16 17 35 11 12 16 36 37 37 8 18 38 25 38 42 32 29 36 31 27 43 31 30 21 31 13 14 36 34 10 14 34 27 4 16 20 19 13 17 11 34 29 19 26 22 11 27 17 30 13 31 13 17 40 33 21 15 8 21 7 28 19 39 27 36 32 26 15 19 13 25 33 22 22 18 16 8 45 13 33 11 0 12 30 21 18 11 19 4 16 41 23 25 30 24 26 46 34 28
14 14 26 25 21 24 8 23 34 31 18 31 23 3 29 21 34 29 3 39 32 37 8 29 28 34 33 25 33 20 39 46 35 19 19 33 42 36 40 43 42 30 6 9 38 36 33 26 16 25 13 21 7 6 30 22 13 27 31 44 32 11 13 42 20 43 45 36 24 31 26 38 47 39 30 16 26 8 14 31 31 13 3 42 38 15 13 27 23 15 12 9 30 33 21 20 24 1 19 28 25 5 42 12 22 43 28 30 8 14 32 18 39 22 35 37 31 28 17 12 24 2 20 35 18 28 23 16 19 48 4 38 14 12 0 39 33 23 22 8 8 11 46 24 22 40 19 29 49 29 39
35 42 14 45 30 31 40 16 37 45 23 39 29 42 27 44 15 14 41 5 25 20 31 41 22 17 31 22 31 30 4 17 29 35 22 43 5 17 9 24 21 32 35 46 6 5 7 21 23 16 34 43 44 44 32 27 28 18 39 11 40 28 48 14 37 12 23 11 38 33 41 17 19 4 23 35 32 35 27 43 28 27 42 8 17 31 31 12 18 43 34 41 29 10 22 41 19 39 44 13 39 42 10 43 19 22 36 9 38 25 14 24 10 20 30 3 42 29 45 45 17 41 39 21 29 12 18 27 30 21 41 9 26 30 39 0 23 17 21 46 34 36 17 21 26 2 31 16 23 39 14
36 29 17 49 14 41 30 19 50 53 26 50 38 35 40 47 8 12 35 28 2 41 25 50 35 6 45 32 45 14 27 40 46 40 16 53 28 38 32 10 44 43 31 38 29 18 26 7 21 27 21 46 36 38 43 11 27 8 49 34 50 24 37 37 42 35 46 33 45 44 48 9 42 27 38 38 42 32 28 52 42 24 35 31 9 18 31 21 26 30 33 31 42 30 28 43 29 32 45 15 45 33 16 31 24 45 45 21 35 22 9 15 14 26 47 20 51 40 44 34 24 34 42 40 35 24 24 29 15 44 33 32 25 21 33 23 0 23 12 40 25 34 40 31 35 22 37 32 46 48 11
18 30 7 28 24 17 26 4 26 31 6 26 14 26 17 27 18 12 24 16 25 18 16 26 12 19 22 9 22 23 16 23 23 18 11 29 19 16 17 28 22 20 18 31 15 14 10 18 9 4 23 26 29 27 20 22 11 15 25 22 26 12 34 20 20 21 25 14 23 21 26 22 25 16 15 18 18 18 10 29 19 10 26 19 22 21 14 5 3 31 17 27 19 11 5 24 6 23 27 9 24 27 21 29 2 23 22 8 21 10 16 14 19 3 24 15 28 17 28 31 1 24 22 17 12 5 1 10 22 27 26 16 9 18 23 17 23 0 14 29 20 19 24 8 12 18 14 9 28 25 21
23 21 8 36 11 30 21 10 40 40 15 38 27 25 31 34 12 7 24 23 13 32 14 37 26 12 36 23 36 10 23 34 37 27 4 41 26 29 25 21 35 34 19 29 23 16 18 5 9 18 13 33 27 27 34 8 14 5 38 29 39 12 29 30 29 30 37 24 32 35 35 16 35 23 29 25 31 20 16 39 33 12 25 26 16 10 19 12 17 22 21 22 33 21 18 31 20 22 33 8 33 24 20 23 15 36 35 13 23 10 10 4 17 17 38 18 39 31 32 26 15 24 30 31 23 15 15 17 10 37 24 25 13 11 22 21 12 14 0 29 15 22 33 22 25 21 25 23 38 37 17
14 20 33 20 29 24 15 30 30 26 23 26 24 7 31 16 41 36 5 45 40 38 15 24 29 41 32 26 32 28 45 49 36 17 26 28 48 39 44 50 43 29 11 12 43 43 39 33 23 30 21 16 11 2 29 30 18 34 26 49 27 18 18 46 17 48 46 40 20 30 21 45 51 45 32 15 25 11 19 26 32 19 7 47 45 23 15 34 28 21 13 15 31 38 24 15 27 8 14 35 20 11 49 18 27 44 24 37 8 21 39 25 46 26 36 44 26 29 12 17 29 6 16 36 20 34 28 19 27 51 10 43 20 19 8 46 40 29 29 0 16 11 49 27 24 47 20 32 51 24 46
19 10 20 31 13 29 6 19 39 36 16 36 27 10 32 28 27 22 11 35 24 36 5 34 28 27 37 24 37 12 35 43 38 24 12 38 38 35 37 35 41 35 10 14 35 29 30 18 12 23 5 27 12 14 35 14 12 20 36 41 37 8 14 40 25 41 44 34 29 36 31 31 45 35 30 21 31 13 14 36 34 10 10 38 31 7 16 23 21 11 17 7 34 31 19 26 22 8 26 21 30 9 35 9 19 41 33 25 14 10 25 11 32 20 39 31 36 32 25 11 21 10 25 34 22 25 20 16 11 46 9 36 11 4 8 34 25 20 15 16 0 16 44 23 25 34 24 27 47 34 32
3 25 23 15 26 14 19 20 23 20 13 20 13 12 20 12 33 27 8 35 36 27 11 18 18 34 23 15 23 26 35 39 25 8 18 22 38 28 34 42 32 20 6 19 33 33 29 27 14 20 21 12 17 10 20 27 8 26 20 39 21 11 24 35 9 38 35 30 13 21 15 37 40 35 21 5 16 3 9 20 21 10 12 37 37 20 5 24 18 26 2 20 20 28 14 10 17 12 11 25 14 16 39 23 17 33 17 27 3 12 31 20 36 16 25 34 20 18 10 23 19 10 9 25 9 24 18 9 24 40 15 33 10 16 11 36 34 19 22 11 16 0 39 16 13 37 9 22 40 18 37
38 54 25 46 44 32 51 26 34 45 28 38 30 49 25 46 32 29 46 12 42 14 40 41 22 34 27 25 27 43 13 1 22 37 33 43 12 12 8 41 9 30 40 55 11 22 15 36 33 21 45 45 53 49 30 41 33 33 38 6 38 36 58 4 39 5 8 10 40 31 43 34 2 13 21 37 32 39 32 44 25 34 49 9 34 43 35 22 23 54 38 51 26 13 26 43 22 46 46 26 41 50 27 53 25 10 37 20 41 34 31 36 27 25 23 20 43 28 47 55 23 47 41 16 32 20 24 30 43 4 49 9 33 41 46 17 40 24 33 49 44 39 0 24 28 19 33 17 6 40 31
14 34 15 23 32 9 29 12 18 23 8 18 7 27 9 23 26 20 24 20 33 13 19 19 4 27 14 1 14 31 20 23 15 14 19 22 23 13 19 36 18 12 18 33 18 20 14 26 15 5 28 22 31 26 12 30 12 23 18 24 19 15 37 20 16 23 21 15 17 13 20 30 25 20 7 14 11 17 10 22 11 13 27 22 30 27 12 12 5 34 14 30 11 13 4 20 2 25 23 17 18 29 27 32 7 19 15 14 19 15 24 22 25 5 16 20 21 9 24 34 7 25 18 11 8 10 7 9 30 25 28 18 12 23 24 21 31 8 22 27 23 16 24 0 5 23 10 7 26 18 28
10 35 19 18 34 4 30 16 14 18 10 13 2 25 7 18 30 24 21 25 37 15 20 14 6 31 12 4 12 33 25 27 13 9 21 17 28 16 24 40 20 10 17 31 23 25 19 30 17 10 30 17 29 23 10 32 13 27 13 29 14 17 36 25 11 28 23 20 12 11 15 34 28 25 8 9 6 14 11 17 9 15 25 27 34 29 10 17 10 36 11 31 9 18 7 15 7 23 18 21 13 27 32 34 11 21 10 19 16 17 28 24 30 9 14 25 16 7 19 34 12 23 13 13 4 15 11 9 32 28 26 23 14 25 22 26 35 12 25 24 25 13 28 5 0 28 5 12 28 13 33
36 42 14 46 30 33 40 17 39 47 24 41 31 43 29 45 14 14 42 7 24 22 32 43 24 16 33 24 33 30 6 19 31 36 22 45 7 19 11 22 23 34 36 47 8 5 9 21 24 18 34 44 45 45 34 27 29 18 41 13 42 29 48 16 38 14 25 13 40 35 43 15 21 6 25 36 34 36 28 45 30 28 43 10 15 31 32 13 19 43 35 41 31 12 23 42 21 40 45 13 41 43 8 43 20 24 38 10 39 26 14 24 8 21 32 3 44 31 46 45 18 42 40 23 30 13 19 28 30 23 42 11 27 30 40 2 22 18 21 47 34 37 19 23 28 0 32 18 25 41 12
6 33 21 14 33 5 27 18 15 16 11 12 4 21 11 13 32 26 17 30 38 20 19 12 11 33 14 9 14 32 30 32 16 4 21 16 33 21 29 42 25 11 14 28 28 29 24 30 16 15 29 12 26 19 11 31 12 29 12 34 13 16 33 30 6 33 28 25 8 12 11 36 33 30 13 5 7 11 10 15 12 14 21 32 36 28 8 19 13 34 7 28 11 23 9 10 12 20 13 23 9 24 35 31 13 26 9 22 12 16 30 23 33 11 16 29 14 9 14 31 14 19 8 18 2 19 13 8 31 33 23 28 13 24 19 31 37 14 25 20 24 9 33 10 5 32 0 17 33 12 35
21 38 15 30 33 16 34 13 21 29 12 23 14 32 11 30 25 20 29 13 34 9 23 25 6 26 15 8 15 32 13 16 15 21 20 28 16 7 12 35 13 16 23 38 11 17 9 27 17 5 31 29 36 31 16 31 17 24 23 17 24 19 41 13 23 16 16 8 24 17 27 29 18 13 7 21 16 21 15 28 12 17 32 15 29 29 17 11 7 38 20 34 13 6 8 27 5 29 30 17 25 33 24 36 9 14 21 12 24 18 23 23 22 8 16 16 27 13 31 38 8 30 25 8 15 8 8 13 31 19 32 11 16 26 29 16 32 9 23 32 27 22 17 7 12 18 17 0 20 24 26
39 58 30 45 49 31 54 30 33 44 32 37 29 52 24 45 38 35 49 18 48 13 43 40 22 40 26 25 26 48 19 6 21 36 38 42 18 13 14 47 8 29 43 58 17 28 21 42 37 25 50 44 56 50 29 46 37 39 37 12 37 39 61 9 38 11 5 14 39 30 42 40 4 19 20 37 31 41 35 43 24 37 52 15 40 48 37 26 27 58 38 54 25 17 28 42 25 49 45 32 40 53 33 56 29 8 36 26 43 38 37 41 33 28 22 26 42 27 46 58 27 50 40 15 32 24 28 33 48 2 52 14 36 46 49 23 46 28 38 51 47 40 6 26 28 25 33 20 0 39 37
15 43 33 7 44 9 37 30 7 5 23 2 11 30 15 9 44 38 26 37 50 26 29 1 18 45 13 17 13 43 37 39 18 10 33 5 40 28 36 54 31 10 24 36 35 39 32 42 28 24 39 9 35 25 10 43 23 41 2 41 3 26 42 37 9 40 34 32 5 9 4 48 40 37 19 13 8 21 22 4 15 25 30 39 48 38 18 31 23 44 17 38 14 30 20 9 20 30 11 34 4 34 45 41 24 31 3 32 21 27 41 35 43 22 17 38 3 12 13 41 25 28 9 24 14 28 24 20 41 39 33 35 25 34 29 39 48 25 37 24 34 18 40 18 13 41 12 24 39 0 46
37 37 14 50 22 38 38 17 46 52 25 47 36 42 36 48 5 10 41 19 13 32 31 48 31 5 41 30 41 22 18 31 40 39 20 51 19 29 23 10 35 41 35 46 20 9 17 14 23 23 29 47 44 44 41 19 29 12 47 25 48 28 45 28 41 26 37 24 44 42 47 3 33 18 33 38 40 35 28 51 38 27 42 22 3 26 32 16 23 38 35 39 38 21 26 45 26 39 47 12 45 41 5 39 22 36 43 15 38 25 7 21 4 24 41 11 49 37 47 42 21 41 43 32 33 19 22 29 23 35 41 23 27 28 39 14 11 21 17 46 32 37 31 28 33 12 35 26 37 46 0
0         1113     
804       971      
214       355      
501       672      
236       442      
397       556      
286       458      
710       863      
400       604      
463       611      
0         80       
444       598      
361       540      
332       486      
371       585      
470       631      
136       314      
132       337      
335       461      
18        156      
696       827      
45        242      
369       485      
443       649      
0         123      
236       374      
392       532      
0         99       
425       592      
257       417      
13        143      
58        179      
413       608      
376       508      
208       352      
452       612      
0         147      
0         168      
0         140      
668       833      
41        175      
393       563      
362       524      
912       1090     
4         187      
227       385      
58        244      
275       408      
178       317      
0         119      
259       442      
496       680      
329       439      
299       514      
384       573      
238       401      
348       502      
176       297      
503       634      
111       236      
444       609      
183       326      
797       930      
16        154      
395       515      
0         147      
57        229      
15        144      
545       647      
387       568      
509       625      
160       289      
8         181      
76        222      
0         139      
395       548      
465       583      
728       927      
158       361      
492       661      
419       542      
189       329      
339       503      
3         191      
726       869      
276       402      
0         58       
213       359      
0         125      
765       958      
0         89       
773       917      
381       547      
607       757      
0         103      
542       659      
0         136      
318       466      
470       688      
196       366      
562       744      
307       436      
158       270      
790       938      
0         106      
641       764      
461       601      
97        227      
326       471      
195       344      
153       315      
149       294      
641       819      
0         126      
606       760      
107       262      
474       644      
379       558      
482       665      
757       924      
68        223      
325       456      
506       659      
0         135      
524       709      
98        243      
0         127      
0         88       
243       411      
2         200      
323       480      
125       263      
182       307      
287       411      
328       476      
101       245      
249       368      
0         115      
153       295      
848       1003     
759       947      
385       504      
11        151      
0         121      
475       592      
120       279      
399       516      
42        249      
23        212      
551       692      
843       1010     
