151
0 21 15 22 21 9 23 30 23 24 25 8 17 32 23 12 14 19 25 20 13 13 14 25 19 30 20 7 20 24 16 15 38 13 10 2 23 27 15 14 22 11 9 28 2 19 24 25 6 22 15 2 22 28 40 25 8 35 22 8 20 23 25 4 18 26 14 9 28 11 17 14 28 5 24 34 33 16 16 20 30 13 18 28 24 23 11 16 4 2 31 20 1 6 23 16 20 20 28 17 25 11 19 24 18 18 29 12 29 13 19 23 15 24 4 8 22 27 31 29 20 13 22 10 18 32 30 36 22 9 29 25 23 6 34 33 8 33 12 17 6 33 20 12 34 15 16 20 6 20 11
21 0 7 22 40 22 8 13 3 10 11 29 38 14 17 31 13 21 5 38 34 34 26 4 27 27 18 14 27 5 11 15 18 11 18 20 27 29 36 21 38 26 30 20 22 36 36 39 27 15 19 19 16 8 20 37 29 15 15 13 1 44 7 25 37 38 17 12 24 10 17 30 18 26 23 17 12 13 5 40 22 34 3 9 8 29 27 8 25 23 13 32 22 16 9 29 17 39 9 33 21 17 29 7 16 27 9 11 36 34 7 22 21 8 25 14 25 36 27 8 3 22 17 29 19 11 15 19 12 12 23 5 27 24 13 12 23 20 15 38 21 14 40 12 29 11 37 15 27 1 10
15 7 0 17 35 15 8 15 8 13 14 23 32 19 14 24 6 21 11 33 28 28 19 10 20 28 13 7 26 10 10 14 23 4 11 14 21 29 30 19 31 21 24 19 16 29 29 32 21 16 12 12 17 13 25 30 22 20 16 6 6 38 12 18 30 31 10 6 25 4 11 23 21 19 23 19 18 8 2 35 24 27 4 14 10 23 22 4 18 16 18 25 15 9 9 22 13 34 14 28 22 10 22 10 11 25 14 7 30 27 8 22 20 10 18 8 19 30 29 15 6 15 14 24 19 18 19 21 13 6 21 11 27 18 19 19 16 20 8 31 14 19 35 5 31 5 30 11 20 6 3
22 22 17 0 42 13 16 22 22 30 31 29 38 36 8 17 10 35 27 42 34 33 10 23 7 45 5 18 40 27 26 28 29 12 12 23 5 43 29 33 19 33 27 12 24 18 16 19 27 32 7 21 33 23 30 18 26 28 32 17 22 43 29 24 20 19 8 18 41 17 5 15 38 24 38 23 30 8 18 41 40 31 20 25 18 8 33 13 20 21 35 13 22 18 16 12 6 41 31 39 37 11 10 20 6 39 26 21 15 30 24 38 34 18 19 20 4 15 44 30 22 9 8 32 33 32 36 25 29 19 10 26 41 28 31 33 14 18 11 34 16 28 41 13 47 11 29 8 24 21 15
21 40 35 42 0 29 43 50 43 36 37 13 6 44 44 28 35 24 41 3 9 10 34 44 39 34 41 28 19 39 30 26 58 34 31 21 43 28 17 20 36 15 16 49 19 34 40 40 15 32 35 22 31 48 60 40 17 55 32 29 39 6 39 18 30 41 35 29 33 31 38 31 37 18 29 54 52 37 37 1 36 14 38 48 45 43 13 37 22 21 42 37 20 26 44 34 41 1 41 8 31 32 38 45 39 16 49 29 48 15 34 29 21 45 23 27 42 45 36 44 37 33 43 11 25 47 40 56 33 28 50 41 25 16 53 47 28 54 32 13 26 53 1 32 39 35 17 40 18 39 32
9 22 15 13 29 0 19 26 23 26 27 16 25 34 16 9 9 26 26 29 21 20 6 25 10 37 13 9 28 25 19 20 34 11 4 10 14 34 18 22 16 20 14 21 11 14 16 18 14 26 6 8 26 26 36 17 13 32 26 9 21 30 26 11 15 18 7 10 34 12 9 8 32 11 30 29 33 10 17 28 34 18 19 28 21 14 20 14 7 8 32 12 9 7 20 8 13 28 29 26 30 5 11 23 11 26 29 14 21 18 20 30 23 21 6 10 13 19 37 30 21 4 15 19 24 33 32 31 25 11 22 26 31 15 34 34 1 26 7 22 3 31 28 10 40 11 18 14 11 21 12
23 8 8 16 43 19 0 7 6 18 19 31 40 22 10 28 10 29 12 41 36 36 23 7 23 35 11 15 34 13 18 22 15 9 15 22 21 37 37 27 35 29 32 12 24 33 32 35 29 23 16 20 24 7 17 34 30 13 23 14 8 46 15 26 34 35 14 14 32 12 13 27 26 27 31 11 14 10 7 43 30 35 8 9 2 24 30 6 25 24 21 29 23 16 1 26 10 42 17 36 29 14 26 4 11 33 10 15 31 35 15 30 28 2 24 16 20 31 35 14 11 19 10 32 27 16 23 13 20 14 15 12 35 26 15 17 20 12 12 39 19 12 43 10 37 8 37 8 28 8 11
30 13 15 22 50 26 7 0 10 23 24 38 47 23 14 35 17 34 16 48 43 43 29 10 29 40 17 22 40 18 23 27 8 16 22 29 27 42 44 33 41 36 39 12 31 39 38 41 36 28 22 27 29 5 10 40 37 6 28 21 13 53 20 33 40 41 21 21 37 19 19 33 31 34 36 4 10 17 14 50 35 42 14 6 6 30 37 13 32 31 23 35 30 23 7 32 16 49 20 43 34 21 32 6 17 39 7 22 36 42 20 35 33 6 31 23 26 37 40 16 16 25 14 39 32 15 27 6 25 21 15 16 40 33 10 16 27 8 19 46 26 6 50 17 42 15 44 14 35 13 18
23 3 8 22 43 23 6 10 0 13 14 31 40 15 16 32 14 24 6 41 36 36 27 2 27 30 17 15 30 8 13 17 15 12 19 22 27 32 38 23 39 28 32 18 24 37 36 39 29 18 20 20 19 5 17 38 30 12 18 14 3 46 10 26 38 39 18 14 27 12 17 31 21 27 26 14 10 14 6 43 25 35 5 6 5 29 29 9 26 24 15 33 23 17 7 30 16 41 11 35 24 18 30 4 16 29 6 13 36 35 10 25 23 5 26 16 25 36 30 9 6 23 16 31 22 11 18 16 15 14 21 6 30 26 11 12 24 17 16 39 22 11 42 13 32 12 38 14 28 3 11
24 10 13 30 36 26 18 23 13 0 1 30 38 8 27 34 19 13 7 34 34 35 32 13 33 17 26 17 20 5 8 10 27 17 23 22 34 19 39 15 42 22 33 30 24 40 42 44 28 5 25 22 6 18 29 43 32 24 5 16 10 41 3 28 40 44 23 15 14 13 24 33 8 29 13 27 17 21 13 36 12 37 11 17 18 36 23 17 28 26 7 38 25 19 19 34 26 35 5 27 11 22 35 17 24 21 16 12 43 37 5 12 15 18 28 16 32 43 17 8 8 27 27 27 11 11 6 29 2 15 33 7 18 23 18 12 26 30 20 41 24 22 36 17 19 18 40 24 30 10 15
25 11 14 31 37 27 19 24 14 1 0 31 38 7 28 35 20 13 8 34 35 36 33 14 34 16 27 18 20 6 9 11 28 18 24 23 35 18 40 16 43 23 34 31 25 41 43 45 29 5 26 23 6 19 30 44 33 25 5 17 11 42 4 29 41 45 24 16 13 14 25 34 7 30 12 28 17 22 14 37 11 38 12 18 19 37 24 18 29 27 6 39 26 20 20 35 27 36 5 28 10 23 36 18 25 21 17 13 44 38 6 12 16 19 29 17 33 44 16 8 9 28 28 28 12 11 5 30 3 16 34 8 17 24 18 12 27 31 21 42 25 23 37 18 18 19 41 25 31 11 16
8 29 23 29 13 16 31 38 31 30 31 0 9 38 31 15 22 21 32 13 5 5 21 33 26 32 28 15 18 31 22 20 46 21 18 9 30 27 9 16 24 9 4 36 7 22 27 28 2 28 22 10 27 36 48 28 4 43 28 16 28 15 31 5 19 29 22 17 30 19 25 18 34 5 26 42 41 24 24 12 33 7 26 36 32 30 8 24 9 8 37 24 7 14 31 21 28 12 34 11 28 19 25 32 26 16 37 19 35 7 25 26 17 32 10 15 29 32 34 35 27 20 30 4 21 38 36 44 28 16 37 32 24 7 42 39 15 41 20 11 13 41 12 20 37 23 10 28 5 28 19
17 38 32 38 6 25 40 47 40 38 38 9 0 45 40 22 31 28 41 9 4 4 28 42 33 38 37 24 23 39 30 27 55 30 27 18 37 32 11 23 30 16 10 45 16 28 34 34 11 35 31 19 34 45 57 34 11 52 35 25 37 6 39 14 24 35 31 26 37 28 34 25 41 14 33 51 50 33 33 5 40 8 35 45 41 37 14 33 17 17 44 31 16 23 40 28 37 6 42 12 35 28 32 41 35 20 46 28 42 9 34 33 24 41 18 24 36 39 40 44 36 28 39 10 28 47 43 53 35 25 46 41 29 15 51 48 23 50 29 7 22 50 5 29 43 32 11 37 13 37 28
32 14 19 36 44 34 22 23 15 8 7 38 45 0 31 42 25 19 9 41 42 43 38 14 39 17 32 25 26 9 16 18 27 23 30 30 40 22 47 23 50 30 41 33 32 48 48 51 36 11 31 30 12 18 29 49 40 24 11 24 14 49 7 36 48 50 29 23 15 21 30 41 8 37 16 27 16 27 18 44 12 45 16 17 20 42 31 22 36 34 1 44 33 27 22 41 30 43 5 35 14 29 41 18 30 27 16 20 49 45 13 16 22 20 36 24 38 49 17 7 13 34 31 35 18 8 4 29 10 23 36 9 21 31 17 8 34 31 27 49 32 22 44 24 19 24 48 28 38 14 22
23 17 14 8 44 16 10 14 16 27 28 31 40 31 0 23 10 35 22 43 36 36 16 17 15 42 3 18 40 22 24 28 21 12 13 23 13 43 34 33 27 33 30 5 25 25 24 27 29 30 9 21 31 16 22 26 29 20 30 17 17 46 24 26 27 27 9 18 39 17 6 20 35 27 37 15 23 7 14 43 38 34 16 18 11 16 33 10 23 23 30 21 23 18 9 19 2 43 26 39 36 11 18 13 4 39 19 21 22 34 22 36 34 11 22 20 12 23 43 24 19 12 0 33 33 26 32 17 27 19 7 22 41 28 24 27 17 11 11 38 17 20 43 13 45 10 33 3 27 17 15
12 31 24 17 28 9 28 35 32 34 35 15 22 42 23 0 18 31 35 28 19 18 7 34 11 42 20 17 32 34 26 26 43 20 13 14 15 39 12 26 9 22 12 28 13 7 12 13 13 33 13 13 33 35 45 13 11 41 33 18 30 28 35 11 6 14 15 19 40 21 16 3 39 11 36 37 42 19 26 27 41 14 28 37 30 15 20 23 8 9 41 9 10 15 29 6 20 27 38 25 36 14 10 32 18 28 38 22 20 13 29 35 26 30 7 18 15 17 43 39 30 10 22 18 29 42 40 39 32 19 27 35 34 16 43 43 8 33 16 17 10 40 27 19 46 20 12 21 10 30 21
14 13 6 10 35 9 10 17 14 19 20 22 31 25 10 18 0 25 17 34 27 27 13 16 14 34 8 8 30 16 15 18 25 2 5 13 15 33 27 23 25 23 22 15 15 23 22 25 20 22 6 12 22 17 27 24 21 23 22 7 12 37 18 17 24 25 4 8 30 7 5 17 27 18 28 21 24 3 8 34 30 26 10 19 12 17 23 5 15 14 24 19 15 8 11 16 8 34 20 29 27 4 16 14 6 29 20 11 24 26 14 27 24 12 14 10 13 24 34 21 12 9 10 23 23 24 25 23 19 9 17 17 31 18 25 25 10 20 2 30 9 22 34 3 37 2 27 7 19 12 5
19 21 21 35 24 26 29 34 24 13 13 21 28 19 35 31 25 0 20 21 25 26 32 25 36 11 33 18 7 18 11 7 39 23 25 17 39 8 30 5 40 12 25 40 18 38 42 44 20 8 30 19 7 29 41 43 24 36 8 19 21 30 16 21 37 44 28 18 9 18 30 33 13 22 5 38 30 28 22 25 12 28 21 30 29 40 14 25 23 21 18 38 20 19 30 34 33 24 18 16 7 25 37 28 31 8 29 14 47 28 14 5 4 29 23 16 37 45 13 21 18 29 35 18 2 24 16 40 11 17 42 20 6 15 31 25 26 41 25 32 24 35 25 22 16 25 31 32 23 21 20
25 5 11 27 41 26 12 16 6 7 8 32 41 9 22 35 17 20 0 39 37 37 30 6 31 24 22 18 26 2 11 15 20 15 22 23 32 26 40 21 42 26 34 24 25 40 39 42 30 12 23 23 13 11 22 41 33 17 12 17 5 46 4 29 41 42 21 16 21 14 22 34 15 30 20 20 11 18 9 41 19 38 7 10 11 34 28 13 29 27 9 36 26 20 13 33 21 40 5 33 18 21 33 10 21 27 9 13 41 38 7 19 21 11 29 17 30 41 24 4 5 26 22 31 18 7 12 22 9 16 27 0 25 26 12 8 27 23 19 42 25 15 41 16 26 15 41 19 31 5 14
20 38 33 42 3 29 41 48 41 34 34 13 9 41 43 28 34 21 39 0 9 10 34 42 39 31 40 26 16 37 27 23 56 32 30 20 43 25 18 17 36 12 16 48 18 34 40 40 15 29 35 21 28 46 58 40 17 53 29 27 37 9 36 18 30 41 34 27 30 29 37 31 34 18 26 52 49 36 35 4 33 14 36 46 43 43 11 35 22 21 39 37 20 25 42 34 40 3 38 5 28 31 38 43 38 13 47 27 48 15 31 26 18 43 23 25 42 45 33 41 35 33 42 10 22 44 37 54 30 26 49 38 22 15 50 44 28 52 31 16 26 51 4 31 36 34 18 39 18 37 30
13 34 28 34 9 21 36 43 36 34 35 5 4 42 36 19 27 25 37 9 0 1 25 38 30 35 33 20 21 36 27 24 51 26 23 14 34 30 8 20 27 13 7 41 12 25 31 31 7 32 27 15 31 41 53 31 8 48 32 21 33 10 36 10 21 32 27 22 34 24 30 22 38 10 30 47 46 29 29 8 37 5 31 41 37 34 11 29 13 13 41 28 12 19 36 25 33 8 39 10 32 24 29 37 31 18 42 24 39 6 30 30 21 37 14 20 33 36 37 40 32 24 35 7 25 43 40 49 32 21 42 37 27 12 47 44 19 46 25 7 18 46 8 25 40 28 9 33 9 33 24
13 34 28 33 10 20 36 43 36 35 36 5 4 43 36 18 27 26 37 10 1 0 24 38 29 36 33 20 22 36 27 25 51 26 23 14 33 31 7 21 26 14 6 41 12 24 30 30 7 33 26 15 32 41 53 30 7 48 33 21 33 10 36 10 20 31 27 22 35 24 29 21 39 10 31 47 46 29 29 9 38 4 31 41 37 33 12 29 13 13 42 27 12 19 36 24 33 9 39 11 33 24 28 37 31 19 42 24 38 5 30 31 22 37 14 20 32 35 38 40 32 24 35 8 26 43 41 49 33 21 42 37 28 12 47 44 19 46 25 6 18 46 9 25 41 28 8 33 9 33 24
14 26 19 10 34 6 23 29 27 32 33 21 28 38 16 7 13 32 30 34 25 24 0 29 5 43 13 15 34 29 25 26 36 15 8 15 9 40 19 27 12 25 18 21 16 10 10 12 19 32 7 14 32 30 38 11 17 35 32 15 25 34 31 16 11 12 9 16 40 17 10 5 38 16 36 31 37 13 21 33 40 21 23 32 25 9 25 18 12 13 37 6 14 13 23 3 14 33 33 31 36 9 5 27 12 31 33 20 15 20 25 36 28 25 11 16 8 13 43 34 25 4 16 24 30 37 38 33 30 17 20 30 36 20 38 38 6 27 11 24 8 35 33 14 46 15 19 15 16 25 16
25 4 10 23 44 25 7 10 2 13 14 33 42 14 17 34 16 25 6 42 38 38 29 0 29 30 18 17 31 8 15 19 15 14 21 24 28 32 40 25 41 30 34 19 26 39 38 41 31 18 22 22 19 5 17 40 32 12 18 16 5 48 10 28 40 41 20 15 27 13 19 33 21 29 26 14 8 16 8 44 25 37 6 5 6 31 31 11 28 26 14 35 25 19 8 32 17 43 10 37 24 20 32 4 18 31 5 15 38 37 11 25 25 6 28 17 27 38 30 7 7 25 17 33 23 9 17 16 15 15 22 6 31 27 9 10 26 17 18 41 24 10 44 15 32 14 40 15 30 5 13
19 27 20 7 39 10 23 29 27 33 34 26 33 39 15 11 14 36 31 39 30 29 5 29 0 47 12 19 38 30 29 30 36 16 12 20 4 44 23 32 12 30 23 19 21 11 9 12 24 36 8 18 36 30 37 11 22 35 36 19 26 39 32 21 13 12 10 20 44 20 10 8 41 21 40 30 37 13 22 38 44 25 24 32 25 4 30 18 17 18 38 6 19 17 23 5 13 38 34 36 40 12 3 27 12 36 33 24 11 24 28 40 33 25 16 20 4 10 47 35 26 7 15 29 34 37 39 32 33 21 17 31 41 25 38 38 11 25 13 28 13 35 38 16 50 16 23 15 21 26 18
30 27 28 45 34 37 35 40 30 17 16 32 38 17 42 42 34 11 24 31 35 36 43 30 47 0 41 28 15 22 18 16 44 31 35 28 49 6 41 16 51 23 36 46 29 49 53 55 31 12 40 29 11 35 46 54 35 41 12 28 27 40 20 32 48 55 37 27 3 26 39 43 9 33 6 44 33 36 28 35 5 39 27 34 35 50 25 32 34 32 17 49 31 29 36 45 41 34 20 26 6 35 48 34 39 18 33 23 57 39 20 7 15 35 34 26 47 56 2 24 24 39 42 29 12 25 13 46 15 26 48 24 9 26 34 25 37 47 33 42 34 39 35 30 5 33 42 39 34 27 28
20 18 13 5 41 13 11 17 17 26 27 28 37 32 3 20 8 33 22 40 33 33 13 18 12 41 0 16 38 23 23 26 24 10 10 21 10 41 31 31 24 31 27 8 22 22 21 24 26 29 6 19 30 18 25 23 26 23 29 15 17 43 25 23 24 24 6 16 38 15 3 17 34 24 36 18 25 5 14 40 37 31 16 20 13 13 31 10 20 20 31 18 20 16 11 16 1 40 27 37 35 9 15 15 2 37 21 19 20 31 21 35 32 13 19 18 9 20 42 25 19 9 3 30 31 27 32 20 26 17 9 22 39 26 26 28 14 14 9 35 14 23 40 11 44 8 30 3 24 17 13
7 14 7 18 28 9 15 22 15 17 18 15 24 25 18 17 8 18 18 26 20 20 15 17 19 28 16 0 22 17 10 12 30 6 7 7 20 26 22 15 25 15 16 23 8 23 25 27 13 17 11 5 17 20 32 26 15 27 17 1 13 30 18 11 23 27 10 2 25 4 13 16 23 12 22 26 25 11 9 27 25 20 11 21 17 22 16 9 11 9 24 21 8 2 16 17 16 27 21 22 22 7 20 17 14 21 21 5 29 20 12 22 16 17 11 2 19 28 29 22 13 12 18 16 16 25 23 28 16 2 25 18 24 11 26 26 9 26 7 24 7 26 27 5 32 8 23 15 13 13 4
20 27 26 40 19 28 34 40 30 20 20 18 23 26 40 32 30 7 26 16 21 22 34 31 38 15 38 22 0 24 16 12 45 28 28 18 42 9 27 7 41 9 22 45 18 39 44 45 18 15 33 20 14 35 47 45 22 42 15 23 26 25 23 20 36 46 32 22 14 23 35 33 18 21 10 43 37 33 27 20 17 25 26 35 34 42 11 30 23 21 25 39 20 22 35 35 38 19 25 11 12 29 39 33 36 3 35 19 49 25 20 10 6 34 23 20 41 46 17 28 24 32 40 15 8 31 22 45 17 21 47 26 6 14 38 31 27 46 29 28 25 40 20 27 20 30 28 37 21 26 25
24 5 10 27 39 25 13 18 8 5 6 31 39 9 22 34 16 18 2 37 36 36 29 8 30 22 23 17 24 0 9 13 22 14 21 22 31 24 39 19 41 24 33 25 24 39 38 41 28 10 22 22 11 13 24 40 32 19 10 16 6 44 2 28 40 41 20 15 19 13 21 33 13 29 18 22 13 18 9 39 17 37 7 12 13 33 26 13 28 26 8 35 25 19 14 32 22 38 4 31 16 20 32 12 21 25 11 12 40 37 5 17 19 13 28 16 29 40 22 5 4 25 22 29 16 8 10 24 7 15 28 2 23 24 14 9 26 25 18 41 24 17 39 15 24 15 40 20 30 6 13
16 11 10 26 30 19 18 23 13 8 9 22 30 16 24 26 15 11 11 27 27 27 25 15 29 18 23 10 16 9 0 4 28 13 17 14 30 19 31 10 35 15 25 29 16 33 35 37 20 7 21 14 7 18 30 36 24 25 7 10 10 35 9 20 32 37 19 9 15 8 20 26 13 21 13 27 22 18 11 30 15 29 10 19 18 32 17 14 20 18 15 31 17 11 19 27 23 29 12 22 12 17 30 17 21 16 19 5 39 29 4 12 10 18 20 8 28 38 19 14 8 21 24 20 9 17 14 29 6 8 31 11 17 15 23 18 19 30 15 33 16 24 30 12 22 15 32 21 22 10 10
15 15 14 28 26 20 22 27 17 10 11 20 27 18 28 26 18 7 15 23 24 25 26 19 30 16 26 12 12 13 4 0 32 16 19 13 32 15 29 6 35 12 23 33 14 33 36 38 18 8 23 13 7 22 34 37 22 29 8 12 14 31 13 18 32 38 21 11 13 11 23 27 14 19 10 31 26 21 15 26 15 27 14 23 22 34 13 18 19 17 17 32 16 13 23 28 26 25 15 18 10 19 31 21 24 12 23 7 41 27 8 10 6 22 19 10 31 39 17 18 12 23 28 17 5 21 16 33 8 10 35 15 13 13 27 22 20 34 18 31 18 28 26 15 20 18 30 25 20 14 13
38 18 23 29 58 34 15 8 15 27 28 46 55 27 21 43 25 39 20 56 51 51 36 15 36 44 24 30 45 22 28 32 0 24 30 37 34 46 52 38 48 43 46 18 38 46 45 48 43 32 29 35 33 10 2 47 45 3 32 29 18 60 24 41 47 48 28 29 41 27 26 40 35 42 40 6 11 25 21 57 39 50 20 10 14 37 44 21 40 39 27 42 38 31 15 39 23 56 24 50 38 29 39 13 24 44 11 28 43 50 25 39 38 14 39 31 33 44 44 20 21 32 21 46 37 19 31 4 29 29 21 20 45 41 10 19 35 11 27 54 34 5 57 25 46 23 52 21 43 18 26
13 11 4 12 34 11 9 16 12 17 18 21 30 23 12 20 2 23 15 32 26 26 15 14 16 31 10 6 28 14 13 16 24 0 7 12 17 31 27 21 27 21 22 17 14 25 24 27 19 20 8 11 20 15 26 26 21 22 20 5 10 36 16 17 26 27 6 6 28 5 7 19 25 18 26 20 22 5 6 33 28 26 8 17 11 19 22 3 15 14 22 21 14 7 10 18 10 33 18 28 25 6 18 12 8 27 18 9 26 26 12 25 22 11 15 8 15 26 32 19 10 11 12 22 21 22 23 22 17 7 19 15 29 17 23 23 12 20 4 30 10 21 33 1 35 2 28 9 19 10 3
10 18 11 12 31 4 15 22 19 23 24 18 27 30 13 13 5 25 22 30 23 23 8 21 12 35 10 7 28 21 17 19 30 7 0 11 14 33 21 21 20 21 17 18 12 18 18 20 15 24 5 9 24 22 32 19 16 28 24 7 17 33 23 13 19 20 4 8 32 9 7 12 30 14 29 26 29 6 13 30 32 21 15 24 17 15 21 10 10 10 29 14 10 6 16 11 10 29 25 27 29 1 13 19 8 27 25 12 22 21 17 29 22 17 9 9 13 21 36 26 17 5 12 20 23 29 29 28 22 9 19 22 30 16 30 30 5 23 3 25 5 27 30 6 39 7 22 10 14 17 8
2 20 14 23 21 10 22 29 22 22 23 9 18 30 23 14 13 17 23 20 14 14 15 24 20 28 21 7 18 22 14 13 37 12 11 0 24 25 17 12 23 10 11 28 2 21 25 27 7 20 16 2 20 27 38 26 10 34 20 8 19 24 23 6 20 27 15 8 26 10 18 16 26 7 22 32 32 16 16 21 28 15 17 28 23 24 10 15 6 4 29 21 3 5 22 17 21 20 26 16 23 12 20 24 19 16 28 10 30 15 17 21 13 23 6 6 23 28 29 27 18 14 23 10 16 30 28 34 20 7 30 23 21 5 33 31 9 32 12 19 7 33 21 11 32 14 18 20 8 19 11
23 27 21 5 43 14 21 27 27 34 35 30 37 40 13 15 15 39 32 43 34 33 9 28 4 49 10 20 42 31 30 32 34 17 14 24 0 46 27 35 15 34 27 16 25 15 11 14 28 37 9 22 37 28 35 13 26 33 37 20 26 43 33 25 17 14 11 21 45 22 9 12 42 25 42 28 35 12 22 42 45 29 24 30 23 3 34 17 21 22 39 10 23 20 21 9 11 42 35 40 42 13 7 25 10 40 31 25 10 28 29 42 36 23 20 22 1 10 49 34 26 10 13 33 36 36 40 30 34 22 14 30 44 29 36 37 15 23 14 32 17 33 42 17 52 15 27 13 25 25 19
27 29 29 43 28 34 37 42 32 19 18 27 32 22 43 39 33 8 26 25 30 31 40 32 44 6 41 26 9 24 19 15 46 31 33 25 46 0 36 13 48 18 31 48 26 46 50 52 27 14 37 27 13 37 48 51 31 43 14 27 29 34 22 29 45 52 36 26 7 26 38 41 14 30 6 46 35 36 30 29 10 34 29 36 37 48 20 33 31 29 22 46 28 27 38 42 41 28 23 20 8 33 45 36 39 12 35 22 55 34 22 7 11 37 31 24 45 53 8 26 26 37 43 24 10 29 18 48 17 25 50 26 3 22 36 29 34 49 33 37 32 41 29 30 11 33 37 40 30 29 28
15 36 30 29 17 18 37 44 38 39 40 9 11 47 34 12 27 30 40 18 8 7 19 40 23 41 31 22 27 39 31 29 52 27 21 17 27 36 0 25 19 18 6 39 15 17 23 23 11 37 24 17 36 42 53 23 7 49 37 23 35 17 40 11 13 24 25 24 39 26 27 15 43 10 35 47 47 27 31 16 42 3 33 43 38 27 17 30 12 13 46 20 14 20 37 18 31 16 43 18 37 22 22 39 29 25 43 27 31 2 34 35 26 38 12 23 27 28 43 44 35 21 33 13 30 47 45 49 37 24 39 40 33 16 48 48 17 44 24 5 17 48 16 26 46 28 1 31 9 35 26
14 21 19 33 20 22 27 33 23 15 16 16 23 23 33 26 23 5 21 17 20 21 27 25 32 16 31 15 7 19 10 6 38 21 21 12 35 13 25 0 35 7 20 38 13 33 37 39 15 12 26 14 11 28 40 38 19 35 12 16 20 26 18 16 32 39 25 15 14 16 28 28 18 17 10 37 32 26 20 21 17 23 20 29 28 36 9 23 18 16 22 33 15 15 28 29 31 20 20 12 12 22 32 27 29 6 29 12 42 23 14 10 1 28 18 13 34 40 18 23 18 25 33 13 5 26 20 39 13 14 40 21 9 10 33 27 21 39 22 27 19 34 21 20 21 23 26 30 18 20 18
22 38 31 19 36 16 35 41 39 42 43 24 30 50 27 9 25 40 42 36 27 26 12 41 12 51 24 25 41 41 35 35 48 27 20 23 15 48 19 35 0 31 20 31 22 2 5 4 22 42 19 22 42 42 49 4 20 47 42 25 37 36 42 20 6 5 21 26 48 28 22 8 48 20 45 42 49 25 33 35 50 22 35 44 37 13 29 30 17 18 48 6 19 23 35 9 25 35 45 34 45 21 9 39 24 37 45 30 12 21 36 44 35 37 16 26 16 9 52 46 37 16 27 27 38 49 48 44 41 27 29 42 43 25 50 50 15 37 23 24 17 47 35 26 55 27 19 27 19 37 28
11 26 21 33 15 20 29 36 28 22 23 9 16 30 33 22 23 12 26 12 13 14 25 30 30 23 31 15 9 24 15 12 43 21 21 10 34 18 18 7 31 0 13 38 9 29 34 35 9 19 26 12 18 33 45 35 13 40 19 16 25 20 24 11 27 36 25 15 21 17 28 24 25 12 17 40 37 26 23 15 24 16 24 34 31 34 2 23 14 12 29 30 11 15 30 26 31 14 27 7 19 22 30 31 29 7 34 15 40 16 19 17 8 31 14 13 33 37 25 29 23 24 33 6 12 32 27 42 20 14 40 26 15 5 38 33 19 40 22 20 17 39 15 20 28 23 19 30 12 25 18
9 30 24 27 16 14 32 39 32 33 34 4 10 41 30 12 22 25 34 16 7 6 18 34 23 36 27 16 22 33 25 23 46 22 17 11 27 31 6 20 20 13 0 35 9 18 24 24 5 31 20 11 30 36 48 24 1 43 31 17 29 16 34 5 15 25 21 18 34 20 23 15 37 4 30 42 41 23 25 15 37 4 27 37 33 27 12 25 7 8 40 21 8 15 32 18 27 15 37 15 32 18 22 33 25 20 37 21 32 4 28 30 21 33 8 17 26 29 38 38 29 18 29 8 24 41 39 44 31 18 36 34 28 10 42 42 13 40 20 8 12 42 15 21 41 23 7 27 3 29 20
28 20 19 12 49 21 12 12 18 30 31 36 45 33 5 28 15 40 24 48 41 41 21 19 19 46 8 23 45 25 29 33 18 17 18 28 16 48 39 38 31 38 35 0 30 30 27 30 33 34 14 26 35 16 19 29 34 17 34 22 20 51 27 31 32 30 14 23 43 22 11 25 38 32 42 12 22 12 18 48 42 39 19 18 13 19 38 15 28 28 33 25 28 23 11 24 7 47 29 44 40 16 22 15 9 44 19 26 25 39 26 41 39 13 27 25 15 26 47 26 22 17 5 38 38 27 35 14 31 24 3 24 46 33 22 28 22 7 16 43 22 18 48 18 49 15 38 8 32 20 20
2 22 16 24 19 11 24 31 24 24 25 7 16 32 25 13 15 18 25 18 12 12 16 26 21 29 22 8 18 24 16 14 38 14 12 2 25 26 15 13 22 9 9 30 0 20 25 26 5 22 17 3 21 28 40 26 8 35 22 9 21 22 25 4 19 27 16 10 27 12 19 15 28 5 23 34 33 18 17 19 29 13 19 29 25 25 9 17 5 3 31 21 2 7 24 17 22 18 28 15 24 13 21 25 20 16 29 12 31 13 19 22 14 25 5 8 24 28 30 29 20 15 24 8 17 32 30 36 22 9 31 25 22 4 34 33 10 34 13 17 8 34 19 13 33 16 16 21 6 21 12
19 36 29 18 34 14 33 39 37 40 41 22 28 48 25 7 23 38 40 34 25 24 10 39 11 49 22 23 39 39 33 33 46 25 18 21 15 46 17 33 2 29 18 30 20 0 6 6 20 40 17 20 40 40 47 6 18 45 40 23 35 34 40 18 4 7 19 24 46 26 20 6 46 18 43 40 47 23 31 33 48 20 33 42 35 12 27 28 15 16 46 5 17 21 33 7 23 33 43 32 43 19 8 37 22 35 43 28 14 19 34 42 33 35 14 24 15 11 50 44 35 14 25 25 36 47 46 42 39 25 28 40 41 23 48 48 13 36 21 22 15 45 33 24 53 25 17 25 17 35 26
24 36 29 16 40 16 32 38 36 42 43 27 34 48 24 12 22 42 39 40 31 30 10 38 9 53 21 25 44 38 35 36 45 24 18 25 11 50 23 37 5 34 24 27 25 6 0 3 25 42 16 24 42 39 46 2 23 44 42 25 34 40 40 23 10 3 18 26 49 27 19 10 48 23 46 39 46 22 30 39 50 26 32 41 34 8 32 27 20 21 46 4 22 23 32 8 22 39 42 37 46 19 6 36 21 40 42 30 8 25 35 46 38 34 19 26 12 5 53 43 34 14 24 30 40 46 47 41 40 27 25 39 46 28 47 47 16 34 21 28 18 44 39 24 56 24 23 24 22 34 26
25 39 32 19 40 18 35 41 39 44 45 28 34 51 27 13 25 44 42 40 31 30 12 41 12 55 24 27 45 41 37 38 48 27 20 27 14 52 23 39 4 35 24 30 26 6 3 0 26 44 19 26 44 42 49 1 24 47 44 27 37 40 43 24 10 1 21 28 51 29 22 12 50 24 48 42 49 25 33 39 52 26 35 44 37 11 33 30 21 22 49 6 23 25 35 10 25 39 45 38 48 21 9 39 24 41 45 32 9 25 37 48 39 37 20 28 15 6 55 46 37 16 27 31 42 49 49 44 42 29 28 42 47 29 50 50 18 37 23 28 20 47 39 26 58 27 23 27 23 37 28
6 27 21 27 15 14 29 36 29 28 29 2 11 36 29 13 20 20 30 15 7 7 19 31 24 31 26 13 18 28 20 18 43 19 15 7 28 27 11 15 22 9 5 33 5 20 25 26 0 26 20 8 25 33 45 26 4 40 26 14 26 17 29 3 18 27 19 15 29 17 22 16 32 3 25 39 38 21 22 14 31 9 24 34 30 28 7 22 7 6 35 22 5 12 29 19 25 14 32 12 26 16 23 30 23 15 34 17 33 9 23 24 16 30 8 13 27 30 32 33 25 18 27 5 19 36 34 41 26 14 34 30 24 5 39 37 13 38 18 13 11 39 14 18 35 21 12 25 3 26 17
22 15 16 32 32 26 23 28 18 5 5 28 35 11 30 33 22 8 12 29 32 33 32 18 36 12 29 17 15 10 7 8 32 20 24 20 37 14 37 12 42 19 31 34 22 40 42 44 26 0 28 21 1 23 34 43 30 29 0 17 15 38 8 26 39 44 26 16 9 15 27 33 6 27 8 32 22 24 16 33 8 35 15 22 23 39 21 20 26 24 10 38 23 18 24 34 29 32 10 24 6 24 37 22 27 16 21 12 46 35 8 7 11 23 26 15 35 45 13 13 12 28 30 25 7 16 8 34 3 15 36 12 13 21 23 17 26 35 22 39 23 27 33 19 15 21 38 27 28 15 17
15 19 12 7 35 6 16 22 20 25 26 22 31 31 9 13 6 30 23 35 27 26 7 22 8 40 6 11 33 22 21 23 29 8 5 16 9 37 24 26 19 26 20 14 17 17 16 19 20 28 0 14 28 23 31 18 19 28 28 11 18 36 24 17 18 19 2 12 36 12 3 11 33 17 33 24 30 6 14 34 36 24 16 25 18 11 26 11 13 14 30 13 15 11 16 10 7 34 26 32 33 4 10 20 5 32 26 16 18 24 20 33 27 18 12 13 8 18 40 27 18 3 9 25 27 30 31 26 25 13 15 23 35 21 31 31 7 20 5 28 9 28 34 8 43 8 24 8 17 18 10
2 19 12 21 22 8 20 27 20 22 23 10 19 30 21 13 12 19 23 21 15 15 14 22 18 29 19 5 20 22 14 13 35 11 9 2 22 27 17 14 22 12 11 26 3 20 24 26 8 21 14 0 20 25 37 25 10 32 21 6 18 25 23 6 19 26 13 7 26 9 16 14 27 7 23 31 30 14 14 22 28 15 16 26 22 22 12 14 6 4 29 20 3 4 21 16 19 21 26 18 23 10 19 22 17 18 26 10 29 15 17 22 15 22 6 6 21 27 30 27 18 12 21 11 17 30 28 33 20 7 28 23 23 7 31 31 7 31 10 19 5 31 22 10 33 13 18 18 8 18 9
22 16 17 33 31 26 24 29 19 6 6 27 34 12 31 33 22 7 13 28 31 32 32 19 36 11 30 17 14 11 7 7 33 20 24 20 37 13 36 11 42 18 30 35 21 40 42 44 25 1 28 20 0 24 35 43 29 30 1 17 16 37 9 25 39 44 26 16 8 15 27 33 7 26 7 33 23 25 17 32 8 34 16 23 24 39 20 21 26 24 11 38 23 18 25 34 30 31 11 23 5 24 37 23 28 15 22 12 46 34 9 6 10 24 26 15 35 45 12 14 13 28 31 24 6 17 9 35 4 15 37 13 12 20 24 18 26 36 22 38 23 28 32 19 15 22 37 28 27 16 17
28 8 13 23 48 26 7 5 5 18 19 36 45 18 16 35 17 29 11 46 41 41 30 5 30 35 18 20 35 13 18 22 10 15 22 27 28 37 42 28 42 33 36 16 28 40 39 42 33 23 23 25 24 0 12 41 35 7 23 19 8 50 15 31 41 42 21 19 32 17 20 34 26 32 31 9 7 17 11 47 30 40 10 2 5 31 34 12 30 29 18 36 28 22 7 33 17 46 15 40 29 21 33 3 18 34 3 18 38 40 15 30 28 5 30 21 27 38 35 11 11 26 16 36 27 11 22 11 20 19 19 11 35 31 8 12 27 13 19 44 25 6 47 16 37 15 43 15 33 8 16
40 20 25 30 60 36 17 10 17 29 30 48 57 29 22 45 27 41 22 58 53 53 38 17 37 46 25 32 47 24 30 34 2 26 32 38 35 48 53 40 49 45 48 19 40 47 46 49 45 34 31 37 35 12 0 48 47 5 34 31 20 62 26 43 49 49 30 31 43 29 28 42 37 44 42 7 13 26 23 59 41 52 22 12 16 38 46 23 41 40 29 43 40 33 17 41 24 58 26 52 40 31 40 15 26 46 13 30 44 52 27 41 40 16 41 33 34 45 46 22 23 34 22 48 39 21 33 5 31 31 22 22 47 43 12 21 37 12 29 56 36 7 59 27 48 25 54 23 45 20 28
25 37 30 18 40 17 34 40 38 43 44 28 34 49 26 13 24 43 41 40 31 30 11 40 11 54 23 26 45 40 36 37 47 26 19 26 13 51 23 38 4 35 24 29 26 6 2 1 26 43 18 25 43 41 48 0 24 46 43 26 36 40 42 24 10 1 20 27 50 28 21 11 49 24 47 41 48 24 32 39 51 26 34 43 36 10 33 29 21 22 48 5 23 24 34 9 24 39 44 38 47 20 8 38 23 41 44 31 8 25 36 47 39 36 20 27 14 5 54 45 36 15 26 31 41 48 48 43 41 28 27 41 47 29 49 49 17 36 22 28 19 46 39 25 57 26 23 26 23 36 27
8 29 22 26 17 13 30 37 30 32 33 4 11 40 29 11 21 24 33 17 8 7 17 32 22 35 26 15 22 32 24 22 45 21 16 10 26 31 7 19 20 13 1 34 8 18 23 24 4 30 19 10 29 35 47 24 0 42 30 16 28 17 33 4 15 25 20 17 33 19 22 14 36 3 29 41 40 22 24 16 35 5 26 36 32 26 11 24 6 7 39 20 7 14 31 17 26 16 36 15 30 17 21 32 24 19 36 20 31 5 27 28 20 32 7 16 25 28 36 37 28 17 28 8 23 40 38 43 30 17 34 33 28 9 41 41 12 39 19 9 11 41 16 20 39 22 8 26 2 28 19
35 15 20 28 55 32 13 6 12 24 25 43 52 24 20 41 23 36 17 53 48 48 35 12 35 41 23 27 42 19 25 29 3 22 28 34 33 43 49 35 47 40 43 17 35 45 44 47 40 29 28 32 30 7 5 46 42 0 29 26 15 57 21 38 46 47 27 26 38 24 25 39 32 39 37 5 8 23 18 54 36 47 17 7 11 36 41 19 37 36 24 41 35 29 13 38 22 53 21 47 35 27 38 10 23 41 8 25 42 47 22 36 35 11 37 28 32 43 41 17 18 31 20 43 34 16 28 5 26 26 20 17 42 38 7 16 33 10 25 51 32 2 54 23 43 21 50 20 40 15 23
22 15 16 32 32 26 23 28 18 5 5 28 35 11 30 33 22 8 12 29 32 33 32 18 36 12 29 17 15 10 7 8 32 20 24 20 37 14 37 12 42 19 31 34 22 40 42 44 26 0 28 21 1 23 34 43 30 29 0 17 15 38 8 26 39 44 26 16 9 15 27 33 6 27 8 32 22 24 16 33 8 35 15 22 23 39 21 20 26 24 10 38 23 18 24 34 29 32 10 24 6 24 37 22 27 16 21 12 46 35 8 7 11 23 26 15 35 45 13 13 12 28 30 25 7 16 8 34 3 15 36 12 13 21 23 17 26 35 22 39 23 27 33 19 15 21 38 27 28 15 17
8 13 6 17 29 9 14 21 14 16 17 16 25 24 17 18 7 19 17 27 21 21 15 16 19 28 15 1 23 16 10 12 29 5 7 8 20 27 23 16 25 16 17 22 9 23 25 27 14 17 11 6 17 19 31 26 16 26 17 0 12 31 17 12 24 27 9 1 25 3 12 17 23 13 22 25 24 10 8 28 25 21 10 20 15 22 17 8 12 10 23 21 9 3 15 17 15 27 20 23 22 7 20 16 13 22 20 5 29 21 11 22 17 15 12 3 19 28 29 21 12 12 17 17 17 24 22 27 16 2 24 17 25 12 25 25 10 25 6 25 8 25 28 4 32 7 24 14 14 12 3
20 1 6 22 39 21 8 13 3 10 11 28 37 14 17 30 12 21 5 37 33 33 25 5 26 27 17 13 26 6 10 14 18 10 17 19 26 29 35 20 37 25 29 20 21 35 34 37 26 15 18 18 16 8 20 36 28 15 15 12 0 43 8 24 36 37 16 11 24 9 16 29 18 25 23 17 13 13 4 39 22 33 2 9 8 28 26 8 24 22 14 31 21 15 9 28 16 38 10 32 21 16 28 7 16 26 9 10 35 33 7 22 20 8 24 13 24 35 27 9 3 21 17 28 19 12 16 19 12 11 23 5 27 23 14 13 22 20 14 37 20 14 39 11 29 10 36 14 26 0 9
23 44 38 43 6 30 46 53 46 41 42 15 6 49 46 28 37 30 46 9 10 10 34 48 39 40 43 30 25 44 35 31 60 36 33 24 43 34 17 26 36 20 16 51 22 34 40 40 17 38 36 25 37 50 62 40 17 57 38 31 43 0 44 20 30 41 36 32 39 34 39 31 43 20 35 56 55 38 39 5 42 14 41 51 46 43 18 39 23 23 48 37 22 29 46 34 42 6 46 14 37 33 38 47 40 22 51 33 48 15 39 35 27 46 24 30 42 45 42 49 41 34 44 15 31 52 46 58 39 31 51 46 31 20 56 53 29 55 35 12 28 56 5 35 45 38 17 42 19 43 34
25 7 12 29 39 26 15 20 10 3 4 31 39 7 24 35 18 16 4 36 36 36 31 10 32 20 25 18 23 2 9 13 24 16 23 23 33 22 40 18 42 24 34 27 25 40 40 43 29 8 24 23 9 15 26 42 33 21 8 17 8 44 0 29 41 43 22 16 17 14 23 34 11 30 16 24 14 20 11 39 15 38 9 14 15 35 26 15 29 27 6 37 26 20 16 34 24 38 3 30 14 22 34 14 23 24 13 13 42 38 6 15 18 15 29 17 31 42 20 5 6 27 24 29 14 8 8 26 5 16 30 4 21 24 15 9 27 27 20 42 25 19 39 17 22 17 41 22 31 8 15
4 25 18 24 18 11 26 33 26 28 29 5 14 36 26 11 17 21 29 18 10 10 16 28 21 32 23 11 20 28 20 18 41 17 13 6 25 29 11 16 20 11 5 31 4 18 23 24 3 26 17 6 25 31 43 24 4 38 26 12 24 20 29 0 16 25 16 13 30 15 19 13 32 1 26 37 36 19 20 17 33 9 22 32 27 25 10 20 4 3 35 19 3 10 27 16 23 17 32 15 28 14 20 28 21 18 32 16 30 9 23 26 17 27 5 12 24 27 34 33 24 15 25 8 20 36 34 39 26 13 32 29 25 6 37 37 10 36 15 13 8 37 17 16 37 19 12 23 2 24 15
18 37 30 20 30 15 34 40 38 40 41 19 24 48 27 6 24 37 41 30 21 20 11 40 13 48 24 23 36 40 32 32 47 26 19 20 17 45 13 32 6 27 15 32 19 4 10 10 18 39 18 19 39 41 49 10 15 46 39 24 36 30 41 16 0 11 20 25 45 27 21 7 45 16 42 42 48 24 32 29 47 16 34 43 36 15 25 29 14 15 47 8 16 21 34 8 25 29 44 30 42 20 11 38 23 33 44 28 18 15 35 41 32 36 13 24 17 15 49 45 36 15 27 23 35 48 46 44 38 25 30 41 40 22 49 49 14 38 22 18 16 46 29 25 52 26 13 26 15 36 27
26 38 31 19 41 18 35 41 39 44 45 29 35 50 27 14 25 44 42 41 32 31 12 41 12 55 24 27 46 41 37 38 48 27 20 27 14 52 24 39 5 36 25 30 27 7 3 1 27 44 19 26 44 42 49 1 25 47 44 27 37 41 43 25 11 0 21 28 51 29 22 12 50 25 48 42 49 25 33 40 52 27 35 44 37 11 34 30 22 23 49 6 24 25 35 10 25 40 45 39 48 21 9 39 24 42 45 32 8 26 37 48 40 37 21 28 15 5 55 46 37 16 27 32 42 49 49 44 42 29 28 42 48 30 50 50 18 37 23 29 20 47 40 26 58 27 24 27 24 37 28
14 17 10 8 35 7 14 21 18 23 24 22 31 29 9 15 4 28 21 34 27 27 9 20 10 37 6 10 32 20 19 21 28 6 4 15 11 36 25 25 21 25 21 14 16 19 18 21 19 26 2 13 26 21 30 20 20 27 26 9 16 36 22 16 20 21 0 10 34 10 3 13 31 17 31 23 28 4 12 33 34 25 14 23 16 13 25 9 13 13 28 15 14 10 14 12 7 33 24 31 31 3 12 18 5 31 24 14 20 24 18 31 26 16 13 12 10 20 38 25 16 5 9 24 26 28 29 25 23 11 15 21 34 20 29 29 8 20 3 29 8 26 33 6 41 6 25 7 17 16 8
9 12 6 18 29 10 14 21 14 15 16 17 26 23 18 19 8 18 16 27 22 22 16 15 20 27 16 2 22 15 9 11 29 6 8 8 21 26 24 15 26 15 18 23 10 24 26 28 15 16 12 7 16 19 31 27 17 26 16 1 11 32 16 13 25 28 10 0 24 2 13 18 22 14 21 25 23 11 8 29 24 22 9 20 15 23 16 8 13 11 22 22 10 4 15 18 16 28 19 22 21 8 21 16 14 21 20 4 30 22 10 21 16 15 13 2 20 29 28 20 11 13 18 17 16 23 21 27 15 1 25 16 24 12 24 24 11 25 7 26 9 25 28 5 31 8 25 15 15 11 3
28 24 25 41 33 34 32 37 27 14 13 30 37 15 39 40 30 9 21 30 34 35 40 27 44 3 38 25 14 19 15 13 41 28 32 26 45 7 39 14 48 21 34 43 27 46 49 51 29 9 36 26 8 32 43 50 33 38 9 25 24 39 17 30 45 51 34 24 0 23 35 40 7 31 4 41 30 33 25 34 3 37 24 31 32 47 23 29 32 30 15 45 29 26 33 41 38 33 17 25 3 32 44 31 36 17 30 20 54 37 17 4 13 32 32 23 43 52 4 21 21 36 39 27 9 23 11 43 12 23 45 21 8 23 31 23 33 44 30 41 31 36 34 27 7 30 40 36 31 24 25
11 10 4 17 31 12 12 19 12 13 14 19 28 21 17 21 7 18 14 29 24 24 17 13 20 26 15 4 23 13 8 11 27 5 9 10 22 26 26 16 28 17 20 22 12 26 27 29 17 15 12 9 15 17 29 28 19 24 15 3 9 34 14 15 27 29 10 2 23 0 12 20 21 16 21 23 21 10 6 31 23 24 7 18 14 23 18 7 15 13 20 23 12 6 13 20 15 30 17 24 20 9 22 14 13 22 18 4 30 24 8 20 17 14 15 3 20 30 27 18 9 14 17 19 16 21 19 25 13 2 24 14 24 13 22 22 13 24 7 28 11 23 30 4 30 7 27 14 17 9 2
17 17 11 5 38 9 13 19 17 24 25 25 34 30 6 16 5 30 22 37 30 29 10 19 10 39 3 13 35 21 20 23 26 7 7 18 9 38 27 28 22 28 23 11 19 20 19 22 22 27 3 16 27 20 28 21 22 25 27 12 16 39 23 19 21 22 3 13 35 12 0 14 32 20 33 21 27 3 13 36 35 27 15 22 15 12 28 8 16 16 29 16 17 13 13 13 4 36 25 34 32 6 13 17 2 34 23 16 19 27 19 32 29 15 15 15 8 19 39 25 17 6 6 27 28 27 30 23 24 14 12 21 36 23 28 28 10 17 6 31 11 25 36 8 42 6 27 5 20 16 10
14 30 23 15 31 8 27 33 31 33 34 18 25 41 20 3 17 33 34 31 22 21 5 33 8 43 17 16 33 33 26 27 40 19 12 16 12 41 15 28 8 24 15 25 15 6 10 12 16 33 11 14 33 34 42 11 14 39 33 17 29 31 34 13 7 12 13 18 40 20 14 0 39 13 37 35 41 17 25 30 41 17 27 36 29 12 23 22 10 11 40 6 12 15 27 3 18 30 37 28 37 13 7 31 16 30 37 21 17 16 28 36 28 29 9 18 12 14 44 38 29 8 20 21 31 41 39 37 32 18 25 34 36 18 42 42 7 31 15 20 9 39 30 18 47 19 15 19 13 29 20
28 18 21 38 37 32 26 31 21 8 7 34 41 8 35 39 27 13 15 34 38 39 38 21 41 9 34 23 18 13 13 14 35 25 30 26 42 14 43 18 48 25 37 38 28 46 48 50 32 6 33 27 7 26 37 49 36 32 6 23 18 43 11 32 45 50 31 22 7 21 32 39 0 33 8 35 24 29 21 38 4 41 19 25 26 44 27 25 32 30 8 44 29 24 27 40 34 37 11 29 6 30 43 25 32 21 24 18 51 41 13 8 17 26 32 21 40 51 9 15 16 34 35 31 13 16 4 37 8 21 41 15 13 27 25 16 32 38 28 45 29 30 38 25 11 26 44 32 34 18 23
5 26 19 24 18 11 27 34 27 29 30 5 14 37 27 11 18 22 30 18 10 10 16 29 21 33 24 12 21 29 21 19 42 18 14 7 25 30 10 17 20 12 4 32 5 18 23 24 3 27 17 7 26 32 44 24 3 39 27 13 25 20 30 1 16 25 17 14 31 16 20 13 33 0 27 38 37 20 21 17 33 8 23 33 28 25 10 21 4 4 36 19 4 11 28 16 24 17 33 15 28 15 20 29 22 18 33 17 30 8 24 26 18 28 5 13 24 27 34 34 25 15 26 8 21 37 35 40 27 14 32 30 26 7 38 38 10 37 16 12 9 38 17 17 37 20 11 24 1 25 16
24 23 23 38 29 30 31 36 26 13 12 26 33 16 37 36 28 5 20 26 30 31 36 26 40 6 36 22 10 18 13 10 40 26 29 22 42 6 35 10 45 17 30 42 23 43 46 48 25 8 33 23 7 31 42 47 29 37 8 22 23 35 16 26 42 48 31 21 4 21 33 37 8 27 0 40 29 31 24 30 7 33 23 30 31 44 19 27 28 26 16 42 25 23 32 38 36 29 17 21 2 29 41 30 34 13 29 17 51 33 16 1 9 31 28 20 41 49 8 20 20 33 37 23 6 23 12 42 11 20 44 20 5 20 30 23 30 43 28 37 28 35 30 25 11 28 36 34 28 23 23
34 17 19 23 54 29 11 4 14 27 28 42 51 27 15 37 21 38 20 52 47 47 31 14 30 44 18 26 43 22 27 31 6 20 26 32 28 46 47 37 42 40 42 12 34 40 39 42 39 32 24 31 33 9 7 41 41 5 32 25 17 56 24 37 42 42 23 25 41 23 21 35 35 38 40 0 13 19 18 53 39 46 18 10 10 31 41 17 35 34 27 36 34 27 10 34 17 52 24 47 38 24 33 10 19 43 11 26 37 46 24 39 37 10 35 26 27 38 44 20 20 27 15 42 36 19 31 2 29 25 15 20 44 36 12 20 30 5 23 50 30 7 53 21 46 19 47 16 39 17 22
33 12 18 30 52 33 14 10 10 17 17 41 50 16 23 42 24 30 11 49 46 46 37 8 37 33 25 25 37 13 22 26 11 22 29 32 35 35 47 32 49 37 41 22 33 47 46 49 38 22 30 30 23 7 13 48 40 8 22 24 13 55 14 36 48 49 28 23 30 21 27 41 24 37 29 13 0 24 16 52 28 45 14 5 12 38 39 19 36 34 16 43 33 27 14 40 24 51 13 44 27 28 40 10 25 38 4 23 45 45 18 29 32 12 36 24 34 45 33 9 15 33 23 40 28 8 20 13 19 23 25 11 34 34 1 8 34 18 26 49 32 6 51 23 35 22 48 22 38 13 21
16 13 8 8 37 10 10 17 14 21 22 24 33 27 7 19 3 28 18 36 29 29 13 16 13 36 5 11 33 18 18 21 25 5 6 16 12 36 27 26 25 26 23 12 18 23 22 25 21 24 6 14 25 17 26 24 22 23 24 10 13 38 20 19 24 25 4 11 33 10 3 17 29 20 31 19 24 0 9 35 32 27 11 19 12 15 26 5 16 16 26 19 16 11 10 16 5 35 22 32 30 5 16 14 3 32 20 14 22 27 16 30 27 12 15 13 11 22 37 21 14 9 7 25 26 24 27 21 21 12 14 18 34 21 25 25 11 17 4 31 11 22 35 6 39 3 28 4 20 13 8
16 5 2 18 37 17 7 14 6 13 14 24 33 18 14 26 8 22 9 35 29 29 21 8 22 28 14 9 27 9 11 15 21 6 13 16 22 30 31 20 33 23 25 18 17 31 30 33 22 16 14 14 17 11 23 32 24 18 16 8 4 39 11 20 32 33 12 8 25 6 13 25 21 21 24 18 16 9 0 36 24 29 2 12 8 24 24 4 20 18 17 27 17 11 8 24 13 35 13 30 22 12 24 8 12 26 12 8 31 29 8 23 21 8 20 9 20 31 29 13 5 17 14 25 20 16 19 20 13 8 20 9 28 19 17 17 18 19 10 33 16 17 36 7 31 6 32 11 22 4 5
20 40 35 41 1 28 43 50 43 36 37 12 5 44 43 27 34 25 41 4 8 9 33 44 38 35 40 27 20 39 30 26 57 33 30 21 42 29 16 21 35 15 15 48 19 33 39 39 14 33 34 22 32 47 59 39 16 54 33 28 39 5 39 17 29 40 33 29 34 31 36 30 38 17 30 53 52 35 36 0 37 13 38 48 43 42 13 36 21 20 43 36 19 26 43 33 39 1 41 9 32 30 37 44 37 17 48 29 47 14 34 30 22 43 22 27 41 44 37 44 37 32 41 11 26 47 41 55 34 28 48 41 26 16 53 48 27 52 32 12 25 53 0 32 40 35 16 39 17 39 31
30 22 24 40 36 34 30 35 25 12 11 33 40 12 38 41 30 12 19 33 37 38 40 25 44 5 37 25 17 17 15 15 39 28 32 28 45 10 42 17 50 24 37 42 29 48 50 52 31 8 36 28 8 30 41 51 35 36 8 25 22 42 15 33 47 52 34 24 3 23 35 41 4 33 7 39 28 32 24 37 0 40 23 29 30 46 26 28 34 32 12 46 31 26 31 42 37 36 15 28 5 32 45 29 35 20 28 20 53 40 16 7 16 30 34 23 43 53 5 19 20 36 38 30 12 20 8 41 11 23 44 19 11 26 29 20 34 42 30 44 31 34 37 27 7 29 43 35 34 22 25
13 34 27 31 14 18 35 42 35 37 38 7 8 45 34 14 26 28 38 14 5 4 21 37 25 39 31 20 25 37 29 27 50 26 21 15 29 34 3 23 22 16 4 39 13 20 26 26 9 35 24 15 34 40 52 26 5 47 35 21 33 14 38 9 16 27 25 22 37 24 27 17 41 8 33 46 45 27 29 13 40 0 31 41 36 29 14 29 11 12 44 23 12 19 36 20 31 13 41 15 35 22 24 37 29 22 41 25 34 1 32 33 24 36 12 21 29 31 41 42 33 22 33 10 28 45 43 48 35 22 39 38 31 14 46 46 17 44 24 4 16 46 13 25 44 27 4 31 7 33 24
18 3 4 20 38 19 8 14 5 11 12 26 35 16 16 28 10 21 7 36 31 31 23 6 24 27 16 11 26 7 10 14 20 8 15 17 24 29 33 20 35 24 27 19 19 33 32 35 24 15 16 16 16 10 22 34 26 17 15 10 2 41 9 22 34 35 14 9 24 7 15 27 19 23 23 18 14 11 2 38 23 31 0 11 8 26 25 6 22 20 15 29 19 13 9 26 15 37 11 31 21 14 26 8 14 26 11 9 33 31 7 22 20 8 22 10 22 33 27 11 3 19 16 26 19 14 17 20 12 9 22 7 27 20 15 15 20 20 12 35 18 16 37 9 30 8 34 13 24 2 7
28 9 14 25 48 28 9 6 6 17 18 36 45 17 18 37 19 30 10 46 41 41 32 5 32 34 20 21 35 12 19 23 10 17 24 28 30 36 43 29 44 34 37 18 29 42 41 44 34 22 25 26 23 2 12 43 36 7 22 20 9 51 14 32 43 44 23 20 31 18 22 36 25 33 30 10 5 19 12 48 29 41 11 0 7 33 35 14 32 30 17 38 29 23 9 35 19 47 14 41 28 23 35 5 20 35 1 19 40 41 16 29 29 7 32 21 29 40 34 10 12 28 18 37 28 9 21 12 19 20 21 10 35 31 6 10 29 14 21 45 27 5 48 18 36 17 44 17 34 9 17
24 8 10 18 45 21 2 6 5 18 19 32 41 20 11 30 12 29 11 43 37 37 25 6 25 35 13 17 34 13 18 22 14 11 17 23 23 37 38 28 37 31 33 13 25 35 34 37 30 23 18 22 24 5 16 36 32 11 23 15 8 46 15 27 36 37 16 15 32 14 15 29 26 28 31 10 12 12 8 43 30 36 8 7 0 26 31 8 26 25 20 31 24 18 2 28 12 42 16 37 29 16 28 2 13 34 8 16 33 36 15 30 28 0 26 17 22 33 35 13 11 21 11 32 27 15 23 12 20 16 16 11 35 27 13 16 22 12 14 40 21 10 43 12 37 10 39 10 29 8 12
23 29 23 8 43 14 24 30 29 36 37 30 37 42 16 15 17 40 34 43 34 33 9 31 4 50 13 22 42 33 32 34 37 19 15 24 3 48 27 36 13 34 27 19 25 12 8 11 28 39 11 22 39 31 38 10 26 36 39 22 28 43 35 25 15 11 13 23 47 23 12 12 44 25 44 31 38 15 24 42 46 29 26 33 26 0 34 20 21 22 41 7 23 21 24 9 14 42 37 40 43 15 5 28 13 40 34 27 7 28 31 43 37 26 20 24 4 7 50 36 29 11 16 33 38 39 42 33 36 24 17 33 45 29 39 40 15 26 16 32 17 36 42 19 53 18 27 16 25 28 21
11 27 22 33 13 20 30 37 29 23 24 8 14 31 33 20 23 14 28 11 11 12 25 31 30 25 31 16 11 26 17 13 44 22 21 10 34 20 17 9 29 2 12 38 9 27 32 33 7 21 26 12 20 34 46 33 11 41 21 17 26 18 26 10 25 34 25 16 23 18 28 23 27 10 19 41 39 26 24 13 26 14 25 35 31 34 0 24 13 12 30 29 11 15 31 25 31 12 28 6 21 22 29 32 29 8 35 16 39 15 21 19 10 31 14 14 33 37 27 31 24 24 33 4 14 34 29 43 21 15 40 28 17 5 40 35 19 41 22 18 17 40 13 21 30 24 18 30 10 26 19
16 8 4 13 37 14 6 13 9 17 18 24 33 22 10 23 5 25 13 35 29 29 18 11 18 32 10 9 30 13 14 18 21 3 10 15 17 33 30 23 30 23 25 15 17 28 27 30 22 20 11 14 21 12 23 29 24 19 20 8 8 39 15 20 29 30 9 8 29 7 8 22 25 21 27 17 19 5 4 36 28 29 6 14 8 20 24 0 18 17 21 24 17 10 7 21 9 35 17 30 26 9 21 9 8 29 15 11 27 29 12 26 24 8 18 10 16 27 33 16 9 14 10 25 23 19 23 19 17 9 17 13 31 20 20 20 15 17 7 33 13 18 36 4 35 3 31 7 22 8 5
4 25 18 20 22 7 25 32 26 28 29 9 17 36 23 8 15 23 29 22 13 13 12 28 17 34 20 11 23 28 20 19 40 15 10 6 21 31 12 18 17 14 7 28 5 15 20 21 7 26 13 6 26 30 41 21 6 37 26 12 24 23 29 4 14 22 13 13 32 15 16 10 32 4 28 35 36 16 20 21 34 11 22 32 26 21 13 18 0 2 35 16 3 9 25 12 20 21 32 19 29 11 16 27 18 21 32 16 26 11 23 27 19 26 1 12 20 24 35 33 24 11 22 12 22 36 34 37 26 13 28 29 27 9 37 37 6 33 12 15 5 36 21 14 38 16 13 20 4 24 15
2 23 16 21 21 8 24 31 24 26 27 8 17 34 23 9 14 21 27 21 13 13 13 26 18 32 20 9 21 26 18 17 39 14 10 4 22 29 13 16 18 12 8 28 3 16 21 22 6 24 14 4 24 29 40 22 7 36 24 10 22 23 27 3 15 23 13 11 30 13 16 11 30 4 26 34 34 16 18 20 32 12 20 30 25 22 12 17 2 0 33 17 1 7 24 13 20 20 30 18 27 11 17 26 18 19 30 14 27 12 21 25 17 25 2 10 21 25 33 31 22 12 22 11 20 34 32 36 24 11 28 27 25 7 35 35 7 33 12 16 5 35 20 13 36 16 14 20 5 22 13
31 13 18 35 42 32 21 23 15 7 6 37 44 1 30 41 24 18 9 39 41 42 37 14 38 17 31 24 25 8 15 17 27 22 29 29 39 22 46 22 48 29 40 33 31 46 46 49 35 10 30 29 11 18 29 48 39 24 10 23 14 48 6 35 47 49 28 22 15 20 29 40 8 36 16 27 16 26 17 43 12 44 15 17 20 41 30 21 35 33 0 43 32 26 22 40 30 42 4 34 14 28 40 18 29 26 16 19 48 44 12 16 21 20 35 23 37 48 17 7 12 33 30 34 17 8 4 29 9 22 36 9 21 30 17 8 33 31 26 48 31 22 43 23 19 23 47 28 37 14 21
20 32 25 13 37 12 29 35 33 38 39 24 31 44 21 9 19 38 36 37 28 27 6 35 6 49 18 21 39 35 31 32 42 21 14 21 10 46 20 33 6 30 21 25 21 5 4 6 22 38 13 20 38 36 43 5 20 41 38 21 31 37 37 19 8 6 15 22 45 23 16 6 44 19 42 36 43 19 27 36 46 23 29 38 31 7 29 24 16 17 43 0 18 19 29 4 19 36 39 34 42 15 3 33 18 36 39 26 11 22 31 42 34 31 15 22 10 8 49 40 31 10 21 27 36 43 42 38 36 23 23 36 42 24 44 44 12 31 17 25 14 41 36 20 52 21 20 21 19 31 22
1 22 15 22 20 9 23 30 23 25 26 7 16 33 23 10 15 20 26 20 12 12 14 25 19 31 20 8 20 25 17 16 38 14 10 3 23 28 14 15 19 11 8 28 2 17 22 23 5 23 15 3 23 28 40 23 7 35 23 9 21 22 26 3 16 24 14 10 29 12 17 12 29 4 25 34 33 16 17 19 31 12 19 29 24 23 11 17 3 1 32 18 0 7 24 14 20 19 29 17 26 11 18 25 18 18 29 13 28 12 20 24 16 24 3 9 22 26 32 30 21 13 22 10 19 33 31 36 23 10 29 26 24 6 34 34 8 33 13 16 6 34 19 13 35 16 15 20 5 21 12
6 16 9 18 26 7 16 23 17 19 20 14 23 27 18 15 8 19 20 25 19 19 13 19 17 29 16 2 22 19 11 13 31 7 6 5 20 27 20 15 23 15 15 23 7 21 23 25 12 18 11 4 18 22 33 24 14 29 18 3 15 29 20 10 21 25 10 4 26 6 13 15 24 11 23 27 27 11 11 26 26 19 13 23 18 21 15 10 9 7 26 19 7 0 17 15 16 25 23 21 23 7 18 19 14 21 23 7 28 19 14 23 16 18 9 3 19 26 30 24 15 10 18 15 17 27 25 29 17 4 25 20 24 10 28 28 7 27 7 23 5 28 26 6 33 9 21 15 12 15 6
23 9 9 16 44 20 1 7 7 19 20 31 40 22 9 29 11 30 13 42 36 36 23 8 23 36 11 16 35 14 19 23 15 10 16 22 21 38 37 28 35 30 32 11 24 33 32 35 29 24 16 21 25 7 17 34 31 13 24 15 9 46 16 27 34 35 14 15 33 13 13 27 27 28 32 10 14 10 8 43 31 36 9 9 2 24 31 7 25 24 22 29 24 17 0 26 10 42 18 37 30 15 26 4 11 34 10 16 31 36 16 31 29 2 25 16 20 31 36 15 12 19 9 32 28 17 24 12 21 15 14 13 36 26 15 18 21 11 13 40 20 12 43 11 38 9 38 8 29 9 12
16 29 22 12 34 8 26 32 30 34 35 21 28 41 19 6 16 34 33 34 25 24 3 32 5 45 16 17 35 32 27 28 39 18 11 17 9 42 18 29 9 26 18 24 17 7 8 10 19 34 10 16 34 33 41 9 17 38 34 17 28 34 34 16 8 10 12 18 41 20 13 3 40 16 38 34 40 16 24 33 42 20 26 35 28 9 25 21 12 13 40 4 14 15 26 0 17 33 36 31 38 12 4 30 15 32 36 22 14 19 28 38 30 28 11 18 9 12 45 37 28 7 19 24 32 40 39 36 32 19 22 33 38 20 41 41 8 30 14 23 10 38 33 17 48 18 18 18 16 28 19
20 17 13 6 41 13 10 16 16 26 27 28 37 30 2 20 8 33 21 40 33 33 14 17 13 41 1 16 38 22 23 26 23 10 10 21 11 41 31 31 25 31 27 7 22 23 22 25 25 29 7 19 30 17 24 24 26 22 29 15 16 42 24 23 25 25 7 16 38 15 4 18 34 24 36 17 24 5 13 39 37 31 15 19 12 14 31 9 20 20 30 19 20 16 10 17 0 39 26 37 35 9 16 14 2 37 20 19 21 31 21 35 32 12 19 18 10 21 42 24 18 10 2 30 31 26 32 19 26 17 9 21 39 26 25 27 14 13 9 35 15 22 39 11 44 8 31 2 24 16 13
20 39 34 41 1 28 42 49 41 35 36 12 6 43 43 27 34 24 40 3 8 9 33 43 38 34 40 27 19 38 29 25 56 33 29 20 42 28 16 20 35 14 15 47 18 33 39 39 14 32 34 21 31 46 58 39 16 53 32 27 38 6 38 17 29 40 33 28 33 30 36 30 37 17 29 52 51 35 35 1 36 13 37 47 42 42 12 35 21 20 42 36 19 25 42 33 39 0 40 8 31 30 37 43 37 16 47 28 47 14 33 29 21 42 22 26 41 44 36 43 36 32 41 10 25 46 40 54 33 27 48 40 25 15 52 47 27 52 31 13 25 52 1 31 39 34 17 39 17 38 30
28 9 14 31 41 29 17 20 11 5 5 34 42 5 26 38 20 18 5 38 39 39 33 10 34 20 27 21 25 4 12 15 24 18 25 26 35 23 43 20 45 27 37 29 28 43 42 45 32 10 26 26 11 15 26 44 36 21 10 20 10 46 3 32 44 45 24 19 17 17 25 37 11 33 17 24 13 22 13 41 15 41 11 14 16 37 28 17 32 30 4 39 29 23 18 36 26 40 0 32 15 24 36 14 25 26 13 16 44 41 9 17 20 16 32 20 33 44 20 4 8 29 26 32 16 6 7 26 7 19 32 5 22 27 14 7 30 27 22 45 28 19 41 19 22 19 44 24 34 10 17
17 33 28 39 8 26 36 43 35 27 28 11 12 35 39 25 29 16 33 5 10 11 31 37 36 26 37 22 11 31 22 18 50 28 27 16 40 20 18 12 34 7 15 44 15 32 37 38 12 24 32 18 23 40 52 38 15 47 24 23 32 14 30 15 30 39 31 22 25 24 34 28 29 15 21 47 44 32 30 9 28 15 31 41 37 40 6 30 19 18 34 34 17 21 37 31 37 8 32 0 23 28 35 38 35 8 41 22 45 16 26 21 13 37 20 20 39 42 28 35 30 30 39 7 17 38 32 49 25 21 46 33 17 11 45 39 25 47 28 17 23 46 9 27 31 30 19 36 15 32 25
25 21 22 37 31 30 29 34 24 11 10 28 35 14 36 36 27 7 18 28 32 33 36 24 40 6 35 22 12 16 12 10 38 25 29 23 42 8 37 12 45 19 32 40 24 43 46 48 26 6 33 23 5 29 40 47 30 35 6 22 21 37 14 28 42 48 31 21 3 20 32 37 6 28 2 38 27 30 22 32 5 35 21 28 29 43 21 26 29 27 14 42 26 23 30 38 35 31 15 23 0 29 41 28 33 15 27 17 50 35 14 2 11 29 29 20 40 49 7 18 18 33 36 25 7 21 10 40 9 20 42 18 7 21 28 21 30 41 27 39 28 33 32 24 10 27 38 33 29 21 22
11 17 10 11 32 5 14 21 18 22 23 19 28 29 11 14 4 25 21 31 24 24 9 20 12 35 9 7 29 20 17 19 29 6 1 12 13 33 22 22 21 22 18 16 13 19 19 21 16 24 4 10 24 21 31 20 17 27 24 7 16 33 22 14 20 21 3 8 32 9 6 13 30 15 29 24 28 5 12 30 32 22 14 23 16 15 22 9 11 11 28 15 11 7 15 12 9 30 24 28 29 0 13 18 7 28 24 12 22 22 17 29 23 16 10 9 12 21 36 25 16 5 11 21 23 28 28 26 22 9 18 21 31 17 29 29 6 22 2 26 6 26 30 5 39 6 23 9 15 16 7
19 29 22 10 38 11 26 32 30 35 36 25 32 41 18 10 16 37 33 38 29 28 5 32 3 48 15 20 39 32 30 31 39 18 13 20 7 45 22 32 9 30 22 22 21 8 6 9 23 37 10 19 37 33 40 8 21 38 37 20 28 38 34 20 11 9 12 21 44 22 13 7 43 20 41 33 40 16 24 37 45 24 26 35 28 5 29 21 16 17 40 3 18 18 26 4 16 37 36 35 41 13 0 30 15 36 36 25 10 23 30 41 33 28 15 21 7 8 48 37 28 8 18 28 35 40 41 35 35 22 20 33 41 24 41 41 11 28 15 27 13 38 37 18 51 18 22 18 20 28 20
24 7 10 20 45 23 4 6 4 17 18 32 41 18 13 32 14 28 10 43 37 37 27 4 27 34 15 17 33 12 17 21 13 12 19 24 25 36 39 27 39 31 33 15 25 37 36 39 30 22 20 22 23 3 15 38 32 10 22 16 7 47 14 28 38 39 18 16 31 14 17 31 25 29 30 10 10 14 8 44 29 37 8 5 2 28 32 9 27 26 18 33 25 19 4 30 14 43 14 38 28 18 30 0 15 33 6 16 35 37 14 29 27 2 27 17 24 35 34 11 10 23 13 33 26 13 21 12 19 16 18 10 34 27 11 14 24 13 16 41 22 9 44 13 36 12 40 12 30 7 13
18 16 11 6 39 11 11 17 16 24 25 26 35 30 4 18 6 31 21 38 31 31 12 18 12 39 2 14 36 21 21 24 24 8 8 19 10 39 29 29 24 29 25 9 20 22 21 24 23 27 5 17 28 18 26 23 24 23 27 13 16 40 23 21 23 24 5 14 36 13 2 16 32 22 34 19 25 3 12 37 35 29 14 20 13 13 29 8 18 18 29 18 18 14 11 15 2 37 25 35 33 7 15 15 0 35 21 17 20 29 19 33 30 13 17 16 9 20 40 24 17 8 4 28 29 27 30 21 24 15 11 21 37 24 26 28 12 15 7 33 13 23 37 9 42 6 29 3 22 16 11
18 27 25 39 16 26 33 39 29 21 21 16 20 27 39 28 29 8 27 13 18 19 31 31 36 18 37 21 3 25 16 12 44 27 27 16 40 12 25 6 37 7 20 44 16 35 40 41 15 16 32 18 15 34 46 41 19 41 16 22 26 22 24 18 33 42 31 21 17 22 34 30 21 18 13 43 38 32 26 17 20 22 26 35 34 40 8 29 21 19 26 36 18 21 34 32 37 16 26 8 15 28 36 33 35 0 35 18 46 23 20 13 6 34 21 19 39 44 20 29 24 30 39 12 10 32 24 45 19 20 46 27 9 12 39 33 25 45 28 25 23 40 17 26 23 29 26 36 18 26 24
29 9 14 26 49 29 10 7 6 16 17 37 46 16 19 38 20 29 9 47 42 42 33 5 33 33 21 21 35 11 19 23 11 18 25 28 31 35 43 29 45 34 37 19 29 43 42 45 34 21 26 26 22 3 13 44 36 8 21 20 9 51 13 32 44 45 24 20 30 18 23 37 24 33 29 11 4 20 12 48 28 41 11 1 8 34 35 15 32 30 16 39 29 23 10 36 20 47 13 41 27 24 36 6 21 35 0 19 41 41 15 28 29 8 32 21 30 41 33 9 12 29 19 37 27 8 20 13 18 20 22 9 34 31 5 9 30 15 22 45 28 6 48 19 35 18 44 18 34 9 17
12 11 7 21 29 14 15 22 13 12 13 19 28 20 21 22 11 14 13 27 24 24 20 15 24 23 19 5 19 12 5 7 28 9 12 10 25 22 27 12 30 15 21 26 12 28 30 32 17 12 16 10 12 18 30 31 20 25 12 5 10 33 13 16 28 32 14 4 20 4 16 21 18 17 17 26 23 14 8 29 20 25 9 19 16 27 16 11 16 14 19 26 13 7 16 22 19 28 16 22 17 12 25 16 17 18 19 0 34 25 7 17 13 16 16 4 24 33 24 17 8 17 21 18 12 20 18 28 11 3 28 13 20 13 24 21 14 27 11 29 12 24 29 8 27 11 28 18 18 10 6
29 36 30 15 48 21 31 36 36 43 44 35 42 49 22 20 24 47 41 48 39 38 15 38 11 57 20 29 49 40 39 41 43 26 22 30 10 55 31 42 12 40 32 25 31 14 8 9 33 46 18 29 46 38 44 8 31 42 46 29 35 48 42 30 18 8 20 30 54 30 19 17 51 30 51 37 45 22 31 47 53 34 33 40 33 7 39 27 26 27 48 11 28 28 31 14 21 47 44 45 50 22 10 35 20 46 41 34 0 33 38 50 43 33 25 31 11 3 57 43 36 18 22 38 45 46 49 39 43 31 22 40 51 34 46 47 21 32 23 36 23 42 47 26 60 25 31 23 30 35 28
13 34 27 30 15 18 35 42 35 37 38 7 9 45 34 13 26 28 38 15 6 5 20 37 24 39 31 20 25 37 29 27 50 26 21 15 28 34 2 23 21 16 4 39 13 19 25 25 9 35 24 15 34 40 52 25 5 47 35 21 33 15 38 9 15 26 24 22 37 24 27 16 41 8 33 46 45 27 29 14 40 1 31 41 36 28 15 29 11 12 44 22 12 19 36 19 31 14 41 16 35 22 23 37 29 23 41 25 33 0 32 33 24 36 12 21 28 30 41 42 33 21 33 11 28 45 43 48 35 22 39 38 31 14 46 46 17 44 23 5 16 46 14 25 44 27 3 31 7 33 24
19 7 8 24 34 20 15 20 10 5 6 25 34 13 22 29 14 14 7 31 30 30 25 11 28 20 21 12 20 5 4 8 25 12 17 17 29 22 34 14 36 19 28 26 19 34 35 37 23 8 20 17 9 15 27 36 27 22 8 11 7 39 6 23 35 37 18 10 17 8 19 28 13 24 16 24 18 16 8 34 16 32 7 16 15 31 21 12 23 21 12 31 20 14 16 28 21 33 9 26 14 17 30 14 19 20 15 7 38 32 0 15 14 15 23 11 27 38 20 10 4 22 22 24 12 13 11 26 5 10 28 7 20 19 19 14 21 27 15 36 19 21 34 12 23 13 35 19 25 7 10
23 22 22 38 29 30 30 35 25 12 12 26 33 16 36 35 27 5 19 26 30 31 36 25 40 7 35 22 10 17 12 10 39 25 29 21 42 7 35 10 44 17 30 41 22 42 46 48 24 7 33 22 6 30 41 47 28 36 7 22 22 35 15 26 41 48 31 21 4 20 32 36 8 26 1 39 29 30 23 30 7 33 22 29 30 43 19 26 27 25 16 42 24 23 31 38 35 29 17 21 2 29 41 29 33 13 28 17 50 33 15 0 9 30 27 19 40 49 8 20 19 33 36 23 5 23 12 41 10 20 43 19 6 19 30 23 29 42 27 37 27 34 30 24 11 27 36 33 27 22 22
15 21 20 34 21 23 28 33 23 15 16 17 24 22 34 26 24 4 21 18 21 22 28 25 33 15 32 16 6 19 10 6 38 22 22 13 36 11 26 1 35 8 21 39 14 33 38 39 16 11 27 15 10 28 40 39 20 35 11 17 20 27 18 17 32 40 26 16 13 17 29 28 17 18 9 37 32 27 21 22 16 24 20 29 28 37 10 24 19 17 21 34 16 16 29 30 32 21 20 13 11 23 33 27 30 6 29 13 43 24 14 9 0 28 19 14 35 41 17 23 18 26 34 14 4 26 19 39 13 15 41 21 8 11 33 27 22 40 23 28 20 34 22 21 20 24 27 31 19 20 19
24 8 10 18 45 21 2 6 5 18 19 32 41 20 11 30 12 29 11 43 37 37 25 6 25 35 13 17 34 13 18 22 14 11 17 23 23 37 38 28 37 31 33 13 25 35 34 37 30 23 18 22 24 5 16 36 32 11 23 15 8 46 15 27 36 37 16 15 32 14 15 29 26 28 31 10 12 12 8 43 30 36 8 7 0 26 31 8 26 25 20 31 24 18 2 28 12 42 16 37 29 16 28 2 13 34 8 16 33 36 15 30 28 0 26 17 22 33 35 13 11 21 11 32 27 15 23 12 20 16 16 11 35 27 13 16 22 12 14 40 21 10 43 12 37 10 39 10 29 8 12
4 25 18 19 23 6 24 31 26 28 29 10 18 36 22 7 14 23 29 23 14 14 11 28 16 34 19 11 23 28 20 19 39 15 9 6 20 31 12 18 16 14 8 27 5 14 19 20 8 26 12 6 26 30 41 20 7 37 26 12 24 24 29 5 13 21 13 13 32 15 15 9 32 5 28 35 36 15 20 22 34 12 22 32 26 20 14 18 1 2 35 15 3 9 25 11 19 22 32 20 29 10 15 27 17 21 32 16 25 12 23 27 19 26 0 12 19 23 35 33 24 10 21 13 22 36 34 36 26 13 27 29 27 9 37 37 5 32 12 16 5 36 22 14 38 16 13 19 5 24 15
8 14 8 20 27 10 16 23 16 16 17 15 24 24 20 18 10 16 17 25 20 20 16 17 20 26 18 2 20 16 8 10 31 8 9 6 22 24 23 13 26 13 17 25 8 24 26 28 13 15 13 6 15 21 33 27 16 28 15 3 13 30 17 12 24 28 12 2 23 3 15 18 21 13 20 26 24 13 9 27 23 21 10 21 17 24 14 10 12 10 23 22 9 3 16 18 18 26 20 20 20 9 21 17 16 19 21 4 31 21 11 19 14 17 12 0 21 29 27 21 12 13 20 15 14 24 22 28 14 1 27 17 22 10 25 25 10 27 9 25 8 26 26 7 30 10 24 17 14 12 5
22 25 19 4 42 13 20 26 25 32 33 29 36 38 12 15 13 37 30 42 33 32 8 27 4 47 9 19 41 29 28 31 33 15 13 23 1 45 27 34 16 33 26 15 24 15 12 15 27 35 8 21 35 27 34 14 25 32 35 19 24 42 31 24 17 15 10 20 43 20 8 12 40 24 41 27 34 11 20 41 43 29 22 29 22 4 33 16 20 21 37 10 22 19 20 9 10 41 33 39 40 12 7 24 9 39 30 24 11 28 27 40 35 22 19 21 0 11 47 32 25 9 12 32 35 35 38 29 32 21 13 29 43 28 35 36 14 22 13 32 16 32 41 16 50 14 27 12 24 24 18
27 36 30 15 45 19 31 37 36 43 44 32 39 49 23 17 24 45 41 45 36 35 13 38 10 56 20 28 46 40 38 39 44 26 21 28 10 53 28 40 9 37 29 26 28 11 5 6 30 45 18 27 45 38 45 5 28 43 45 28 35 45 42 27 15 5 20 29 52 30 19 14 51 27 49 38 45 22 31 44 53 31 33 40 33 7 37 27 24 25 48 8 26 26 31 12 21 44 44 42 49 21 8 35 20 44 41 33 3 30 38 49 41 33 23 29 11 0 56 43 36 16 23 35 43 46 49 40 43 30 23 40 49 32 46 47 19 33 23 33 21 43 44 26 59 25 28 23 27 35 28
31 27 29 44 36 37 35 40 30 17 16 34 40 17 43 43 34 13 24 33 37 38 43 30 47 2 42 29 17 22 19 17 44 32 36 29 49 8 43 18 52 25 38 47 30 50 53 55 32 13 40 30 12 35 46 54 36 41 13 29 27 42 20 34 49 55 38 28 4 27 39 44 9 34 8 44 33 37 29 37 5 41 27 34 35 50 27 33 35 33 17 49 32 30 36 45 42 36 20 28 7 36 48 34 40 20 33 24 57 41 20 8 17 35 35 27 47 56 0 24 24 40 42 31 13 25 13 46 15 27 48 24 11 27 34 25 37 47 34 44 35 39 37 31 3 33 44 39 35 27 29
29 8 15 30 44 30 14 16 9 8 8 35 44 7 24 39 21 21 4 41 40 40 34 7 35 24 25 22 28 5 14 18 20 19 26 27 34 26 44 23 46 29 38 26 29 44 43 46 33 13 27 27 14 11 22 45 37 17 13 21 9 49 5 33 45 46 25 20 21 18 25 38 15 34 20 20 9 21 13 44 19 42 11 10 13 36 31 16 33 31 7 40 30 24 15 37 24 43 4 35 18 25 37 11 24 29 9 17 43 42 10 20 23 13 33 21 32 43 24 0 9 30 24 34 19 3 11 22 10 20 29 4 25 29 10 4 31 24 23 46 29 15 44 20 26 19 45 22 35 9 18
20 3 6 22 37 21 11 16 6 8 9 27 36 13 19 30 12 18 5 35 32 32 25 7 26 24 19 13 24 4 8 12 21 10 17 18 26 26 35 18 37 23 29 22 20 35 34 37 25 12 18 18 13 11 23 36 28 18 12 12 3 41 6 24 36 37 16 11 21 9 17 29 16 25 20 20 15 14 5 37 20 33 3 12 11 29 24 9 24 22 12 31 21 15 12 28 18 36 8 30 18 16 28 10 17 24 12 8 36 33 4 19 18 11 24 12 25 36 24 9 0 21 19 26 16 12 14 22 9 11 25 5 24 21 16 13 22 23 14 37 20 17 37 11 27 11 36 16 26 3 9
13 22 15 9 33 4 19 25 23 27 28 20 28 34 12 10 9 29 26 33 24 24 4 25 7 39 9 12 32 25 21 23 32 11 5 14 10 37 21 25 16 24 18 17 15 14 14 16 18 28 3 12 28 26 34 15 17 31 28 12 21 34 27 15 15 16 5 13 36 14 6 8 34 15 33 27 33 9 17 32 36 22 19 28 21 11 24 14 11 12 33 10 13 10 19 7 10 32 29 30 33 5 8 23 8 30 29 17 18 21 22 33 26 21 10 13 9 16 40 30 21 0 12 23 27 33 33 29 27 14 18 26 34 19 34 34 5 23 7 26 7 31 32 10 43 11 21 11 15 21 12
22 17 14 8 43 15 10 14 16 27 28 30 39 31 0 22 10 35 22 42 35 35 16 17 15 42 3 18 40 22 24 28 21 12 12 23 13 43 33 33 27 33 29 5 24 25 24 27 27 30 9 21 31 16 22 26 28 20 30 17 17 44 24 25 27 27 9 18 39 17 6 20 35 26 37 15 23 7 14 41 38 33 16 18 11 16 33 10 22 22 30 21 22 18 9 19 2 41 26 39 36 11 18 13 4 39 19 21 22 33 22 36 34 11 21 20 12 23 42 24 19 12 0 32 33 26 32 17 27 19 7 22 41 28 24 27 16 11 11 37 17 20 41 13 45 10 33 3 26 17 15
10 29 24 32 11 19 32 39 31 27 28 4 10 35 33 18 23 18 31 10 7 8 24 33 29 29 30 16 15 29 20 17 46 22 20 10 33 24 13 13 27 6 8 38 8 25 30 31 5 25 25 11 24 36 48 31 8 43 25 17 28 15 29 8 23 32 24 17 27 19 27 21 31 8 23 42 40 25 25 11 30 10 26 37 32 33 4 25 12 11 34 27 10 15 32 24 30 10 32 7 25 21 28 33 28 12 37 18 38 11 24 23 14 32 13 15 32 35 31 34 26 23 32 0 18 37 33 43 25 16 39 31 21 5 40 38 18 42 21 14 16 41 11 21 34 24 14 29 8 27 20
18 19 19 33 25 24 27 32 22 11 12 21 28 18 33 29 23 2 18 22 25 26 30 23 34 12 31 16 8 16 9 5 37 21 23 16 36 10 30 5 38 12 24 38 17 36 40 42 19 7 27 17 6 27 39 41 23 34 7 17 19 31 14 20 35 42 26 16 9 16 28 31 13 21 6 36 28 26 20 26 12 28 19 28 27 38 14 23 22 20 17 36 19 17 28 32 31 25 16 17 7 23 35 26 29 10 27 12 45 28 12 5 4 27 22 14 35 43 13 19 16 27 33 18 0 22 15 38 9 15 40 18 8 14 29 23 24 39 23 32 22 33 26 20 16 23 31 30 22 19 18
32 11 18 32 47 33 16 15 11 11 11 38 47 8 26 42 24 24 7 44 43 43 37 9 37 25 27 25 31 8 17 21 19 22 29 30 36 29 47 26 49 32 41 27 32 47 46 49 36 16 30 30 17 11 21 48 40 16 16 24 12 52 8 36 48 49 28 23 23 21 27 41 16 37 23 19 8 24 16 47 20 45 14 9 15 39 34 19 36 34 8 43 33 27 17 40 26 46 6 38 21 28 40 13 27 32 8 20 46 45 13 23 26 15 36 24 35 46 25 3 12 33 26 37 22 0 12 21 13 23 30 7 28 32 9 1 34 23 26 49 32 14 47 23 27 22 48 24 38 12 21
30 15 19 36 40 32 23 27 18 6 5 36 43 4 32 40 25 16 12 37 40 41 38 17 39 13 32 23 22 10 14 16 31 23 29 28 40 18 45 20 48 27 39 35 30 46 47 49 34 8 31 28 9 22 33 48 38 28 8 22 16 46 8 34 46 49 29 21 11 19 30 39 4 35 12 31 20 27 19 41 8 43 17 21 23 42 29 23 34 32 4 42 31 25 24 39 32 40 7 32 10 28 41 21 30 24 20 18 49 43 11 12 19 23 34 22 38 49 13 11 14 33 32 33 15 12 0 33 8 21 38 12 17 29 21 12 32 34 26 47 30 26 41 23 15 24 46 30 36 16 21
36 19 21 25 56 31 13 6 16 29 30 44 53 29 17 39 23 40 22 54 49 49 33 16 32 46 20 28 45 24 29 33 4 22 28 34 30 48 49 39 44 42 44 14 36 42 41 44 41 34 26 33 35 11 5 43 43 5 34 27 19 58 26 39 44 44 25 27 43 25 23 37 37 40 42 2 13 21 20 55 41 48 20 12 12 33 43 19 37 36 29 38 36 29 12 36 19 54 26 49 40 26 35 12 21 45 13 28 39 48 26 41 39 12 36 28 29 40 46 22 22 29 17 43 38 21 33 0 31 27 17 22 46 38 12 21 32 7 25 52 32 7 54 23 48 21 49 18 41 19 24
22 12 13 29 33 25 20 25 15 2 3 28 35 10 27 32 19 11 9 30 32 33 30 15 33 15 26 16 17 7 6 8 29 17 22 20 34 17 37 13 41 20 31 31 22 39 40 42 26 3 25 20 4 20 31 41 30 26 3 16 12 39 5 26 38 42 23 15 12 13 24 32 8 27 11 29 19 21 13 34 11 35 12 19 20 36 21 17 26 24 9 36 23 17 21 32 26 33 7 25 9 22 35 19 24 19 18 11 43 35 5 10 13 20 26 14 32 43 15 10 9 27 27 25 9 13 8 31 0 14 33 9 16 21 20 14 24 32 20 39 22 24 34 17 18 18 38 24 28 12 15
9 12 6 19 28 11 14 21 14 15 16 16 25 23 19 19 9 17 16 26 21 21 17 15 21 26 17 2 21 15 8 10 29 7 9 7 22 25 24 14 27 14 18 24 9 25 27 29 14 15 13 7 15 19 31 28 17 26 15 2 11 31 16 13 25 29 11 1 23 2 14 18 21 14 20 25 23 12 8 28 23 22 9 20 16 24 15 9 13 11 22 23 10 4 15 19 17 27 19 21 20 9 22 16 15 20 20 3 31 22 10 20 15 16 13 1 21 30 27 20 11 14 19 16 15 23 21 27 14 0 26 16 23 11 24 24 11 26 8 26 9 25 27 6 30 9 25 16 15 11 4
29 23 21 10 50 22 15 15 21 33 34 37 46 36 7 27 17 42 27 49 42 42 20 22 17 48 9 25 47 28 31 35 21 19 19 30 14 50 39 40 29 40 36 3 31 28 25 28 34 36 15 28 37 19 22 27 34 20 36 24 23 51 30 32 30 28 15 25 45 24 12 25 41 32 44 15 25 14 20 48 44 39 22 21 16 17 40 17 28 28 36 23 29 25 14 22 9 48 32 46 42 18 20 18 11 46 22 28 22 39 28 43 41 16 27 27 13 23 48 29 25 18 7 39 40 30 38 17 33 26 0 27 48 35 25 31 22 10 18 43 23 21 48 20 51 17 39 10 32 23 22
25 5 11 26 41 26 12 16 6 7 8 32 41 9 22 35 17 20 0 38 37 37 30 6 31 24 22 18 26 2 11 15 20 15 22 23 30 26 40 21 42 26 34 24 25 40 39 42 30 12 23 23 13 11 22 41 33 17 12 17 5 46 4 29 41 42 21 16 21 14 21 34 15 30 20 20 11 18 9 41 19 38 7 10 11 33 28 13 29 27 9 36 26 20 13 33 21 40 5 33 18 21 33 10 21 27 9 13 40 38 7 19 21 11 29 17 29 40 24 4 5 26 22 31 18 7 12 22 9 16 27 0 25 26 12 8 27 23 19 42 25 15 41 16 26 15 41 19 31 5 14
23 27 27 41 25 31 35 40 30 18 17 24 29 21 41 34 31 6 25 22 27 28 36 31 41 9 39 24 6 23 17 13 45 29 30 21 44 3 33 9 43 15 28 46 22 41 46 47 24 13 35 23 12 35 47 47 28 42 13 25 27 31 21 25 40 48 34 24 8 24 36 36 13 26 5 44 34 34 28 26 11 31 27 35 35 45 17 31 27 25 21 42 24 24 36 38 39 25 22 17 7 31 41 34 37 9 34 20 51 31 20 6 8 35 27 22 43 49 11 25 24 34 41 21 8 28 17 46 16 23 48 25 0 19 35 28 30 47 31 34 28 40 26 28 14 31 34 38 27 27 26
6 24 18 28 16 15 26 33 26 23 24 7 15 31 28 16 18 15 26 15 12 12 20 27 25 26 26 11 14 24 15 13 41 17 16 5 29 22 16 10 25 5 10 33 4 23 28 29 5 21 21 7 20 31 43 29 9 38 21 12 23 20 24 6 22 30 20 12 23 13 23 18 27 7 20 36 34 21 19 16 26 14 20 31 27 29 5 20 9 7 30 24 6 10 26 20 26 15 27 11 21 17 24 27 24 12 31 13 34 14 19 19 11 27 9 10 28 32 27 29 21 19 28 5 14 32 29 38 21 11 35 26 19 0 35 33 14 37 17 18 12 36 16 16 30 19 17 25 8 22 15
34 13 19 31 53 34 15 10 11 18 18 42 51 17 24 43 25 31 12 50 47 47 38 9 38 34 26 26 38 14 23 27 10 23 30 33 36 36 48 33 50 38 42 22 34 48 47 50 39 23 31 31 24 8 12 49 41 7 23 25 14 56 15 37 49 50 29 24 31 22 28 42 25 38 30 12 1 25 17 53 29 46 15 6 13 39 40 20 37 35 17 44 34 28 15 41 25 52 14 45 28 29 41 11 26 39 5 24 46 46 19 30 33 13 37 25 35 46 34 10 16 34 24 40 29 9 21 12 20 24 25 12 35 35 0 9 35 17 27 50 33 5 51 24 36 23 49 23 39 14 22
33 12 19 33 47 34 17 16 12 12 12 39 48 8 27 43 25 25 8 44 44 44 38 10 38 25 28 26 31 9 18 22 19 23 30 31 37 29 48 27 50 33 42 28 33 48 47 50 37 17 31 31 18 12 21 49 41 16 17 25 13 53 9 37 49 50 29 24 23 22 28 42 16 38 23 20 8 25 17 48 20 46 15 10 16 40 35 20 37 35 8 44 34 28 18 41 27 47 7 39 21 29 41 14 28 33 9 21 47 46 14 23 27 16 37 25 36 47 25 4 13 34 27 38 23 1 12 21 14 24 31 8 28 33 9 0 35 24 27 50 33 14 48 24 27 23 49 25 39 13 22
8 23 16 14 28 1 20 27 24 26 27 15 23 34 17 8 10 26 27 28 19 19 6 26 11 37 14 9 27 26 19 20 35 12 5 9 15 34 17 21 15 19 13 22 10 13 16 18 13 26 7 7 26 27 37 17 12 33 26 10 22 29 27 10 14 18 8 11 33 13 10 7 32 10 30 30 34 11 18 27 34 17 20 29 22 15 19 15 6 7 33 12 8 7 21 8 14 27 30 25 30 6 11 24 12 25 30 14 21 17 21 29 22 22 5 10 14 19 37 31 22 5 16 18 24 34 32 32 24 11 22 27 30 14 35 35 0 27 8 21 2 32 27 11 40 12 17 15 10 22 13
33 20 20 18 54 26 12 8 17 30 31 41 50 31 11 33 20 41 23 52 46 46 27 17 25 47 14 26 46 25 30 34 11 20 23 32 23 49 44 39 37 40 40 7 34 36 34 37 38 35 20 31 36 13 12 36 39 10 35 25 20 55 27 36 38 37 20 25 44 24 17 31 38 37 43 5 18 17 19 52 42 44 20 14 12 26 41 17 33 33 31 31 33 27 11 30 13 52 27 47 41 22 28 13 15 45 15 27 32 44 27 42 40 12 32 27 22 33 47 24 23 23 11 42 39 23 34 7 32 26 10 23 47 37 17 24 27 0 21 48 28 12 52 21 49 18 44 13 37 20 22
12 15 8 11 32 7 12 19 16 20 21 20 29 27 11 16 2 25 19 31 25 25 11 18 13 33 9 7 29 18 15 18 27 4 3 12 14 33 24 22 23 22 20 16 13 21 21 23 18 22 5 10 22 19 29 22 19 25 22 6 14 35 20 15 22 23 3 7 30 7 6 15 28 16 28 23 26 4 10 32 30 24 12 21 14 16 22 7 12 12 26 17 13 7 13 14 9 31 22 28 27 2 15 16 7 28 22 11 23 23 15 27 23 14 12 9 13 23 34 23 14 7 11 21 23 26 26 25 20 8 18 19 31 17 27 27 8 21 0 27 7 24 32 3 37 4 25 8 16 14 5
17 38 31 34 13 22 39 46 39 41 42 11 7 49 38 17 30 32 42 16 7 6 24 41 28 42 35 24 28 41 33 31 54 30 25 19 32 37 5 27 24 20 8 43 17 22 28 28 13 39 28 19 38 44 56 28 9 51 39 25 37 12 42 13 18 29 29 26 41 28 31 20 45 12 37 50 49 31 33 12 44 4 35 45 40 32 18 33 15 16 48 25 16 23 40 23 35 13 45 17 39 26 27 41 33 25 45 29 36 5 36 37 28 40 16 25 32 33 44 46 37 26 37 14 32 49 47 52 39 26 43 42 34 18 50 50 21 48 27 0 20 50 12 29 47 31 5 35 11 37 28
6 21 14 16 26 3 19 26 22 24 25 13 22 32 17 10 9 24 25 26 18 18 8 24 13 34 14 7 25 24 16 18 34 10 5 7 17 32 17 19 17 17 12 22 8 15 18 20 11 23 9 5 23 25 36 19 11 32 23 8 20 28 25 8 16 20 8 9 31 11 11 9 29 9 28 30 32 11 16 25 31 16 18 27 21 17 17 13 5 5 31 14 6 5 20 10 15 25 28 23 28 6 13 22 13 23 28 12 23 16 19 27 20 21 5 8 16 21 35 29 20 7 17 16 22 32 30 32 22 9 23 25 28 12 33 33 2 28 7 20 0 31 25 9 38 11 18 15 9 20 11
33 14 19 28 53 31 12 6 11 22 23 41 50 22 20 40 22 35 15 51 46 46 35 10 35 39 23 26 40 17 24 28 5 21 27 33 33 41 48 34 47 39 42 18 34 45 44 47 39 27 28 31 28 6 7 46 41 2 27 25 14 56 19 37 46 47 26 25 36 23 25 39 30 38 35 7 6 22 17 53 34 46 16 5 10 36 40 18 36 35 22 41 34 28 12 38 22 52 19 46 33 26 38 9 23 40 6 24 42 46 21 34 34 10 36 26 32 43 39 15 17 31 20 41 33 14 26 7 24 25 21 15 40 36 5 14 32 12 24 50 31 0 52 22 41 20 49 20 39 14 22
20 40 35 41 1 28 43 50 42 36 37 12 5 44 43 27 34 25 41 4 8 9 33 44 38 35 40 27 20 39 30 26 57 33 30 21 42 29 16 21 35 15 15 48 19 33 39 39 14 33 34 22 32 47 59 39 16 54 33 28 39 5 39 17 29 40 33 28 34 30 36 30 38 17 30 53 51 35 36 0 37 13 37 48 43 42 13 36 21 20 43 36 19 26 43 33 39 1 41 9 32 30 37 44 37 17 48 29 47 14 34 30 22 43 22 26 41 44 37 44 37 32 41 11 26 47 41 54 34 27 48 41 26 16 51 48 27 52 32 12 25 52 0 32 40 35 16 39 17 38 31
12 12 5 13 32 10 10 17 13 17 18 20 29 24 13 19 3 22 16 31 25 25 14 15 16 30 11 5 27 15 12 15 25 1 6 11 17 30 26 20 26 20 21 18 13 24 24 26 18 19 8 10 19 16 27 25 20 23 19 4 11 35 17 16 25 26 6 5 27 4 8 18 25 17 25 21 23 6 7 32 27 25 9 18 12 19 21 4 14 13 23 20 13 6 11 17 11 31 19 27 24 5 18 13 9 26 19 8 26 25 12 24 21 12 14 7 16 26 31 20 11 10 13 21 20 23 23 23 17 6 20 16 28 16 24 24 11 21 3 29 9 22 32 0 34 3 27 10 18 11 2
34 29 31 47 39 40 37 42 32 19 18 37 43 19 45 46 37 16 26 36 40 41 46 32 50 5 44 32 20 24 22 20 46 35 39 32 52 11 46 21 55 28 41 49 33 53 56 58 35 15 43 33 15 37 48 57 39 43 15 32 29 45 22 37 52 58 41 31 7 30 42 47 11 37 11 46 35 39 31 40 7 44 30 36 37 53 30 35 38 36 19 52 35 33 38 48 44 39 22 31 10 39 51 36 42 23 35 27 60 44 23 11 20 37 38 30 50 59 3 26 27 43 45 34 16 27 15 48 18 30 51 26 14 30 36 27 40 49 37 47 38 41 40 34 0 36 47 42 38 29 32
15 11 5 11 35 11 8 15 12 18 19 23 32 24 10 20 2 25 15 34 28 28 15 14 16 33 8 8 30 15 15 18 23 2 7 14 15 33 28 23 27 23 23 15 16 25 24 27 21 21 8 13 22 15 25 26 22 21 21 7 10 38 17 19 26 27 6 8 30 7 6 19 26 20 28 19 22 3 6 35 29 27 8 17 10 18 24 3 16 16 23 21 16 9 9 18 8 34 19 30 27 6 18 12 6 29 18 11 25 27 13 27 24 10 16 10 14 25 33 19 11 11 10 24 23 22 24 21 18 9 17 15 31 19 23 23 12 18 4 31 11 20 35 3 36 0 29 7 20 10 5
16 37 30 29 17 18 37 44 38 40 41 10 11 48 33 12 27 31 41 18 9 8 19 40 23 42 30 23 28 40 32 30 52 28 22 18 27 37 1 26 19 19 7 38 16 17 23 23 12 38 24 18 37 43 54 23 8 50 38 24 36 17 41 12 13 24 25 25 40 27 27 15 44 11 36 47 48 28 32 16 43 4 34 44 39 27 18 31 13 14 47 20 15 21 38 18 31 17 44 19 38 23 22 40 29 26 44 28 31 3 35 36 27 39 13 24 27 28 44 45 36 21 33 14 31 48 46 49 38 25 39 41 34 17 49 49 17 44 25 5 18 49 16 27 47 29 0 32 10 36 27
20 15 11 8 40 14 8 14 14 24 25 28 37 28 3 21 7 32 19 39 33 33 15 15 15 39 3 15 37 20 21 25 21 9 10 20 13 40 31 30 27 30 27 8 21 25 24 27 25 27 8 18 28 15 23 26 26 20 27 14 14 42 22 23 26 27 7 15 36 14 5 19 32 24 34 16 22 4 11 39 35 31 13 17 10 16 30 7 20 20 28 21 20 15 8 18 2 39 24 36 33 9 18 12 3 36 18 18 23 31 19 33 31 10 19 17 12 23 39 22 16 11 3 29 30 24 30 18 24 16 10 19 38 25 23 25 15 13 8 35 15 20 39 10 42 7 32 0 24 14 12
6 27 20 24 18 11 28 35 28 30 31 5 13 38 27 10 19 23 31 18 9 9 16 30 21 34 24 13 21 30 22 20 43 19 14 8 25 30 9 18 19 12 3 32 6 17 22 23 3 28 17 8 27 33 45 23 2 40 28 14 26 19 31 2 15 24 17 15 31 17 20 13 34 1 28 39 38 20 22 17 34 7 24 34 29 25 10 22 4 5 37 19 5 12 29 16 24 17 34 15 29 15 20 30 22 18 34 18 30 7 25 27 19 29 5 14 24 27 35 35 26 15 26 8 22 38 36 41 28 15 32 31 27 8 39 39 10 37 16 11 9 39 17 18 38 20 10 24 0 26 17
20 1 6 21 39 21 8 13 3 10 11 28 37 14 17 30 12 21 5 37 33 33 25 5 26 27 17 13 26 6 10 14 18 10 17 19 25 29 35 20 37 25 29 20 21 35 34 37 26 15 18 18 16 8 20 36 28 15 15 12 0 43 8 24 36 37 16 11 24 9 16 29 18 25 23 17 13 13 4 39 22 33 2 9 8 28 26 8 24 22 14 31 21 15 9 28 16 38 10 32 21 16 28 7 16 26 9 10 35 33 7 22 20 8 24 12 24 35 27 9 3 21 17 27 19 12 16 19 12 11 23 5 27 22 14 13 22 20 14 37 20 14 38 11 29 10 36 14 26 0 9
11 10 3 15 32 12 11 18 11 15 16 19 28 22 15 21 5 20 14 30 24 24 16 13 18 28 13 4 25 13 10 13 26 3 8 11 19 28 26 18 28 18 20 20 12 26 26 28 17 17 10 9 17 16 28 27 19 23 17 3 9 34 15 15 27 28 8 3 25 2 10 20 23 16 23 22 21 8 5 31 25 24 7 17 12 21 19 5 15 13 21 22 12 6 12 19 13 30 17 25 22 7 20 13 11 24 17 6 28 24 10 22 19 12 15 5 18 28 29 18 9 12 15 20 18 21 21 24 15 4 22 14 26 15 22 22 13 22 5 28 11 22 31 2 32 5 27 12 17 9 0
0         1033     
309       432      
129       292      
124       233      
2         181      
410       575      
312       440      
350       517      
310       460      
461       623      
281       420      
0         140      
0         111      
508       673      
562       711      
656       819      
33        209      
197       342      
280       432      
0         140      
693       863      
0         144      
92        222      
756       873      
80        256      
228       366      
90        276      
155       305      
702       870      
290       426      
170       319      
132       295      
370       493      
414       596      
57        224      
0         73       
602       743      
218       386      
0         124      
182       307      
607       757      
38        174      
0         86       
552       740      
0         97       
624       804      
601       772      
586       773      
26        173      
427       589      
62        205      
0         83       
263       390      
343       465      
326       518      
630       767      
0         127      
315       522      
227       424      
115       301      
293       427      
0         136      
265       397      
0         78       
686       811      
582       776      
40        208      
153       284      
189       385      
136       307      
41        242      
70        235      
257       394      
0         119      
185       345      
350       537      
348       484      
55        200      
362       521      
703       867      
190       341      
0         126      
282       468      
326       513      
304       449      
85        260      
5         165      
143       306      
0         120      
0         62       
486       615      
639       754      
0         73       
141       289      
400       518      
62        267      
104       274      
16        170      
257       430      
29        141      
193       365      
421       540      
58        248      
324       472      
123       255      
171       360      
292       452      
153       291      
575       769      
0         142      
509       653      
470       618      
150       311      
286       489      
43        183      
124       289      
123       267      
834       1005     
209       412      
291       434      
307       458      
73        219      
122       278      
783       913      
452       619      
523       644      
478       646      
326       491      
276       416      
431       614      
831       961      
268       461      
182       326      
29        169      
359       506      
539       713      
65        218      
361       534      
39        221      
0         142      
54        179      
526       720      
0         151      
395       529      
209       362      
142       306      
640       802      
108       271      
0         106      
301       444      
829       1013     
