151
0 18 30 22 28 15 23 19 21 24 9 22 21 16 15 20 18 17 23 5 17 16 16 3 26 24 32 23 13 25 18 10 19 28 19 8 22 5 10 21 21 15 16 24 14 14 22 3 18 4 23 24 7 12 24 10 9 22 25 9 10 26 9 24 27 20 19 21 20 27 26 14 3 28 29 16 10 22 21 18 29 23 7 17 21 17 5 20 16 23 16 11 21 14 22 27 23 32 25 25 13 24 14 26 17 25 25 11 18 21 21 14 24 19 10 12 18 25 12 21 16 22 23 18 26 17 28 17 13 22 9 20 17 13 27 17 30 23 13 9 18 6 5 26 22 7 12 13 17 21 25
18 0 40 40 31 5 14 5 18 42 18 38 35 22 27 34 32 32 41 15 23 29 34 21 42 42 50 41 5 43 26 7 28 43 32 14 21 16 16 5 37 28 30 42 6 10 38 20 34 21 10 42 17 20 42 27 15 35 43 15 14 38 27 34 9 22 37 23 5 43 42 32 20 37 47 10 12 38 37 1 34 38 18 12 19 28 21 32 28 29 34 29 6 14 28 43 41 50 36 30 19 42 10 12 21 41 39 14 19 37 8 17 42 28 27 27 36 12 30 31 29 40 6 18 44 34 46 16 22 4 27 38 10 31 34 2 48 24 12 27 20 18 12 42 22 24 17 21 2 22 41
30 40 0 35 58 39 31 43 22 42 39 17 10 46 45 46 13 43 34 28 17 14 34 32 20 30 40 45 35 38 48 34 49 10 11 27 52 27 25 45 14 43 43 40 39 29 23 27 22 33 36 29 37 42 41 25 26 48 45 39 26 52 27 53 45 18 33 17 44 14 26 34 27 58 35 29 28 22 22 39 59 12 37 27 21 47 25 10 14 10 29 27 37 26 52 23 36 42 5 9 21 36 40 39 47 23 49 26 20 45 35 44 37 48 36 39 36 38 34 51 14 38 43 48 43 26 39 23 42 43 32 38 30 35 5 37 43 53 41 30 48 25 31 20 52 28 23 43 37 17 22
22 40 35 0 40 37 44 41 37 7 27 18 25 32 23 18 24 17 1 26 31 24 7 19 16 6 9 12 35 3 30 32 29 25 26 28 40 25 29 43 21 21 19 5 36 35 12 21 13 20 44 7 26 28 6 14 28 20 11 29 29 23 13 28 49 35 3 35 42 22 10 9 20 33 8 36 30 13 13 40 38 23 25 36 37 25 20 27 25 33 7 12 42 33 34 13 1 10 31 35 29 2 34 47 35 13 18 30 34 15 41 33 2 28 16 19 6 46 12 28 24 3 45 37 8 9 6 34 26 44 13 5 37 11 35 39 8 41 32 13 36 24 27 16 40 15 29 29 39 35 14
28 31 58 40 0 26 43 27 45 37 18 49 49 12 17 22 46 23 41 31 44 44 33 27 50 45 49 31 29 42 10 28 11 56 47 33 10 31 35 28 49 19 21 39 25 35 45 31 42 25 41 45 20 15 37 35 33 21 33 20 34 19 33 12 39 45 37 46 27 54 48 31 30 9 48 37 33 46 45 32 3 50 20 38 45 15 32 47 43 50 37 35 37 37 6 50 41 48 52 52 38 42 21 43 11 48 25 35 42 26 38 15 41 12 24 21 34 43 28 12 43 38 36 13 39 39 45 40 15 32 28 35 38 29 54 32 45 7 19 29 11 32 28 49 9 31 36 14 32 46 47
15 5 39 37 26 0 18 5 20 39 13 36 33 17 22 29 30 27 37 13 22 27 30 17 40 39 46 36 3 40 21 5 23 41 30 12 17 14 14 7 35 23 25 39 1 10 36 17 32 17 15 39 12 15 38 24 13 30 38 10 12 33 24 29 14 22 33 23 6 41 40 28 17 32 44 12 10 36 35 6 29 36 13 13 20 23 19 30 26 29 31 26 11 13 23 41 38 47 35 30 17 38 5 17 16 39 34 12 19 32 12 12 38 23 22 22 32 17 26 26 27 36 11 13 40 31 42 16 17 8 23 34 12 27 34 6 44 20 7 23 15 16 10 40 18 22 15 16 6 23 39
23 14 31 44 43 18 0 18 9 47 29 34 28 34 38 43 26 40 44 18 16 23 38 26 38 43 53 46 15 47 38 16 40 36 25 15 34 18 14 19 31 38 39 47 18 9 37 22 33 27 5 42 27 32 46 28 15 45 48 26 14 49 29 46 14 13 39 14 19 36 41 36 22 49 48 7 13 37 36 13 46 31 28 7 10 40 22 25 22 21 35 30 8 10 40 41 43 52 28 22 14 44 22 8 33 39 48 13 12 44 6 29 44 40 33 35 40 7 34 43 23 44 13 30 48 35 48 10 34 15 31 42 6 35 26 12 51 37 24 30 32 18 19 38 35 27 13 33 12 14 39
19 5 43 41 27 5 18 0 23 43 16 41 38 18 25 32 35 30 42 18 27 32 34 22 45 43 50 39 8 44 22 10 24 46 35 17 17 19 19 2 40 26 28 43 5 14 41 22 37 21 14 43 16 18 42 29 18 33 41 13 17 36 28 30 12 26 38 27 1 46 45 33 22 33 48 15 15 41 40 5 30 41 16 17 24 26 24 35 31 33 35 30 10 18 24 46 42 51 39 35 22 43 7 16 17 44 37 17 23 35 12 13 42 24 26 25 36 16 29 27 32 40 9 14 44 36 46 20 20 5 27 38 15 30 38 7 48 20 9 28 16 21 15 45 18 26 20 18 7 27 44
21 18 22 37 45 20 9 23 0 42 27 25 19 34 36 41 17 38 37 16 7 14 33 24 29 35 45 43 16 40 36 16 38 27 16 13 36 16 11 23 22 36 37 41 20 9 29 19 26 25 14 35 25 30 41 23 12 43 44 25 11 47 24 44 23 4 34 5 23 27 33 32 19 47 40 8 11 28 27 18 47 22 26 6 1 38 18 16 13 12 30 25 15 7 40 32 38 47 19 13 8 39 23 17 34 30 46 10 3 42 13 29 39 38 31 33 35 16 31 41 14 39 21 31 43 29 43 4 32 21 28 37 8 32 17 16 45 38 24 27 32 15 17 29 36 23 9 31 16 5 30
24 42 42 7 37 39 47 43 42 0 27 25 32 29 20 15 31 14 8 29 36 31 9 22 23 13 12 6 37 5 27 34 26 32 33 32 37 28 33 45 28 18 16 2 38 38 19 24 20 22 47 14 26 26 1 19 32 16 5 29 33 18 17 25 51 40 9 41 43 29 17 10 24 29 11 40 34 20 20 42 35 30 26 40 42 22 24 34 32 40 13 17 45 37 31 20 6 11 38 42 34 7 35 50 32 19 12 34 38 11 45 31 5 25 16 17 6 49 13 25 31 4 47 35 2 16 8 38 24 46 15 4 41 11 42 41 8 38 33 15 33 28 29 22 37 19 33 27 41 41 20
9 18 39 27 18 13 29 16 27 27 0 31 30 7 9 15 27 14 28 12 25 25 20 9 34 32 36 23 14 29 9 13 11 37 28 14 13 12 16 18 30 10 12 28 12 20 30 12 26 8 27 32 2 3 26 18 15 17 25 3 16 20 17 17 27 27 24 28 17 36 34 18 12 20 35 22 16 30 29 19 19 32 2 23 27 11 14 29 25 31 23 19 23 20 12 35 28 36 34 33 20 29 9 29 8 33 20 17 24 19 24 6 28 11 11 10 21 29 15 14 25 25 24 10 28 25 32 23 5 21 14 23 23 16 36 18 33 14 7 15 9 14 10 34 13 15 18 4 18 28 33
22 38 17 18 49 36 34 41 25 25 31 0 7 37 32 32 8 29 17 23 17 10 18 22 5 13 23 28 33 21 38 31 38 8 10 24 44 22 22 43 3 30 30 23 36 29 6 19 6 23 37 12 29 33 24 13 23 34 29 31 24 38 15 40 45 21 17 22 42 5 9 19 19 45 18 29 26 5 5 38 48 5 29 28 24 34 17 10 11 16 13 13 37 25 42 7 19 25 13 18 20 19 36 40 39 6 34 24 21 30 35 36 20 37 23 26 20 39 20 38 10 21 42 40 26 10 22 24 32 42 19 22 30 20 17 36 26 45 35 18 40 20 26 5 44 16 22 34 36 21 5
21 35 10 25 49 33 28 38 19 32 30 7 0 37 34 36 3 32 24 21 12 6 24 23 11 20 30 34 30 28 39 28 40 8 3 21 43 20 19 40 4 33 33 30 33 25 13 18 12 24 32 19 28 33 31 15 20 37 35 30 21 41 17 43 41 15 23 15 39 8 16 24 18 48 25 25 23 12 12 35 49 3 28 23 18 36 16 3 7 9 19 17 33 21 42 14 26 32 6 11 16 26 34 35 38 13 39 21 16 35 31 35 27 39 26 29 26 34 24 40 6 28 39 39 33 16 29 19 33 39 22 28 26 25 10 33 33 44 34 20 39 17 23 11 43 18 18 34 33 15 12
16 22 46 32 12 17 34 18 34 29 7 37 37 0 9 16 34 15 33 19 32 32 25 15 40 37 41 24 19 34 4 18 6 44 35 21 8 19 23 20 37 11 13 31 16 25 35 19 32 14 32 37 9 4 29 24 22 16 26 8 22 18 22 12 30 34 29 35 19 42 39 23 19 15 40 27 21 35 34 23 13 39 9 28 33 9 21 36 32 38 28 24 28 25 6 40 33 40 41 40 27 34 12 34 3 38 21 23 31 19 29 5 33 6 16 13 26 34 20 9 32 30 27 6 31 30 37 28 6 23 19 27 28 21 43 23 37 9 10 20 4 21 16 39 8 21 25 3 23 35 38
15 27 45 23 17 22 38 25 36 20 9 32 34 9 0 7 32 6 24 20 32 30 16 12 33 28 32 15 23 25 7 22 6 40 33 23 17 20 25 27 33 2 4 22 21 29 28 17 25 11 36 28 11 7 20 19 24 8 17 12 25 11 17 8 36 35 20 36 26 37 31 14 17 13 31 31 25 29 28 28 16 35 10 32 36 2 19 34 30 37 20 18 32 29 11 33 24 31 39 39 28 25 18 38 12 31 12 26 33 10 33 12 24 5 8 5 17 38 12 6 30 21 33 15 22 23 28 32 5 30 12 18 32 12 41 27 28 18 15 13 13 21 19 33 17 16 27 7 27 36 31
20 34 46 18 22 29 43 32 41 15 15 32 36 16 7 0 33 3 19 25 36 32 14 17 32 24 27 9 29 20 12 28 11 40 35 28 23 25 30 33 33 5 4 17 27 34 27 22 25 16 42 25 16 14 15 20 29 2 11 18 30 6 18 10 42 40 17 41 32 37 28 12 22 15 26 36 30 28 27 34 20 35 15 37 41 7 23 36 32 40 18 19 38 34 16 31 19 26 41 42 33 20 24 44 19 29 5 31 38 4 38 19 19 10 10 8 13 43 11 10 32 16 39 22 17 21 23 37 11 36 13 13 37 11 43 33 23 23 22 14 20 26 24 31 22 18 32 14 33 41 29
18 32 13 24 46 30 26 35 17 31 27 8 3 34 32 33 0 30 23 17 10 3 22 20 12 20 30 33 27 27 36 25 37 11 2 18 40 16 16 37 5 30 30 29 30 22 13 15 11 21 29 19 25 30 30 13 17 35 34 27 18 39 15 40 38 14 22 14 36 11 17 22 15 45 25 22 20 12 12 32 46 6 25 20 17 34 13 3 4 9 18 14 30 18 39 15 25 32 8 11 13 25 30 32 35 14 37 18 14 32 28 32 26 36 23 26 25 31 22 38 3 27 36 36 32 15 29 17 30 36 20 27 23 22 11 30 32 41 30 18 36 14 20 12 40 15 15 31 30 14 13
17 32 43 17 23 27 40 30 38 14 14 29 32 15 6 3 30 0 18 22 33 29 11 14 29 23 26 9 27 19 13 26 12 37 32 25 23 22 27 32 30 4 2 16 26 31 24 19 22 13 40 23 15 12 14 17 26 5 11 17 27 9 15 12 41 37 15 38 31 34 26 10 19 17 25 33 27 25 24 33 21 32 14 34 38 8 20 33 29 37 16 16 36 31 17 29 18 25 38 39 30 19 23 42 18 27 8 28 35 5 37 17 18 11 7 5 11 42 8 11 29 15 38 21 16 19 22 34 10 35 10 12 34 8 40 32 22 24 20 11 19 23 21 29 23 15 29 13 32 38 27
23 41 34 1 41 37 44 42 37 8 28 17 24 33 24 19 23 18 0 26 30 23 8 20 15 5 10 13 36 4 31 33 30 24 25 29 41 25 28 44 20 22 20 6 37 35 11 21 12 20 44 6 26 29 7 14 28 21 12 29 29 24 14 29 50 34 4 35 42 21 9 10 21 34 7 36 31 12 12 41 39 22 26 36 37 26 20 26 24 32 7 12 42 32 35 12 2 10 30 34 29 2 34 47 36 12 19 30 34 16 41 34 3 29 17 20 7 46 13 29 23 4 46 38 9 8 6 34 27 45 14 6 37 12 34 40 9 42 33 14 37 24 28 15 41 16 29 30 40 34 13
5 15 28 26 31 13 18 18 16 29 12 23 21 19 20 25 17 22 26 0 13 15 20 8 27 27 35 28 10 29 21 8 23 28 18 3 24 1 5 20 22 20 21 29 13 9 23 5 19 9 18 27 10 15 28 12 4 27 30 11 5 31 12 28 24 15 22 16 19 28 27 18 5 32 32 11 5 23 22 16 31 23 11 12 16 22 6 18 14 20 19 14 17 9 24 28 27 36 23 22 8 27 13 21 20 26 30 6 13 26 16 16 27 23 15 17 22 20 16 26 15 26 21 20 30 19 31 12 17 19 13 24 12 17 25 14 34 26 13 13 20 3 3 27 24 10 7 16 14 16 26
17 23 17 31 44 22 16 27 7 36 25 17 12 32 32 36 10 33 30 13 0 7 27 19 22 28 38 38 19 34 34 17 36 20 9 11 37 13 9 28 15 31 32 35 22 13 22 14 19 20 20 28 23 28 35 17 10 38 39 24 10 42 19 40 29 4 28 5 28 20 26 27 14 45 33 13 12 21 20 23 44 15 24 11 7 34 13 9 6 7 24 19 21 9 37 24 32 40 13 9 5 32 24 23 33 23 41 10 4 37 19 29 33 35 26 28 30 22 26 38 7 33 27 32 37 22 36 7 29 27 23 32 14 27 12 21 39 39 25 22 33 11 15 22 37 18 7 29 21 5 22
16 29 14 24 44 27 23 32 14 31 25 10 6 32 30 32 3 29 23 15 7 0 22 18 15 21 31 33 24 27 34 22 35 14 3 15 38 14 13 34 8 29 29 29 27 19 14 13 12 19 27 20 23 28 30 12 14 34 34 25 15 38 14 38 35 11 22 11 33 14 19 22 13 43 26 19 17 14 13 29 44 9 23 17 14 32 11 4 1 9 18 14 27 15 37 17 25 33 9 11 10 25 28 30 33 16 36 15 11 32 25 30 26 34 22 25 25 29 21 36 0 27 33 34 32 15 29 14 28 33 19 27 20 22 12 27 32 39 28 17 34 12 18 15 38 14 12 29 27 11 15
16 34 34 7 33 30 38 34 33 9 20 18 24 25 16 14 22 11 8 20 27 22 0 13 18 12 16 11 29 9 23 26 22 26 24 22 33 19 23 36 20 14 13 9 29 29 13 15 12 13 38 12 19 21 8 10 23 16 12 21 24 20 8 23 43 31 4 32 35 23 15 2 15 28 15 30 24 14 13 34 32 22 18 31 33 18 15 25 23 31 5 8 36 27 27 18 8 16 30 33 25 9 27 41 28 16 16 25 29 12 35 26 8 21 9 12 3 40 5 22 22 7 39 30 10 8 12 29 19 38 7 5 31 4 33 33 14 34 25 7 29 19 21 18 33 10 24 22 33 32 16
3 21 32 19 27 17 26 22 24 22 9 22 23 15 12 17 20 14 20 8 19 18 13 0 25 23 28 20 16 22 16 13 17 29 21 11 22 8 13 24 22 12 13 22 17 17 21 5 17 1 26 23 7 11 21 9 12 19 22 10 13 23 8 20 30 23 16 24 23 27 25 11 5 25 27 19 13 21 20 21 27 24 7 20 24 14 7 22 18 25 14 10 24 17 20 26 20 29 27 27 16 21 15 29 17 24 22 14 21 18 24 15 21 16 7 9 15 28 9 18 18 19 26 19 23 16 25 20 10 25 6 17 20 10 29 20 27 23 14 6 18 9 8 25 22 6 15 12 20 24 24
26 42 20 16 50 40 38 45 29 23 34 5 11 40 33 32 12 29 15 27 22 15 18 25 0 10 20 28 37 18 39 35 39 10 14 28 47 26 27 47 7 31 30 21 40 33 5 23 8 26 41 9 32 35 22 16 27 34 27 35 28 38 17 41 49 26 16 26 46 6 6 19 23 46 15 34 30 4 5 42 49 8 32 32 29 35 21 14 16 20 13 15 41 29 43 3 16 22 16 22 25 16 40 44 42 3 34 29 26 30 39 40 17 38 25 28 20 43 21 39 15 19 46 44 23 10 19 29 34 46 21 21 34 21 20 40 23 48 39 20 43 24 30 0 47 19 26 36 40 26 2
24 42 30 6 45 39 43 43 35 13 32 13 20 37 28 24 20 23 5 27 28 21 12 23 10 0 10 18 37 8 35 34 34 20 21 29 45 26 29 45 16 26 24 11 38 36 7 22 10 24 45 1 30 33 12 15 29 26 17 33 30 29 15 34 51 32 8 32 44 16 4 14 22 39 5 37 31 8 8 42 44 18 30 37 35 30 21 22 22 28 9 13 43 33 39 7 7 12 26 30 29 6 38 48 40 7 24 31 32 21 42 38 7 33 21 24 12 47 17 33 21 9 47 42 13 8 9 34 31 46 18 11 38 16 30 41 13 46 37 17 41 25 29 10 45 17 30 34 41 32 8
32 50 40 9 49 46 53 50 45 12 36 23 30 41 32 27 30 26 10 35 38 31 16 28 20 10 0 18 44 7 39 41 38 30 31 37 49 34 38 52 26 30 28 10 45 44 17 30 20 29 53 11 35 37 12 23 37 28 16 37 38 30 22 37 58 42 12 42 51 26 14 18 29 41 5 45 39 18 18 49 47 28 34 45 45 34 29 32 32 38 16 21 51 42 43 17 8 2 36 40 38 8 43 56 44 17 24 39 42 23 50 42 8 37 25 28 15 55 21 37 31 11 54 46 10 17 4 43 35 53 22 14 46 20 40 48 5 50 41 22 45 33 36 20 49 24 38 38 48 42 18
23 41 45 12 31 36 46 39 43 6 23 28 34 24 15 9 33 9 13 28 38 33 11 20 28 18 18 0 35 11 21 33 20 36 35 31 32 28 33 41 31 13 11 8 35 37 23 24 22 19 46 19 23 21 6 21 32 10 2 26 33 12 19 19 50 42 12 43 40 33 22 11 24 23 17 39 33 24 24 41 29 32 23 40 43 16 25 36 34 42 15 19 44 37 25 25 12 17 40 44 35 13 32 49 27 25 6 34 40 5 44 26 11 19 13 14 8 48 12 19 33 9 46 30 8 18 14 39 19 44 15 7 40 11 44 40 14 32 29 16 28 28 27 28 31 20 34 22 39 43 26
13 5 35 35 29 3 15 8 16 37 14 33 30 19 23 29 27 27 36 10 19 24 29 16 37 37 44 35 0 38 23 2 25 38 27 9 20 11 11 10 32 23 25 37 4 7 33 15 29 16 13 37 13 17 37 22 10 30 37 11 9 34 22 31 14 19 32 20 9 38 37 27 15 34 42 9 7 33 32 6 31 33 13 10 17 25 16 27 23 26 29 24 9 10 25 38 36 45 31 27 14 37 7 15 18 36 34 9 16 32 10 14 37 25 22 22 31 15 25 28 24 35 11 15 39 29 41 13 19 9 22 33 9 26 31 5 43 22 9 22 17 13 7 37 20 19 12 18 5 20 36
25 43 38 3 42 40 47 44 40 5 29 21 28 34 25 20 27 19 4 29 34 27 9 22 18 8 7 11 38 0 32 35 31 28 29 31 42 28 32 45 24 23 21 3 38 38 15 24 16 22 47 9 28 30 5 17 31 21 10 30 32 23 16 30 52 38 6 38 44 24 12 11 23 34 6 39 33 16 16 43 40 26 27 39 40 27 23 30 28 36 10 15 45 36 36 15 2 7 34 38 32 2 36 50 37 15 17 33 37 16 44 35 1 30 18 21 8 49 14 30 27 4 48 39 5 12 3 37 28 47 16 7 40 13 38 42 5 43 34 16 38 27 30 18 42 18 32 31 42 38 16
18 26 48 30 10 21 38 22 36 27 9 38 39 4 7 12 36 13 31 21 34 34 23 16 39 35 39 21 23 32 0 22 2 45 37 23 11 21 25 24 38 9 11 29 20 29 35 21 31 14 36 35 11 6 27 24 24 12 23 12 25 13 22 8 34 36 27 37 23 43 37 21 20 11 38 31 25 35 34 27 11 40 11 32 36 5 22 37 33 40 26 24 32 29 4 39 31 38 42 42 29 32 16 38 7 37 17 26 33 16 33 9 31 2 14 11 24 38 18 5 33 28 31 10 29 29 35 32 5 27 18 25 32 19 44 27 35 11 14 19 8 23 19 39 10 21 27 5 27 37 37
10 7 34 32 28 5 16 10 16 34 13 31 28 18 22 28 25 26 33 8 17 22 26 13 35 34 41 33 2 35 22 0 24 36 25 7 20 9 9 12 30 22 24 34 5 7 31 12 27 13 14 34 11 16 34 19 8 29 35 10 7 33 19 30 16 18 29 19 11 36 35 24 12 33 39 9 5 31 30 8 30 31 12 10 17 24 14 25 21 24 26 21 11 9 24 36 33 42 30 26 12 34 7 17 17 34 33 7 15 30 11 13 34 24 19 21 28 16 22 27 22 32 13 15 36 26 38 12 18 11 19 30 10 23 29 7 40 22 8 19 16 11 5 35 20 17 10 17 7 19 34
19 28 49 29 11 23 40 24 38 26 11 38 40 6 6 11 37 12 30 23 36 35 22 17 39 34 38 20 25 31 2 24 0 46 38 25 13 23 27 26 39 8 10 28 22 31 34 22 31 15 38 34 13 8 26 25 26 11 22 14 27 12 23 6 36 38 26 39 25 43 37 20 21 9 37 33 27 35 34 29 10 41 12 34 38 4 23 38 34 41 26 24 34 31 5 39 30 37 43 43 31 31 18 40 9 37 16 28 35 15 35 11 30 1 14 11 23 40 18 3 34 27 33 12 28 29 34 34 6 29 18 24 34 18 45 29 34 12 16 19 10 25 21 39 12 22 29 7 29 39 37
28 43 10 25 56 41 36 46 27 32 37 8 8 44 40 40 11 37 24 28 20 14 26 29 10 20 30 36 38 28 45 36 46 0 11 29 50 27 27 48 7 38 38 30 41 33 13 25 14 30 40 19 35 40 31 21 28 42 36 37 29 46 23 48 49 23 24 22 47 4 16 27 25 53 25 33 31 13 13 43 56 5 35 31 26 42 23 11 15 16 21 21 41 29 49 13 26 32 9 16 24 26 41 43 45 13 42 29 24 38 39 42 27 45 31 34 28 42 28 46 14 28 47 46 33 18 29 27 39 47 27 29 34 28 13 41 33 51 41 26 46 25 31 10 50 24 26 41 41 22 12
19 32 11 26 47 30 25 35 16 33 28 10 3 35 33 35 2 32 25 18 9 3 24 21 14 21 31 35 27 29 37 25 38 11 0 18 41 17 16 37 7 32 32 31 30 22 14 16 13 22 29 20 26 31 32 15 17 37 36 28 18 41 17 41 38 13 24 12 36 11 19 24 16 46 26 22 20 14 13 32 47 6 26 20 16 35 14 1 4 7 20 16 30 18 40 17 27 33 6 9 13 27 31 32 36 16 39 18 13 34 28 33 28 37 25 28 27 31 24 39 3 29 36 37 34 17 30 16 31 36 22 29 23 24 9 30 34 42 31 20 37 15 21 14 41 17 15 32 30 12 15
8 14 27 28 33 12 15 17 13 32 14 24 21 21 23 28 18 25 29 3 11 15 22 11 28 29 37 31 9 31 23 7 25 29 18 0 25 3 2 19 23 23 24 31 12 6 25 7 21 12 15 29 12 17 30 14 1 30 33 12 2 34 14 31 22 13 24 14 18 29 29 21 7 34 34 8 2 24 23 14 33 24 13 9 13 25 8 18 14 18 21 16 14 6 26 29 29 38 23 20 6 29 13 18 21 27 33 3 10 29 13 17 29 25 18 20 25 17 19 28 15 29 19 21 32 21 33 9 19 18 16 27 9 20 23 12 36 27 14 15 21 4 4 28 25 12 4 18 12 14 27
22 21 52 40 10 17 34 17 36 37 13 44 43 8 17 23 40 23 41 24 37 38 33 22 47 45 49 32 20 42 11 20 13 50 41 25 0 25 27 18 43 19 21 39 16 27 43 25 39 21 31 45 15 12 37 31 26 23 34 13 27 24 30 17 29 38 37 39 17 49 47 31 25 17 48 29 25 43 42 22 13 45 15 30 37 16 27 42 38 43 36 32 27 29 9 48 41 48 47 45 31 42 12 33 5 46 28 27 35 27 29 8 41 13 24 21 34 33 28 15 38 38 26 4 39 38 45 32 14 22 27 35 29 29 48 23 45 3 11 28 4 27 21 47 1 28 29 11 23 39 46
5 16 27 25 31 14 18 19 16 28 12 22 20 19 20 25 16 22 25 1 13 14 19 8 26 26 34 28 11 28 21 9 23 27 17 3 25 0 5 21 21 20 21 28 14 9 22 4 18 9 18 26 10 15 27 11 4 27 29 12 5 31 11 28 25 15 21 16 20 27 26 18 4 32 31 11 5 22 21 17 31 22 11 12 16 22 5 17 13 19 18 13 17 9 24 27 26 35 22 21 8 26 14 21 20 25 30 6 13 26 16 17 26 23 15 17 22 20 16 26 14 26 22 21 29 18 30 12 17 20 13 24 12 17 24 15 33 26 14 12 21 2 4 26 25 9 7 16 15 16 25
10 16 25 29 35 14 14 19 11 33 16 22 19 23 25 30 16 27 28 5 9 13 23 13 27 29 38 33 11 32 25 9 27 27 16 2 27 5 0 21 21 25 26 32 14 7 24 8 20 14 16 29 14 19 31 14 1 32 34 14 2 36 15 33 23 10 25 11 20 27 28 22 8 36 34 8 4 24 23 16 35 22 15 7 11 27 8 16 12 16 21 16 15 4 28 28 29 38 21 18 4 30 15 19 23 27 35 2 8 31 14 19 30 27 20 22 26 18 20 30 13 30 20 23 33 21 34 7 21 20 17 28 9 21 21 14 37 29 16 16 23 4 6 27 27 13 2 20 14 11 26
21 5 45 43 28 7 19 2 23 45 18 43 40 20 27 33 37 32 44 20 28 34 36 24 47 45 52 41 10 45 24 12 26 48 37 19 18 21 21 0 42 28 30 45 7 15 43 24 39 23 15 45 18 20 44 31 20 35 43 15 19 37 30 32 11 27 40 28 1 48 47 35 24 34 50 15 17 43 42 6 31 43 18 17 24 28 26 37 33 34 37 32 11 19 25 48 44 52 41 35 24 45 9 15 18 46 38 19 24 37 13 15 44 26 28 27 38 16 31 29 34 42 8 15 46 38 48 21 22 4 29 40 15 32 39 7 50 21 11 30 17 23 17 47 19 28 22 20 7 27 46
21 37 14 21 49 35 31 40 22 28 30 3 4 37 33 33 5 30 20 22 15 8 20 22 7 16 26 31 32 24 38 30 39 7 7 23 43 21 21 42 0 31 31 26 35 27 9 18 8 23 34 15 28 33 27 14 22 35 31 30 23 39 16 41 43 19 19 19 41 6 12 21 18 46 21 27 25 8 8 37 49 2 28 25 22 35 16 7 9 13 15 14 35 23 42 10 22 28 10 15 18 22 35 37 38 9 36 23 19 32 33 35 23 38 24 27 22 36 22 39 8 24 41 39 29 12 25 22 32 41 20 24 28 22 14 35 29 44 34 19 39 19 25 7 43 17 20 34 35 19 8
15 28 43 21 19 23 38 26 36 18 10 30 33 11 2 5 30 4 22 20 31 29 14 12 31 26 30 13 23 23 9 22 8 38 32 23 19 20 25 28 31 0 2 20 22 29 26 17 24 11 36 26 11 8 18 17 24 7 15 13 25 11 15 10 37 35 18 36 27 35 29 12 17 15 29 31 25 27 26 29 18 33 10 32 36 4 18 33 29 36 18 17 32 29 13 31 22 29 38 38 28 23 19 38 14 29 10 26 33 9 33 13 22 7 6 3 15 38 10 8 29 19 34 17 20 21 26 32 6 31 10 16 32 10 40 28 26 20 16 11 15 21 19 31 19 14 27 9 28 36 29
16 30 43 19 21 25 39 28 37 16 12 30 33 13 4 4 30 2 20 21 32 29 13 13 30 24 28 11 25 21 11 24 10 38 32 24 21 21 26 30 31 2 0 18 24 30 25 18 23 12 38 24 13 10 16 17 25 6 13 15 26 10 15 11 39 36 16 37 29 35 27 11 18 16 27 32 26 26 25 31 19 33 12 33 37 6 19 33 29 37 17 16 34 30 15 30 20 27 38 39 29 21 21 40 16 28 9 27 34 7 35 15 20 9 6 4 13 40 9 9 29 17 36 19 18 20 24 33 8 33 10 14 33 9 40 30 24 22 18 11 17 22 20 30 21 14 28 11 30 37 28
24 42 40 5 39 39 47 43 41 2 28 23 30 31 22 17 29 16 6 29 35 29 9 22 21 11 10 8 37 3 29 34 28 30 31 31 39 28 32 45 26 20 18 0 38 37 17 24 18 22 46 11 27 27 2 18 32 18 7 30 33 20 17 27 50 39 7 40 44 26 14 10 24 31 9 39 33 18 18 42 37 28 26 39 41 24 24 32 30 38 11 16 45 36 33 17 4 9 36 40 33 4 36 49 34 17 14 34 38 13 44 32 3 27 16 18 6 48 13 27 29 2 47 36 3 14 6 38 25 45 15 4 40 11 40 41 6 40 34 15 35 28 29 20 39 19 33 28 41 40 18
14 6 39 36 25 1 18 5 20 38 12 36 33 16 21 27 30 26 37 13 22 27 29 17 40 38 45 35 4 38 20 5 22 41 30 12 16 14 14 7 35 22 24 38 0 11 36 17 32 16 16 38 12 14 37 24 13 29 37 9 12 32 23 28 15 23 33 24 6 41 40 28 17 31 43 13 10 36 35 7 28 36 12 14 21 22 19 30 26 29 30 25 12 14 22 41 37 45 35 31 17 38 4 18 15 39 32 12 20 31 13 11 37 22 22 21 32 18 25 25 27 36 12 12 39 31 41 17 16 9 22 34 13 26 34 7 43 19 6 23 14 16 10 40 17 21 15 15 7 24 39
14 10 29 35 35 10 9 14 9 38 20 29 25 25 29 34 22 31 35 9 13 19 29 17 33 36 44 37 7 38 29 7 31 33 22 6 27 9 7 15 27 29 30 37 11 0 31 13 27 18 9 35 18 23 36 20 6 36 38 17 5 40 20 37 16 11 30 12 15 33 35 27 13 40 40 2 4 30 29 10 37 28 19 3 10 31 14 22 18 19 27 22 8 4 31 35 35 44 26 20 9 35 14 12 24 33 39 5 9 35 7 20 35 31 24 26 31 11 25 34 19 35 14 22 38 27 39 6 25 14 22 33 3 26 24 8 42 29 15 21 23 10 10 33 27 18 7 24 8 12 33
22 38 23 12 45 36 37 41 29 19 30 6 13 35 28 27 13 24 11 23 22 14 13 21 5 7 17 23 33 15 35 31 34 13 14 25 43 22 24 43 9 26 25 17 36 31 0 19 4 22 40 6 28 31 18 12 24 29 23 31 25 33 13 36 46 25 11 25 42 10 5 14 19 41 12 32 27 1 1 39 44 11 28 31 28 30 17 15 15 21 8 11 38 27 39 5 13 19 19 23 23 13 36 43 38 3 29 26 25 25 37 36 14 33 20 23 15 42 16 34 14 15 43 40 20 5 16 28 29 42 16 16 32 16 23 37 20 44 35 15 39 20 26 5 43 15 24 32 37 25 3
3 20 27 21 31 17 22 22 19 24 12 19 18 19 17 22 15 19 21 5 14 13 15 5 23 22 30 24 15 24 21 12 22 25 16 7 25 4 8 24 18 17 18 24 17 13 19 0 15 6 22 22 10 15 23 7 8 24 25 12 9 28 7 25 28 18 17 19 23 24 23 13 0 30 27 15 9 19 18 20 31 20 10 15 19 19 2 17 13 20 14 9 21 12 24 24 22 31 22 22 11 22 17 25 20 22 27 10 16 23 20 17 22 21 12 14 17 24 12 23 13 21 25 21 25 14 26 15 15 23 9 19 16 13 24 19 29 26 16 8 21 4 7 23 25 5 10 16 19 19 22
18 34 22 13 42 32 33 37 26 20 26 6 12 32 25 25 11 22 12 19 19 12 12 17 8 10 20 22 29 16 31 27 31 14 13 21 39 18 20 39 8 24 23 18 32 27 4 15 0 18 36 9 24 27 19 8 21 27 23 27 22 31 9 33 43 23 11 23 38 11 8 13 15 38 15 28 23 4 3 35 41 10 24 27 26 27 13 14 13 20 7 7 35 23 35 9 14 21 18 22 19 14 32 39 34 7 28 22 23 24 33 32 15 30 17 20 14 38 14 31 12 16 40 36 21 4 18 24 26 38 13 16 28 14 22 33 21 40 31 12 35 17 22 8 39 11 20 28 33 23 7
4 21 33 20 25 17 27 21 25 22 8 23 24 14 11 16 21 13 20 9 20 19 13 1 26 24 29 19 16 22 14 13 15 30 22 12 21 9 14 23 23 11 12 22 16 18 22 6 18 0 27 24 6 10 21 10 13 18 21 9 14 22 9 19 29 24 16 25 22 28 26 11 6 24 27 20 14 22 21 21 25 25 6 21 25 13 8 23 19 26 15 11 24 18 18 27 21 29 28 28 17 21 14 30 16 25 21 15 22 17 24 14 21 15 6 8 15 29 9 17 19 19 26 18 23 17 25 21 9 24 6 17 21 10 30 20 27 22 13 7 17 10 8 26 21 7 16 11 20 25 25
23 10 36 44 41 15 5 14 14 47 27 37 32 32 36 42 29 40 44 18 20 27 38 26 41 45 53 46 13 47 36 14 38 40 29 15 31 18 16 15 34 36 38 46 16 9 40 22 36 27 0 44 25 30 45 29 15 43 47 24 14 47 29 44 9 18 39 19 15 40 44 35 22 47 49 8 13 39 38 9 44 35 26 9 15 38 23 29 25 26 36 31 4 12 38 44 44 53 33 27 17 44 20 3 31 42 46 14 16 44 3 27 44 38 33 35 39 2 34 41 26 43 8 28 47 36 48 13 32 11 31 41 7 35 31 9 51 34 22 30 30 19 19 41 32 27 15 31 9 19 41
24 42 29 7 45 39 42 43 35 14 32 12 19 37 28 25 19 23 6 27 28 20 12 23 9 1 11 19 37 9 35 34 34 19 20 29 45 26 29 45 15 26 24 11 38 35 6 22 9 24 44 0 30 33 13 14 28 27 18 33 29 30 15 35 50 31 8 31 44 15 3 14 21 40 6 36 31 7 7 42 43 17 30 36 34 30 20 21 21 27 9 13 42 32 39 6 8 13 25 29 28 7 38 47 40 6 25 30 31 22 41 38 8 33 21 24 12 46 17 33 20 10 47 42 14 7 10 33 31 45 18 12 37 16 29 40 14 46 37 17 41 24 28 9 45 17 29 34 40 31 7
7 17 37 26 20 12 27 16 25 26 2 29 28 9 11 16 25 15 26 10 23 23 19 7 32 30 35 23 13 28 11 11 13 35 26 12 15 10 14 18 28 11 13 27 12 18 28 10 24 6 25 30 0 5 25 16 13 18 25 3 14 22 15 19 26 24 22 25 17 34 32 17 10 22 33 20 14 28 27 18 21 30 1 21 25 13 12 27 23 29 21 17 22 18 14 33 27 35 32 31 18 27 9 28 10 31 21 15 22 20 22 8 27 13 10 10 20 27 14 16 23 24 23 12 27 23 31 21 7 20 12 22 21 15 34 17 32 16 7 13 11 12 8 32 15 13 16 6 17 25 31
12 20 42 28 15 15 32 18 30 26 3 33 33 4 7 14 30 12 29 15 28 28 21 11 35 33 37 21 17 30 6 16 8 40 31 17 12 15 19 20 33 8 10 27 14 23 31 15 27 10 30 33 5 0 26 20 18 15 23 6 19 17 18 14 29 29 25 30 18 38 35 19 15 17 36 25 19 31 30 21 16 35 5 26 30 8 17 32 28 34 24 20 26 23 9 36 29 36 37 36 23 30 10 32 7 34 18 20 27 17 27 5 29 8 12 9 22 32 16 11 28 26 26 9 28 26 33 26 2 22 15 23 26 17 39 21 33 13 8 16 8 17 13 35 12 17 21 1 21 30 34
24 42 41 6 37 38 46 42 41 1 26 24 31 29 20 15 30 14 7 28 35 30 8 21 22 12 12 6 37 5 27 34 26 31 32 30 37 27 31 44 27 18 16 2 37 36 18 23 19 21 45 13 25 26 0 18 31 16 5 28 32 18 16 25 50 39 8 40 42 28 16 9 23 29 11 38 32 19 19 42 35 29 25 38 41 22 23 33 31 39 12 16 44 35 31 19 6 11 37 41 33 6 34 48 32 19 12 33 37 11 43 31 5 25 15 17 5 47 12 25 30 3 47 35 2 15 8 37 24 45 14 3 39 10 41 41 8 38 32 14 33 27 28 22 37 18 32 27 40 40 20
10 27 25 14 35 24 28 29 23 19 18 13 15 24 19 20 13 17 14 12 17 12 10 9 16 15 23 21 22 17 24 19 25 21 15 14 31 11 14 31 14 17 17 18 24 20 12 7 8 10 29 14 16 20 18 0 14 22 22 19 15 26 2 27 35 21 11 22 30 18 16 10 7 32 20 22 16 12 11 27 35 16 16 21 23 21 6 16 13 21 7 2 28 18 28 17 15 24 21 23 15 16 24 32 26 15 24 16 20 20 27 24 16 24 10 13 13 31 9 25 12 16 32 28 20 7 20 20 19 30 6 15 23 10 24 26 22 32 23 5 27 10 14 16 31 3 15 21 26 22 15
9 15 26 28 33 13 15 18 12 32 15 23 20 22 24 29 17 26 28 4 10 14 23 12 27 29 37 32 10 31 24 8 26 28 17 1 26 4 1 20 22 24 25 32 13 6 24 8 21 13 15 28 13 18 31 14 0 31 33 13 1 35 15 32 22 11 25 12 19 28 29 21 8 35 34 8 3 24 23 15 34 23 14 8 12 26 8 17 13 17 21 16 14 5 27 29 29 38 22 19 5 30 14 18 22 27 34 2 9 30 13 18 30 26 19 21 25 17 20 29 14 29 19 22 33 21 34 8 20 19 17 27 9 21 22 13 36 28 15 16 22 4 5 27 26 13 3 19 13 12 27
22 35 48 20 21 30 45 33 43 16 17 34 37 16 8 2 35 5 21 27 38 34 16 19 34 26 28 10 30 21 12 29 11 42 37 30 23 27 32 35 35 7 6 18 29 36 29 24 27 18 43 27 18 15 16 22 31 0 12 20 32 4 20 9 44 42 19 43 33 38 30 14 24 13 27 38 32 30 29 36 19 37 17 39 43 7 25 38 34 42 20 21 39 36 15 33 21 27 43 44 35 22 25 45 19 31 5 33 40 5 40 20 21 10 12 10 15 45 13 9 34 18 41 22 18 23 24 39 13 37 15 15 39 13 45 35 24 23 23 16 20 28 26 33 22 20 34 15 35 43 31
25 43 45 11 33 38 48 41 44 5 25 29 35 26 17 11 34 11 12 30 39 34 12 22 27 17 16 2 37 10 23 35 22 36 36 33 34 29 34 43 31 15 13 7 37 38 23 25 23 21 47 18 25 23 5 22 33 12 0 28 34 14 20 21 50 43 12 44 41 33 21 12 25 25 16 40 34 24 24 42 31 33 25 40 44 18 26 37 35 43 16 20 45 37 27 24 11 15 41 45 36 11 33 50 29 24 8 35 41 7 45 28 10 21 15 16 9 49 13 21 34 8 47 32 6 19 13 40 21 45 16 7 41 12 45 41 12 34 31 17 30 29 29 27 33 21 35 24 41 44 25
9 15 39 29 20 10 26 13 25 29 3 31 30 8 12 18 27 17 29 11 24 25 21 10 35 33 37 26 11 30 12 10 14 37 28 12 13 12 14 15 30 13 15 30 9 17 31 12 27 9 24 33 3 6 28 19 13 20 28 0 14 23 18 20 24 24 25 25 14 36 35 20 12 23 36 19 13 31 30 16 21 32 3 20 25 14 14 29 25 30 24 20 20 17 14 36 29 37 34 32 18 30 6 26 9 34 23 15 22 22 21 5 29 14 13 12 23 26 16 17 25 27 21 9 30 26 33 20 8 18 15 25 20 17 35 15 35 15 4 16 9 14 8 35 13 16 16 7 15 25 34
10 14 26 29 34 12 14 17 11 33 16 24 21 22 25 30 18 27 29 5 10 15 24 13 28 30 38 33 9 32 25 7 27 29 18 2 27 5 2 19 23 25 26 33 12 5 25 9 22 14 14 29 14 19 32 15 1 32 34 14 0 36 16 33 21 11 26 12 18 29 30 22 9 36 35 7 2 25 24 14 35 24 15 7 11 27 9 18 14 17 22 17 13 4 28 30 30 39 22 19 5 31 14 17 23 28 35 1 9 31 12 19 31 27 20 22 26 16 21 30 15 30 18 22 34 22 35 7 21 18 18 28 8 22 22 12 37 29 15 17 23 5 6 28 27 14 3 20 12 12 28
26 38 52 23 19 33 49 36 47 18 20 38 41 18 11 6 39 9 24 31 42 38 20 23 38 29 30 12 34 23 13 33 12 46 41 34 24 31 36 37 39 11 10 20 32 40 33 28 31 22 47 30 22 17 18 26 35 4 14 23 36 0 24 7 46 46 22 47 35 42 33 18 28 11 29 42 36 34 33 38 17 41 21 43 47 9 29 42 38 46 24 25 43 40 15 36 24 29 47 48 39 24 27 49 20 35 6 37 44 8 44 22 23 11 16 14 18 49 17 9 38 21 43 23 20 27 26 43 15 39 19 18 43 17 49 38 26 23 25 20 21 32 30 37 23 24 38 17 38 47 35
9 27 27 13 33 24 29 28 24 17 17 15 17 22 17 18 15 15 14 12 19 14 8 8 17 15 22 19 22 16 22 19 23 23 17 14 30 11 15 30 16 15 15 17 23 20 13 7 9 9 29 15 15 18 16 2 15 20 20 18 16 24 0 25 35 23 10 24 29 20 17 8 7 30 20 22 16 13 12 27 33 18 15 22 24 19 7 18 15 23 7 2 28 19 26 18 14 23 23 25 17 15 23 32 25 16 22 17 21 18 27 23 15 22 8 11 11 31 7 23 14 15 32 27 18 8 19 21 17 30 4 13 23 8 26 26 21 31 22 3 26 11 14 17 30 2 16 19 26 24 16
24 34 53 28 12 29 46 30 44 25 17 40 43 12 8 10 40 12 29 28 40 38 23 20 41 34 37 19 31 30 8 30 6 48 41 31 17 28 33 32 41 10 11 27 28 37 36 25 33 19 44 35 19 14 25 27 32 9 21 20 33 7 25 0 42 43 27 44 31 44 38 22 25 5 36 39 33 37 36 35 10 43 18 40 44 6 27 42 38 45 28 26 40 37 8 41 29 36 47 47 36 30 24 46 14 39 13 34 41 14 41 17 29 6 16 13 23 46 20 3 38 26 39 17 27 31 33 40 12 35 20 23 40 20 49 35 33 16 22 21 15 29 27 41 16 24 35 13 35 44 39
27 9 45 49 39 14 14 12 23 51 27 45 41 30 36 42 38 41 50 24 29 35 43 30 49 51 58 50 14 52 34 16 36 49 38 22 29 25 23 11 43 37 39 50 15 16 46 28 43 29 9 50 26 29 50 35 22 44 50 24 21 46 35 42 0 27 45 28 12 49 51 40 28 45 55 16 20 46 45 8 42 44 27 18 24 37 30 38 34 35 42 37 8 20 36 51 49 58 42 36 25 50 19 7 29 49 47 21 25 46 10 25 50 36 35 36 44 8 38 39 35 48 3 26 52 42 54 22 31 7 35 46 15 39 40 10 56 32 21 35 28 26 21 49 30 33 23 30 10 28 49
20 22 18 35 45 22 13 26 4 40 27 21 15 34 35 40 14 37 34 15 4 11 31 23 26 32 42 42 19 38 36 18 38 23 13 13 38 15 10 27 19 35 36 39 23 11 25 18 23 24 18 31 24 29 39 21 11 42 43 24 11 46 23 43 27 0 32 1 26 23 30 31 18 46 37 11 12 25 24 21 45 18 25 9 3 37 17 12 10 8 28 23 19 8 38 28 36 44 15 9 7 36 25 21 33 27 45 10 2 41 17 29 37 37 30 32 34 20 30 40 11 37 25 33 41 26 40 5 31 25 27 36 12 31 13 19 43 39 26 26 33 14 16 26 37 22 8 30 19 1 26
19 37 33 3 37 33 39 38 34 9 24 17 23 29 20 17 22 15 4 22 28 22 4 16 16 8 12 12 32 6 27 29 26 24 24 24 37 21 25 40 19 18 16 7 33 30 11 17 11 16 39 8 22 25 8 11 25 19 12 25 26 22 10 27 45 32 0 33 38 21 11 6 17 32 11 32 26 12 12 37 35 21 22 32 34 22 17 25 23 31 4 9 38 29 31 14 4 13 29 33 26 5 30 42 32 13 18 27 31 14 37 30 5 25 13 16 4 41 9 25 22 5 42 34 10 7 9 31 23 40 10 5 33 8 33 36 11 38 29 10 33 21 24 16 37 12 26 26 36 33 14
21 23 17 35 46 23 14 27 5 41 28 22 15 35 36 41 14 38 35 16 5 11 32 24 26 32 42 43 20 38 37 19 39 22 12 14 39 16 11 28 19 36 37 40 24 12 25 19 23 25 19 31 25 30 40 22 12 43 44 25 12 47 24 44 28 1 33 0 27 23 30 32 19 47 37 12 13 25 24 22 46 18 26 10 4 38 18 12 10 7 29 24 20 9 39 28 36 44 14 8 8 36 26 22 34 27 46 11 3 42 18 30 37 38 31 33 35 21 31 41 11 38 26 34 42 26 40 6 32 26 28 37 13 32 12 20 43 40 27 27 34 15 17 26 38 23 9 31 20 0 26
20 5 44 42 27 6 19 1 23 43 17 42 39 19 26 32 36 31 42 19 28 33 35 23 46 44 51 40 9 44 23 11 25 47 36 18 17 20 20 1 41 27 29 44 6 15 42 23 38 22 15 44 17 18 42 30 19 33 41 14 18 35 29 31 12 26 38 27 0 47 46 33 23 33 49 15 16 42 41 6 30 42 17 17 24 26 25 36 32 34 36 31 11 19 24 47 42 51 40 35 23 43 8 16 17 45 36 18 24 35 13 14 43 25 27 26 37 16 30 28 33 41 9 14 44 37 47 21 20 5 28 39 15 31 39 7 49 20 10 29 16 22 16 46 18 27 21 19 7 27 45
27 43 14 22 54 41 36 46 27 29 36 5 8 42 37 37 11 34 21 28 20 14 23 27 6 16 26 33 38 24 43 36 43 4 11 29 49 27 27 48 6 35 35 26 41 33 10 24 11 28 40 15 34 38 28 18 28 38 33 36 29 42 20 44 49 23 21 23 47 0 12 24 24 49 21 33 31 9 10 43 52 5 34 31 26 38 22 11 15 17 18 18 41 29 46 9 22 28 12 19 24 22 41 43 44 9 39 29 24 35 39 41 23 41 28 31 25 42 25 42 14 25 47 45 29 15 25 27 37 47 24 26 34 25 16 41 29 50 40 23 45 25 31 6 49 21 26 39 41 23 8
26 42 26 10 48 40 41 45 33 17 34 9 16 39 31 28 17 26 9 27 26 19 15 25 6 4 14 22 37 12 37 35 37 16 19 29 47 26 28 47 12 29 27 14 40 35 5 23 8 26 44 3 32 35 16 16 29 30 21 35 30 33 17 38 51 30 11 30 46 12 0 17 23 43 9 36 31 5 6 43 46 14 32 35 33 33 21 19 20 25 11 15 43 31 41 3 11 16 22 27 27 10 40 47 42 3 28 30 30 25 41 40 11 36 23 26 15 46 19 36 19 13 48 44 17 9 13 32 33 46 20 15 36 19 26 41 17 48 39 19 43 25 30 6 47 19 28 36 41 30 4
14 32 34 9 31 28 36 33 32 10 18 19 24 23 14 12 22 10 10 18 27 22 2 11 19 14 18 11 27 11 21 24 20 27 24 21 31 18 22 35 21 12 11 10 28 27 14 13 13 11 35 14 17 19 9 10 21 14 12 20 22 18 8 22 40 31 6 32 33 24 17 0 13 27 17 28 22 15 14 32 30 23 16 28 32 16 14 25 23 31 6 8 34 25 25 19 10 18 30 33 24 11 25 38 26 17 15 23 29 11 33 24 10 19 7 10 4 37 3 20 22 8 37 28 11 9 14 28 17 35 5 6 29 2 33 31 16 32 24 5 27 17 19 19 31 9 23 20 31 32 17
3 20 27 20 30 17 22 22 19 24 12 19 18 19 17 22 15 19 21 5 14 13 15 5 23 22 29 24 15 23 20 12 21 25 16 7 25 4 8 24 18 17 18 24 17 13 19 0 15 6 22 21 10 15 23 7 8 24 25 12 9 28 7 25 28 18 17 19 23 24 23 13 0 30 27 15 9 19 18 20 31 20 10 15 19 19 2 17 13 20 14 9 21 12 24 24 21 30 22 22 11 22 17 25 20 22 27 10 16 23 20 17 22 21 12 14 17 24 12 23 13 21 25 21 24 14 26 15 15 23 9 19 16 13 24 19 28 26 16 8 21 4 7 23 25 5 10 16 19 19 22
28 37 58 33 9 32 49 33 47 29 20 45 48 15 13 15 45 17 34 32 45 43 28 25 46 39 41 23 34 34 11 33 9 53 46 34 17 32 36 34 46 15 16 31 31 40 41 30 38 24 47 40 22 17 29 32 35 13 25 23 36 11 30 5 45 46 32 47 33 49 43 27 30 0 40 42 36 42 41 38 6 48 21 43 47 11 32 47 43 50 33 31 43 40 9 46 34 40 52 52 40 35 27 49 16 44 17 37 44 18 44 20 34 9 21 18 28 49 25 7 43 31 42 19 31 36 37 43 15 38 25 28 43 25 54 38 37 15 25 26 17 34 30 46 17 29 38 16 38 47 44
29 47 35 8 48 44 48 48 40 11 35 18 25 40 31 26 25 25 7 32 33 26 15 27 15 5 5 17 42 6 38 39 37 25 26 34 48 31 34 50 21 29 27 9 43 40 12 27 15 27 49 6 33 36 11 20 34 27 16 36 35 29 20 36 55 37 11 37 49 21 9 17 27 40 0 42 36 13 13 47 46 23 33 41 40 33 26 27 27 33 13 18 48 38 42 12 7 7 31 35 34 6 41 52 43 12 23 36 37 22 47 41 7 36 24 27 14 51 20 36 26 10 52 45 11 13 5 39 34 50 21 13 43 19 35 46 8 49 40 21 44 30 34 15 48 22 35 37 46 37 13
16 10 29 36 37 12 7 15 8 40 22 29 25 27 31 36 22 33 36 11 13 19 30 19 34 37 45 39 9 39 31 9 33 33 22 8 29 11 8 15 27 31 32 39 13 2 32 15 28 20 8 36 20 25 38 22 8 38 40 19 7 42 22 39 16 11 32 12 15 33 36 28 15 42 42 0 6 31 30 10 39 28 21 2 9 33 16 22 18 19 29 24 8 4 33 36 36 45 26 20 9 37 16 11 26 34 41 6 9 37 6 22 37 33 26 28 32 10 27 36 19 36 14 24 39 29 41 6 27 14 24 34 1 28 24 8 43 31 17 23 25 12 12 34 29 20 7 26 8 12 33
10 12 28 30 33 10 13 15 11 34 16 26 23 21 25 30 20 27 31 5 12 17 24 13 30 31 39 33 7 33 25 5 27 31 20 2 25 5 4 17 25 25 26 33 10 4 27 9 23 14 13 31 14 19 32 16 3 32 34 13 2 36 16 33 20 12 26 13 16 31 31 22 9 36 36 6 0 26 25 12 34 26 15 7 12 27 10 20 16 19 23 18 12 4 27 31 30 39 24 21 7 31 12 16 22 29 35 2 10 31 11 18 31 27 20 22 26 15 21 30 17 30 17 20 33 23 35 7 21 16 18 28 7 22 24 10 37 27 13 17 21 6 6 30 25 14 5 20 10 13 29
22 38 22 13 46 36 37 41 28 20 30 5 12 35 29 28 12 25 12 23 21 14 14 21 4 8 18 24 33 16 35 31 35 13 14 24 43 22 24 43 8 27 26 18 36 30 1 19 4 22 39 7 28 31 19 12 24 30 24 31 25 34 13 37 46 25 12 25 42 9 5 15 19 42 13 31 26 0 1 38 45 10 28 30 28 31 17 15 15 21 9 11 38 27 39 5 14 20 18 23 23 14 36 42 38 3 30 26 25 26 37 36 15 34 21 24 16 41 17 35 14 16 43 40 21 6 17 27 30 42 17 17 32 17 22 36 21 44 35 16 39 20 26 4 43 15 24 32 36 25 3
21 37 22 13 45 35 36 40 27 20 29 5 12 34 28 27 12 24 12 22 20 13 13 20 5 8 18 24 32 16 34 30 34 13 13 23 42 21 23 42 8 26 25 18 35 29 1 18 3 21 38 7 27 30 19 11 23 29 24 30 24 33 12 36 45 24 12 24 41 10 6 14 18 41 13 30 25 1 0 37 44 10 27 29 27 30 16 14 14 20 8 10 37 26 38 6 14 20 18 22 22 14 35 41 37 4 29 25 24 25 36 35 15 33 20 23 15 40 16 34 13 16 42 39 21 5 17 27 29 41 16 17 31 16 22 35 21 43 34 15 38 19 25 5 42 14 23 31 35 24 4
18 1 39 40 32 6 13 5 18 42 19 38 35 23 28 34 32 33 41 16 23 29 34 21 42 42 49 41 6 43 27 8 29 43 32 14 22 17 16 6 37 29 31 42 7 10 39 20 35 21 9 42 18 21 42 27 15 36 42 16 14 38 27 35 8 21 37 22 6 43 43 32 20 38 47 10 12 38 37 0 35 38 19 12 19 29 22 32 28 29 34 29 5 14 29 43 41 50 36 30 19 42 11 11 22 41 39 14 19 38 7 18 42 29 27 28 36 11 30 32 29 40 5 19 43 34 46 16 23 4 27 38 10 31 34 2 48 25 13 27 21 18 13 42 23 25 17 22 2 22 41
29 34 59 38 3 29 46 30 47 35 19 48 49 13 16 20 46 21 39 31 44 44 32 27 49 44 47 29 31 40 11 30 10 56 47 33 13 31 35 31 49 18 19 37 28 37 44 31 41 25 44 43 21 16 35 35 34 19 31 21 35 17 33 10 42 45 35 46 30 52 46 30 31 6 46 39 34 45 44 35 0 50 21 40 46 14 33 48 44 50 36 34 40 38 7 49 39 46 53 52 39 40 24 46 13 47 23 36 43 24 41 17 39 11 24 21 32 46 28 10 44 36 39 16 37 39 43 41 16 35 28 33 40 28 55 35 43 10 22 29 14 33 29 49 12 32 37 15 35 46 47
23 38 12 23 50 36 31 41 22 30 32 5 3 39 35 35 6 32 22 23 15 9 22 24 8 18 28 32 33 26 40 31 41 5 6 24 45 22 22 43 2 33 33 28 36 28 11 20 10 25 35 17 30 35 29 16 23 37 33 32 24 41 18 43 44 18 21 18 42 5 14 23 20 48 23 28 26 10 10 38 50 0 30 26 21 37 18 6 10 12 17 16 36 24 43 11 24 30 8 14 19 24 36 38 40 11 38 24 19 34 34 37 25 40 26 29 24 37 24 41 9 26 42 41 31 14 27 22 34 42 22 26 29 24 12 36 31 46 36 21 41 20 26 8 45 19 21 36 36 18 10
7 18 37 25 20 13 28 16 26 26 2 29 28 9 10 15 25 14 26 11 24 23 18 7 32 30 34 23 13 27 11 12 12 35 26 13 15 11 15 18 28 10 12 26 12 19 28 10 24 6 26 30 1 5 25 16 14 17 25 3 15 21 15 18 27 25 22 26 17 34 32 16 10 21 33 21 15 28 27 19 21 30 0 22 26 12 12 27 23 30 21 17 22 19 14 33 26 34 32 32 19 27 9 28 10 31 20 16 23 19 23 8 26 12 10 9 20 28 13 15 23 24 24 12 27 23 30 22 6 21 12 22 22 14 34 18 32 16 7 13 11 13 9 32 15 13 17 6 18 26 31
17 12 27 36 38 13 7 17 6 40 23 28 23 28 32 37 20 34 36 12 11 17 31 20 32 37 45 40 10 39 32 10 34 31 20 9 30 12 7 17 25 32 33 39 14 3 31 15 27 21 9 36 21 26 38 21 8 39 40 20 7 43 22 40 18 9 32 10 17 31 35 28 15 43 41 2 7 30 29 12 40 26 22 0 7 34 15 20 16 17 28 23 10 3 34 34 36 45 24 18 8 37 17 12 27 33 42 6 7 38 8 23 37 34 27 29 32 11 27 37 17 36 16 25 39 28 41 4 28 16 24 34 3 28 22 10 43 32 18 23 26 11 13 32 30 20 6 27 10 10 32
21 19 21 37 45 20 10 24 1 42 27 24 18 33 36 41 17 38 37 16 7 14 33 24 29 35 45 43 17 40 36 17 38 26 16 13 37 16 11 24 22 36 37 41 21 10 28 19 26 25 15 34 25 30 41 23 12 43 44 25 11 47 24 44 24 3 34 4 24 26 33 32 19 47 40 9 12 28 27 19 46 21 26 7 0 38 18 15 13 11 30 25 16 7 39 31 38 47 18 12 8 39 24 18 34 30 46 10 3 42 14 30 39 38 31 33 35 17 31 41 14 39 22 32 42 29 43 4 32 22 28 37 9 32 16 17 45 39 25 27 33 15 17 29 37 23 9 31 17 4 29
17 28 47 25 15 23 40 26 38 22 11 34 36 9 2 7 34 8 26 22 34 32 18 14 35 30 34 16 25 27 5 24 4 42 35 25 16 22 27 28 35 4 6 24 22 31 30 19 27 13 38 30 13 8 22 21 26 7 18 14 27 9 19 6 37 37 22 38 26 38 33 16 19 11 33 33 27 31 30 29 14 37 12 34 38 0 21 36 32 39 22 20 34 31 9 35 26 33 41 41 30 27 18 40 12 33 12 28 35 11 35 13 26 3 10 7 19 40 14 4 32 23 34 15 24 25 30 34 6 30 14 20 34 14 43 29 30 16 16 15 13 23 21 35 15 18 29 8 29 38 33
5 21 25 20 32 19 22 24 18 24 14 17 16 21 19 23 13 20 20 6 13 11 15 7 21 21 29 25 16 23 22 14 23 23 14 8 27 5 8 26 16 18 19 24 19 14 17 2 13 8 23 20 12 17 23 6 8 25 26 14 9 29 7 27 30 17 17 18 25 22 21 14 2 32 26 16 10 17 16 22 33 18 12 15 18 21 0 15 11 18 13 8 22 12 26 22 21 30 20 20 10 22 19 26 22 20 28 10 15 24 21 19 22 23 13 15 18 25 13 25 11 22 27 23 25 13 26 14 17 25 10 20 17 14 22 20 28 28 18 9 23 4 9 21 27 5 9 18 20 18 20
20 32 10 27 47 30 25 35 16 34 29 10 3 36 34 36 3 33 26 18 9 4 25 22 14 22 32 36 27 30 37 25 38 11 1 18 42 17 16 37 7 33 33 32 30 22 15 17 14 23 29 21 27 32 33 16 17 38 37 29 18 42 18 42 38 12 25 12 36 11 19 25 17 47 27 22 20 15 14 32 48 6 27 20 15 36 15 0 4 6 21 17 30 18 41 17 28 34 5 8 13 28 31 32 37 16 40 18 13 35 28 34 29 38 26 29 28 31 25 40 4 30 36 38 35 18 31 16 32 36 22 30 23 25 8 30 35 43 31 21 38 15 21 14 42 18 15 33 30 12 15
16 28 14 25 43 26 22 31 13 32 25 11 7 32 30 32 4 29 24 14 6 1 23 18 16 22 32 34 23 28 33 21 34 15 4 14 38 13 12 33 9 29 29 30 26 18 15 13 13 19 25 21 23 28 31 13 13 34 35 25 14 38 15 38 34 10 23 10 32 15 20 23 13 43 27 18 16 15 14 28 44 10 23 16 13 32 11 4 0 8 19 15 26 14 37 18 26 34 9 10 9 26 27 28 33 17 37 14 10 33 24 30 27 34 22 25 26 27 22 36 1 28 32 34 33 16 30 13 28 32 19 28 19 23 11 26 33 39 27 18 34 11 17 16 38 14 11 29 26 10 16
23 29 10 33 50 29 21 33 12 40 31 16 9 38 37 40 9 37 32 20 7 9 31 25 20 28 38 42 26 36 40 24 41 16 7 18 43 19 16 34 13 36 37 38 29 19 21 20 20 26 26 27 29 34 39 21 17 42 43 30 17 46 23 45 35 8 31 7 34 17 25 31 20 50 33 19 19 21 20 29 50 12 30 17 11 39 18 6 8 0 27 23 27 16 43 23 34 40 7 2 12 34 31 29 39 22 45 17 10 41 25 35 35 41 30 33 34 28 30 43 9 36 33 39 41 24 37 13 35 33 27 36 20 31 5 27 41 45 32 26 39 17 22 20 43 22 14 35 27 7 21
16 34 29 7 37 31 35 35 30 13 23 13 19 28 20 18 18 16 7 19 24 18 5 14 13 9 16 15 29 10 26 26 26 21 20 21 36 18 21 37 15 18 17 11 30 27 8 14 7 15 36 9 21 24 12 7 21 20 16 24 22 24 7 28 42 28 4 29 36 18 11 6 14 33 13 29 23 9 8 34 36 17 21 28 30 22 13 21 19 27 0 5 35 25 30 13 8 17 25 29 22 9 29 39 31 11 21 23 27 17 34 29 9 25 12 15 7 38 8 26 18 9 39 33 14 3 13 27 22 37 9 9 30 8 29 33 15 37 28 8 32 17 21 13 36 9 22 25 33 29 11
11 29 27 12 35 26 30 30 25 17 19 13 17 24 18 19 14 16 12 14 19 14 8 10 15 13 21 19 24 15 24 21 24 21 16 16 32 13 16 32 14 17 16 16 25 22 11 9 7 11 31 13 17 20 16 2 16 21 20 20 17 25 2 26 37 23 9 24 31 18 15 8 9 31 18 24 18 11 10 29 34 16 17 23 25 20 8 17 15 23 5 0 30 20 28 16 13 22 22 25 17 14 25 34 27 14 22 18 22 18 29 25 14 23 10 13 11 33 8 24 14 14 34 29 18 6 18 22 19 32 6 13 25 8 25 28 20 33 24 5 28 12 16 15 32 4 17 21 28 24 14
21 6 37 42 37 11 8 10 15 45 23 37 33 28 32 38 30 36 42 17 21 27 36 24 41 43 51 44 9 45 32 11 34 41 30 14 27 17 15 11 35 32 34 45 12 8 38 21 35 24 4 42 22 26 44 28 14 39 45 20 13 43 28 40 8 19 38 20 11 41 43 34 21 43 48 8 12 38 37 5 40 36 22 10 16 34 22 30 26 27 35 30 0 12 34 43 42 51 34 28 17 43 16 6 27 41 42 13 17 41 2 23 43 34 30 31 38 6 33 37 27 42 6 24 45 35 47 14 28 7 30 40 7 34 32 5 49 30 18 29 26 18 16 41 28 26 15 27 5 20 41
14 14 26 33 37 13 10 18 7 37 20 25 21 25 29 34 18 31 32 9 9 15 27 17 29 33 42 37 10 36 29 9 31 29 18 6 29 9 4 19 23 29 30 36 14 4 27 12 23 18 12 32 18 23 35 18 5 36 37 17 4 40 19 37 20 8 29 9 19 29 31 25 12 40 38 4 4 27 26 14 38 24 19 3 7 31 12 18 14 16 25 20 12 0 31 32 33 42 22 17 5 34 16 15 26 30 39 3 6 35 10 22 34 31 24 26 29 14 24 34 15 33 18 24 36 25 38 3 25 18 21 31 5 25 21 12 40 31 17 20 25 8 10 29 29 17 3 24 12 9 29
22 28 52 34 6 23 40 24 40 31 12 42 42 6 11 16 39 17 35 24 37 37 27 20 43 39 43 25 25 36 4 24 5 49 40 26 9 24 28 25 42 13 15 33 22 31 39 24 35 18 38 39 14 9 31 28 27 15 27 14 28 15 26 8 36 38 31 39 24 46 41 25 24 9 42 33 27 39 38 29 7 43 14 34 39 9 26 41 37 43 30 28 34 31 0 43 35 42 46 45 32 36 18 40 7 41 19 29 36 20 35 11 35 6 18 15 28 40 22 6 37 32 33 10 33 33 39 34 9 29 22 29 34 23 48 29 39 8 16 23 8 26 22 43 8 25 30 8 29 39 41
27 43 23 13 50 41 41 46 32 20 35 7 14 40 33 31 15 29 12 28 24 17 18 26 3 7 17 25 38 15 39 36 39 13 17 29 48 27 28 48 10 31 30 17 41 35 5 24 9 27 44 6 33 36 19 17 29 33 24 36 30 36 18 41 51 28 14 28 47 9 3 19 24 46 12 36 31 5 6 43 49 11 33 34 31 35 22 17 18 23 13 16 43 32 43 0 14 19 19 25 27 13 41 46 43 2 31 30 28 28 42 41 14 38 25 28 18 45 21 39 17 16 48 45 20 10 16 31 34 47 21 18 37 21 23 41 20 49 40 20 44 25 31 3 48 20 28 37 41 28 2
23 41 36 1 41 38 43 42 38 6 28 19 26 33 24 19 25 18 2 27 32 25 8 20 16 7 8 12 36 2 31 33 30 26 27 29 41 26 29 44 22 22 20 4 37 35 13 22 14 21 44 8 27 29 6 15 29 21 11 29 30 24 14 29 49 36 4 36 42 22 11 10 21 34 7 36 30 14 14 41 39 24 26 36 38 26 21 28 26 34 8 13 42 33 35 14 0 9 32 36 30 1 34 46 36 13 18 31 35 16 41 34 1 29 17 20 7 45 13 29 25 3 46 38 7 10 5 35 27 44 14 6 37 12 36 40 7 42 33 14 37 25 28 16 41 16 30 30 40 36 14
32 50 42 10 48 47 52 51 47 11 36 25 32 40 31 26 32 25 10 36 40 33 16 29 22 12 2 17 45 7 38 42 37 32 33 38 48 35 38 52 28 29 27 9 45 44 19 31 21 29 53 13 35 36 11 24 38 27 15 37 39 29 23 36 58 44 13 44 51 28 16 18 30 40 7 45 39 20 20 50 46 30 34 45 47 33 30 34 34 40 17 22 51 42 42 19 9 0 38 42 39 8 43 55 43 19 23 40 44 22 50 41 8 36 25 27 14 54 21 36 33 10 55 45 9 18 4 44 34 53 23 13 46 19 42 49 3 49 41 23 44 34 37 22 48 25 39 37 49 44 20
25 36 5 31 52 35 28 39 19 38 34 13 6 41 39 41 8 38 30 23 13 9 30 27 16 26 36 40 31 34 42 30 43 9 6 23 47 22 21 41 10 38 38 36 35 26 19 22 18 28 33 25 32 37 37 21 22 43 41 34 22 47 23 47 42 15 29 14 40 12 22 30 22 52 31 26 24 18 18 36 53 8 32 24 18 41 20 5 9 7 25 22 34 22 46 19 32 38 0 7 17 32 36 36 42 19 44 22 17 40 32 39 33 43 31 34 32 35 30 45 9 34 40 43 39 22 35 20 37 40 27 34 27 30 4 34 39 48 36 26 43 20 26 16 47 23 19 38 34 14 18
25 30 9 35 52 30 22 35 13 42 33 18 11 40 39 42 11 39 34 22 9 11 33 27 22 30 40 44 27 38 42 26 43 16 9 20 45 21 18 35 15 38 39 40 31 20 23 22 22 28 27 29 31 36 41 23 19 44 45 32 19 48 25 47 36 9 33 8 35 19 27 33 22 52 35 20 21 23 22 30 52 14 32 18 12 41 20 8 10 2 29 25 28 17 45 25 36 42 7 0 14 36 33 30 41 24 47 19 11 43 26 37 37 43 32 35 36 29 32 45 11 38 34 41 43 26 39 14 37 34 29 38 21 33 4 28 43 47 34 28 41 19 24 22 45 24 16 37 28 8 23
13 19 21 29 38 17 14 22 8 34 20 20 16 27 28 33 13 30 29 8 5 10 25 16 25 29 38 35 14 32 29 12 31 24 13 6 31 8 4 24 18 28 29 33 17 9 23 11 19 17 17 28 18 23 33 15 5 35 36 18 5 39 17 36 25 7 26 8 23 24 27 24 11 40 34 9 7 23 22 19 39 19 19 8 8 30 10 13 9 12 22 17 17 5 32 27 30 39 17 14 0 31 19 20 27 26 38 5 5 34 15 23 31 31 23 25 28 19 23 34 10 31 23 27 35 22 35 5 25 23 20 30 10 24 17 17 37 33 20 19 27 7 10 25 31 15 2 24 17 8 25
24 42 36 2 42 38 44 43 39 7 29 19 26 34 25 20 25 19 2 27 32 25 9 21 16 6 8 13 37 2 32 34 31 26 27 29 42 26 30 45 22 23 21 4 38 35 13 22 14 21 44 7 27 30 6 16 30 22 11 30 31 24 15 30 50 36 5 36 43 22 10 11 22 35 6 37 31 14 14 42 40 24 27 37 39 27 22 28 26 34 9 14 43 34 36 13 1 8 32 36 31 0 35 47 37 13 18 32 36 17 42 35 1 30 18 21 8 46 14 30 25 4 47 39 7 10 4 36 28 45 15 7 38 13 36 41 7 43 34 15 38 26 29 16 42 17 31 31 41 36 14
14 10 40 34 21 5 22 7 23 35 9 36 34 12 18 24 30 23 34 13 24 28 27 15 40 38 43 32 7 36 16 7 18 41 31 13 12 14 15 9 35 19 21 36 4 14 36 17 32 14 20 38 9 10 34 24 14 25 33 6 14 27 23 24 19 25 30 26 8 41 40 25 17 27 41 16 12 36 35 11 24 36 9 17 24 18 19 31 27 31 29 25 16 16 18 41 34 43 36 33 19 35 0 22 11 39 28 14 22 27 17 7 35 18 19 18 29 22 22 21 28 33 16 8 36 31 39 19 12 12 20 31 16 23 36 11 41 15 2 21 10 16 10 40 13 21 17 11 11 25 39
26 12 39 47 43 17 8 16 17 50 29 40 35 34 38 44 32 42 47 21 23 30 41 29 44 48 56 49 15 50 38 17 40 43 32 18 33 21 19 15 37 38 40 49 18 12 43 25 39 30 3 47 28 32 48 32 18 45 50 26 17 49 32 46 7 21 42 22 16 43 47 38 25 49 52 11 16 42 41 11 46 38 28 12 18 40 26 32 28 29 39 34 6 15 40 46 46 55 36 30 20 47 22 0 33 45 48 17 19 47 6 29 47 40 36 37 42 1 37 43 29 46 8 30 49 39 51 16 34 11 34 44 10 38 34 11 53 36 24 33 32 22 22 44 34 30 18 33 11 22 44
17 21 47 35 11 16 33 17 34 32 8 39 38 3 12 19 35 18 36 20 33 33 28 17 42 40 44 27 18 37 7 17 9 45 36 21 5 20 23 18 38 14 16 34 15 24 38 20 34 16 31 40 10 7 32 26 22 19 29 9 23 20 25 14 29 33 32 34 17 44 42 26 20 16 43 26 22 38 37 22 13 40 10 27 34 12 22 37 33 39 31 27 27 26 7 43 36 43 42 41 27 37 11 33 0 41 24 24 31 22 28 4 36 9 19 16 29 33 23 12 33 33 26 3 34 33 40 29 9 22 22 30 27 24 44 22 40 6 9 23 1 22 17 42 5 23 25 6 22 34 41
25 41 23 13 48 39 39 44 30 19 33 6 13 38 31 29 14 27 12 26 23 16 16 24 3 7 17 25 36 15 37 34 37 13 16 27 46 25 27 46 9 29 28 17 39 33 3 22 7 25 42 6 31 34 19 15 27 31 24 34 28 35 16 39 49 27 13 27 45 9 3 17 22 44 12 34 29 3 4 41 47 11 31 33 30 33 20 16 17 22 11 14 41 30 41 2 13 19 19 24 26 13 39 45 41 0 31 29 27 27 40 39 14 36 23 26 17 44 19 37 16 16 46 43 20 8 16 30 32 45 19 18 35 19 23 39 20 47 38 18 42 23 29 3 46 18 27 35 39 27 1
25 39 49 18 25 34 48 37 46 12 20 34 39 21 12 5 37 8 19 30 41 36 16 22 34 24 24 6 34 17 17 33 16 42 39 33 28 30 35 38 36 10 9 14 32 39 29 27 28 21 46 25 21 18 12 24 34 5 8 23 35 6 22 13 47 45 18 46 36 39 28 15 27 17 23 41 35 30 29 39 23 38 20 42 46 12 28 40 37 45 21 22 42 39 19 31 18 23 44 47 38 18 28 48 24 31 0 36 43 4 43 23 17 15 15 13 14 48 15 13 36 15 44 27 14 24 20 42 16 40 18 13 42 14 47 38 20 27 26 19 25 31 29 34 27 23 37 19 38 46 32
11 14 26 30 35 12 13 17 10 34 17 24 21 23 26 31 18 28 30 6 10 15 25 14 29 31 39 34 9 33 26 7 28 29 18 3 27 6 2 19 23 26 27 34 12 5 26 10 22 15 14 30 15 20 33 16 2 33 35 15 1 37 17 34 21 10 27 11 18 29 30 23 10 37 36 6 2 26 25 14 36 24 16 6 10 28 10 18 14 17 23 18 13 3 29 30 31 40 22 19 5 32 14 17 24 29 36 0 8 32 12 20 32 28 21 23 27 16 22 31 15 31 18 22 34 23 36 6 22 18 19 29 7 23 22 12 38 29 15 18 23 6 7 29 27 15 3 21 12 11 28
18 19 20 34 42 19 12 23 3 38 24 21 16 31 33 38 14 35 34 13 4 11 29 21 26 32 42 40 16 37 33 15 35 24 13 10 35 13 8 24 19 33 34 38 20 9 25 16 23 22 16 31 22 27 37 20 9 40 41 22 9 44 21 41 25 2 31 3 24 24 30 29 16 44 37 9 10 25 24 19 43 19 23 7 3 35 15 13 10 10 27 22 17 6 36 28 35 44 17 11 5 36 22 19 31 27 43 8 0 39 15 27 36 35 28 30 32 18 28 38 11 36 23 30 39 26 40 3 29 23 25 34 10 29 15 17 42 37 23 24 31 12 14 26 35 20 6 28 17 3 26
21 37 45 15 26 32 44 35 42 11 19 30 35 19 10 4 32 5 16 26 37 32 12 18 30 21 23 5 32 16 16 30 15 38 34 29 27 26 31 37 32 9 7 13 31 35 25 23 24 17 44 22 20 17 11 20 30 5 7 22 31 8 18 14 46 41 14 42 35 35 25 11 23 18 22 37 31 26 25 38 24 34 19 38 42 11 24 35 33 41 17 18 41 35 20 28 16 22 40 43 34 17 27 47 22 27 4 32 39 0 41 22 16 14 11 10 10 46 11 14 32 13 43 25 13 20 19 38 15 39 14 10 38 10 43 37 19 27 25 15 23 27 25 30 26 19 33 17 37 42 28
21 8 35 41 38 12 6 12 13 45 24 35 31 29 33 38 28 37 41 16 19 25 35 24 39 42 50 44 10 44 33 11 35 39 28 13 29 16 14 13 33 33 35 44 13 7 37 20 33 24 3 41 22 27 43 27 13 40 45 21 12 44 27 41 10 17 37 18 13 39 41 33 20 44 47 6 11 37 36 7 41 34 23 8 14 35 21 28 24 25 34 29 2 10 35 42 41 50 32 26 15 42 17 6 28 40 43 12 15 41 0 24 42 35 30 32 37 5 32 38 25 41 8 25 44 34 46 12 29 9 29 39 5 33 30 6 48 32 19 28 27 17 16 39 30 25 13 28 6 18 39
14 17 44 33 15 12 29 13 29 31 6 36 35 5 12 19 32 17 34 16 29 30 26 15 40 38 42 26 14 35 9 13 11 42 33 17 8 17 19 15 35 13 15 32 11 20 36 17 32 14 27 38 8 5 31 24 18 20 28 5 19 22 23 17 25 29 30 30 14 41 40 24 17 20 41 22 18 36 35 18 17 37 8 23 30 13 19 34 30 35 29 25 23 22 11 41 34 41 39 37 23 35 7 29 4 39 23 20 27 22 24 0 34 11 17 14 27 29 21 14 30 31 22 4 33 31 38 25 7 18 20 28 23 22 40 18 38 10 5 21 4 19 13 40 8 21 21 5 18 30 39
24 42 37 2 41 38 44 42 39 5 28 20 27 33 24 19 26 18 3 27 33 26 8 21 17 7 8 11 37 1 31 34 30 27 28 29 41 26 30 44 23 22 20 3 37 35 14 22 15 21 44 8 27 29 5 16 30 21 10 29 31 23 15 29 50 37 5 37 43 23 11 10 22 34 7 37 31 15 15 42 39 25 26 37 39 26 22 29 27 35 9 14 43 34 35 14 1 8 33 37 31 1 35 47 36 14 17 32 36 16 42 34 0 29 17 20 7 46 13 29 26 3 47 38 6 11 4 36 27 45 15 6 38 12 37 41 6 42 33 15 37 26 29 17 41 17 31 30 41 37 15
19 28 48 28 12 23 40 24 38 25 11 37 39 6 5 10 36 11 29 23 35 34 21 16 38 33 37 19 25 30 2 24 1 45 37 25 13 23 27 26 38 7 9 27 22 31 33 21 30 15 38 33 13 8 25 24 26 10 21 14 27 11 22 6 36 37 25 38 25 41 36 19 21 9 36 33 27 34 33 29 11 40 12 34 38 3 23 38 34 41 25 23 34 31 6 38 29 36 43 43 31 30 18 40 9 36 15 28 35 14 35 11 29 0 13 10 22 40 17 3 34 26 33 12 27 28 33 34 6 29 17 23 34 17 45 29 33 13 16 18 10 25 21 38 12 21 29 7 29 38 36
10 27 36 16 24 22 33 26 31 16 11 23 26 16 8 10 23 7 17 15 26 22 9 7 25 21 25 13 22 18 14 19 14 31 25 18 24 15 20 28 24 6 6 16 22 24 20 12 17 6 33 21 10 12 15 10 19 12 15 13 20 16 8 16 35 30 13 31 27 28 23 7 12 21 24 26 20 21 20 27 24 26 10 27 31 10 13 26 22 30 12 10 30 24 18 25 17 25 31 32 23 18 19 36 19 23 15 21 28 11 30 17 17 13 0 3 10 35 4 14 22 14 32 21 17 15 21 27 10 30 4 12 27 5 33 26 22 25 17 5 20 16 14 25 24 8 22 13 26 31 23
12 27 39 19 21 22 35 25 33 17 10 26 29 13 5 8 26 5 20 17 28 25 12 9 28 24 28 14 22 21 11 21 11 34 28 20 21 17 22 27 27 3 4 18 21 26 23 14 20 8 35 24 10 9 17 13 21 10 16 12 22 14 11 13 36 32 16 33 26 31 26 10 14 18 27 28 22 24 23 28 21 29 9 29 33 7 15 29 25 33 15 13 31 26 15 28 20 27 34 35 25 21 18 37 16 26 13 23 30 10 32 14 20 10 3 0 13 37 7 11 25 17 33 18 19 18 24 29 7 30 7 14 29 8 36 27 24 22 16 8 17 18 16 28 21 11 24 10 27 33 26
18 36 36 6 34 32 40 36 35 6 21 20 26 26 17 13 25 11 7 22 30 25 3 15 20 12 15 8 31 8 24 28 23 28 27 25 34 22 26 38 22 15 13 6 32 31 15 17 14 15 39 12 20 22 5 13 25 15 9 23 26 18 11 23 44 34 4 35 37 25 15 4 17 28 14 32 26 16 15 36 32 24 20 32 35 19 18 28 26 34 7 11 38 29 28 18 7 14 32 36 28 8 29 42 29 17 14 27 32 10 37 27 7 22 10 13 0 41 6 22 25 4 41 31 7 10 11 32 20 39 9 2 33 5 36 35 12 35 27 9 30 21 23 20 34 13 27 23 35 35 18
25 12 38 46 43 17 7 16 16 49 29 39 34 34 38 43 31 42 46 20 22 29 40 28 43 47 55 48 15 49 38 16 40 42 31 17 33 20 18 16 36 38 40 48 18 11 42 24 38 29 2 46 27 32 47 31 17 45 49 26 16 49 31 46 8 20 41 21 16 42 46 37 24 49 51 10 15 41 40 11 46 37 28 11 17 40 25 31 27 28 38 33 6 14 40 45 45 54 35 29 19 46 22 1 33 44 48 16 18 46 5 29 46 40 35 37 41 0 36 43 28 45 8 30 48 38 50 15 34 12 33 43 9 37 33 11 52 36 24 32 32 21 21 43 34 29 17 33 11 21 43
12 30 34 12 28 26 34 29 31 13 15 20 24 20 12 11 22 8 13 16 26 21 5 9 21 17 21 12 25 14 18 22 18 28 24 19 28 16 20 31 22 10 9 13 25 25 16 12 14 9 34 17 14 16 12 9 20 13 13 16 21 17 7 20 38 30 9 31 30 25 19 3 12 25 20 27 21 17 16 30 28 24 13 27 31 14 13 25 22 30 8 8 33 24 22 21 13 21 30 32 23 14 22 37 23 19 15 22 28 11 32 21 13 17 4 7 6 36 0 18 21 10 35 25 13 11 17 27 14 33 3 8 28 1 33 29 18 29 20 4 24 16 17 21 28 8 22 17 29 31 19
21 31 51 28 12 26 43 27 41 25 14 38 40 9 6 10 38 11 29 26 38 36 22 18 39 33 37 19 28 30 5 27 3 46 39 28 15 26 30 29 39 8 9 27 25 34 34 23 31 17 41 33 16 11 25 25 29 9 21 17 30 9 23 3 39 40 25 41 28 42 36 20 23 7 36 36 30 35 34 32 10 41 15 37 41 4 25 40 36 43 26 24 37 34 6 39 29 36 45 45 34 30 21 43 12 37 13 31 38 14 38 14 29 3 14 11 22 43 18 0 36 26 36 15 27 29 33 37 9 32 18 23 37 18 47 32 33 14 19 19 13 27 24 39 14 22 32 10 32 41 37
16 29 14 24 43 27 23 32 14 31 25 10 6 32 30 32 3 29 23 15 7 0 22 18 15 21 31 33 24 27 33 22 34 14 3 15 38 14 13 34 8 29 29 29 27 19 14 13 12 19 26 20 23 28 30 12 14 34 34 25 15 38 14 38 35 11 22 11 33 14 19 22 13 43 26 19 17 14 13 29 44 9 23 17 14 32 11 4 1 9 18 14 27 15 37 17 25 33 9 11 10 25 28 29 33 16 36 15 11 32 25 30 26 34 22 25 25 28 21 36 0 27 33 34 32 15 29 14 28 33 18 27 20 22 12 27 32 39 28 17 34 12 18 15 38 14 12 29 27 11 15
22 40 38 3 38 36 44 40 39 4 25 21 28 30 21 16 27 15 4 26 33 27 7 19 19 9 11 9 35 4 28 32 27 28 29 29 38 26 30 42 24 19 17 2 36 35 15 21 16 19 43 10 24 26 3 16 29 18 8 27 30 21 15 26 48 37 5 38 41 25 13 8 21 31 10 36 30 16 16 40 36 26 24 36 39 23 22 30 28 36 9 14 42 33 32 16 3 10 34 38 31 4 33 46 33 16 15 31 36 13 41 31 3 26 14 17 4 45 10 26 27 0 45 35 5 12 7 36 24 43 13 3 37 9 38 39 8 39 30 13 34 25 27 19 38 17 31 27 39 38 17
23 6 43 45 36 11 13 9 21 47 24 42 39 27 33 39 36 38 46 21 27 33 39 26 46 47 54 46 11 48 31 13 33 47 36 19 26 22 20 8 41 34 36 47 12 14 43 25 40 26 8 47 23 26 47 32 19 41 47 21 18 43 32 39 3 25 42 26 9 47 48 37 25 42 52 14 17 43 42 5 39 42 24 16 22 34 27 36 32 33 39 34 6 18 33 48 46 55 40 34 23 47 16 8 26 46 44 18 23 43 8 22 47 33 32 33 41 8 35 36 33 45 0 23 48 39 51 20 28 4 32 43 13 36 38 7 53 29 18 32 25 23 18 46 27 30 21 27 7 26 46
18 18 48 37 13 13 30 14 31 35 10 40 39 6 15 22 36 21 38 20 32 34 30 19 44 42 46 30 15 39 10 15 12 46 37 21 4 21 23 15 39 17 19 36 12 22 40 21 36 18 28 42 12 9 35 28 22 22 32 9 22 23 27 17 26 33 34 34 14 45 44 28 21 19 45 24 20 40 39 19 16 41 12 25 32 15 23 38 34 39 33 29 24 24 10 45 38 45 43 41 27 39 8 30 3 43 27 22 30 25 25 4 38 12 21 18 31 30 25 15 34 35 23 0 37 35 42 27 11 19 24 32 24 26 44 19 42 7 7 25 2 23 17 44 5 25 25 8 19 33 43
26 44 43 8 39 40 48 44 43 2 28 26 33 31 22 17 32 16 9 30 37 32 10 23 23 13 10 8 39 5 29 36 28 33 34 32 39 29 33 46 29 20 18 3 39 38 20 25 21 23 47 14 27 28 2 20 33 18 6 30 34 20 18 27 52 41 10 42 44 29 17 11 24 31 11 39 33 21 21 43 37 31 27 39 42 24 25 35 33 41 14 18 45 36 33 20 7 9 39 43 35 7 36 49 34 20 14 34 39 13 44 33 6 27 17 19 7 48 13 27 32 5 48 37 0 17 7 39 26 46 16 5 40 12 43 42 6 40 33 16 35 28 30 23 39 20 34 29 42 42 21
17 34 26 9 39 31 35 36 29 16 25 10 16 30 23 21 15 19 8 19 22 15 8 16 10 8 17 18 29 12 29 26 29 18 17 21 38 18 21 38 12 21 20 14 31 27 5 14 4 17 36 7 23 26 15 7 21 23 19 26 22 27 8 31 42 26 7 26 37 15 9 9 14 36 13 29 23 6 5 34 39 14 23 28 29 25 13 18 16 24 3 6 35 25 33 10 10 18 22 26 22 10 31 39 33 8 24 23 26 20 34 31 11 28 15 18 10 38 11 29 15 12 39 35 17 0 14 27 24 37 11 12 30 11 26 33 17 39 30 10 34 17 21 10 38 10 22 27 33 26 8
28 46 39 6 45 42 48 46 43 8 32 22 29 37 28 23 29 22 6 31 36 29 12 25 19 9 4 14 41 3 35 38 34 29 30 33 45 30 34 48 25 26 24 6 41 39 16 26 18 25 48 10 31 33 8 20 34 24 13 33 35 26 19 33 54 40 9 40 47 25 13 14 26 37 5 41 35 17 17 46 43 27 30 41 43 30 26 31 30 37 13 18 47 38 39 16 5 4 35 39 35 4 39 51 40 16 20 36 40 19 46 38 4 33 21 24 11 50 17 33 29 7 51 42 7 14 0 40 31 49 19 10 42 16 39 45 4 46 37 19 41 30 33 19 45 21 35 34 45 40 17
17 16 23 34 40 16 10 20 4 38 23 24 19 28 32 37 17 34 34 12 7 14 29 20 29 34 43 39 13 37 32 12 34 27 16 9 32 12 7 21 22 32 33 38 17 6 28 15 24 21 13 33 21 26 37 20 8 39 40 20 7 43 21 40 22 5 31 6 21 27 32 28 15 43 39 6 7 27 27 16 41 22 22 4 4 34 14 16 13 13 27 22 14 3 34 31 35 44 20 14 5 36 19 16 29 30 42 6 3 38 12 25 36 34 27 29 32 15 27 37 14 36 20 27 39 27 40 0 28 20 24 34 7 28 18 14 42 34 20 23 28 11 13 29 32 19 5 27 14 6 29
13 22 42 26 15 17 34 20 32 24 5 32 33 6 5 11 30 10 27 17 29 28 19 10 34 31 35 19 19 28 5 18 6 39 31 19 14 17 21 22 32 6 8 25 16 25 29 15 26 9 32 31 7 2 24 19 20 13 21 8 21 15 17 12 31 31 23 32 20 37 33 17 15 15 34 27 21 30 29 23 16 34 6 28 32 6 17 32 28 35 22 19 28 25 9 34 27 34 37 37 25 28 12 34 9 32 16 22 29 15 29 7 27 6 10 7 20 34 14 9 28 24 28 11 26 24 31 28 0 24 13 21 28 15 39 23 31 15 10 14 10 19 15 34 14 16 23 3 23 32 32
22 4 43 44 32 8 15 5 21 46 21 42 39 23 30 36 36 35 45 19 27 33 38 25 46 46 53 44 9 47 27 11 29 47 36 18 22 20 20 4 41 31 33 45 9 14 42 23 38 24 11 45 20 22 45 30 19 37 45 18 18 39 30 35 7 25 40 26 5 47 46 35 23 38 50 14 16 42 41 4 35 42 21 16 22 30 25 36 32 33 37 32 7 18 29 47 44 53 40 34 23 45 12 11 22 45 40 18 23 39 9 18 45 29 30 30 39 12 33 32 33 43 4 19 46 37 49 20 24 0 30 41 13 34 38 6 51 25 14 30 21 22 16 46 23 28 21 23 6 26 45
9 27 32 13 28 23 31 27 28 15 14 19 22 19 12 13 20 10 14 13 23 19 7 6 21 18 22 15 22 16 18 19 18 27 22 16 27 13 17 29 20 10 10 15 22 22 16 9 13 6 31 18 12 15 14 6 17 15 16 15 18 19 4 20 35 27 10 28 28 24 20 5 9 25 21 24 18 17 16 27 28 22 12 24 28 14 10 22 19 27 9 6 30 21 22 21 14 23 27 29 20 15 20 34 22 19 18 19 25 14 29 20 15 17 4 7 9 33 3 18 18 13 32 24 16 11 19 24 13 30 0 11 25 4 30 26 21 28 19 1 23 13 14 21 27 5 19 16 26 28 19
20 38 38 5 35 34 42 38 37 4 23 22 28 27 18 13 27 12 6 24 32 27 5 17 21 11 14 7 33 7 25 30 24 29 29 27 35 24 28 40 24 16 14 4 34 33 16 19 16 17 41 12 22 23 3 15 27 15 7 25 28 18 13 23 46 36 5 37 39 26 15 6 19 28 13 34 28 17 17 38 33 26 22 34 37 20 20 30 28 36 9 13 40 31 29 18 6 13 34 38 30 7 31 44 30 18 13 29 34 10 39 28 6 23 12 14 2 43 8 23 27 3 43 32 5 12 10 34 21 41 11 0 35 7 38 37 10 36 28 11 31 23 25 21 35 15 29 24 37 37 19
17 10 30 37 38 12 6 15 8 41 23 30 26 28 32 37 23 34 37 12 14 20 31 20 34 38 46 40 9 40 32 10 34 34 23 9 29 12 9 15 28 32 33 40 13 3 32 16 28 21 7 37 21 26 39 23 9 39 41 20 8 43 23 40 15 12 33 13 15 34 36 29 16 43 43 1 7 32 31 10 40 29 22 3 9 34 17 23 19 20 30 25 7 5 34 37 37 46 27 21 10 38 16 10 27 35 42 7 10 38 5 23 38 34 27 29 33 9 28 37 20 37 13 24 40 30 42 7 28 13 25 35 0 29 25 8 44 31 18 24 26 13 13 34 29 21 8 27 8 13 34
13 31 35 11 29 27 35 30 32 11 16 20 25 21 12 11 22 8 12 17 27 22 4 10 21 16 20 11 26 13 19 23 18 28 24 20 29 17 21 32 22 10 9 11 26 26 16 13 14 10 35 16 15 17 10 10 21 13 12 17 22 17 8 20 39 31 8 32 31 25 19 2 13 25 19 28 22 17 16 31 28 24 14 28 32 14 14 25 23 31 8 8 34 25 23 21 12 19 30 33 24 13 23 38 24 19 14 23 29 10 33 22 12 17 5 8 5 37 1 18 22 9 36 26 12 11 16 28 15 34 4 7 29 0 33 30 17 30 21 5 25 17 18 21 29 9 23 18 30 32 19
27 34 5 35 54 34 26 38 17 42 36 17 10 43 41 43 11 40 34 25 12 12 33 29 20 30 40 44 31 38 44 29 45 13 9 23 48 24 21 39 14 40 40 40 34 24 23 24 22 30 31 29 34 39 41 24 22 45 45 35 22 49 26 49 40 13 33 12 39 16 26 33 24 54 35 24 24 22 22 34 55 12 34 22 16 43 22 8 11 5 29 25 32 21 48 23 36 42 4 4 17 36 36 34 44 23 47 22 15 43 30 40 37 45 33 36 36 33 33 47 12 38 38 44 43 26 39 18 39 38 30 38 25 33 0 32 43 50 37 29 44 22 27 20 48 25 19 40 32 12 22
17 2 37 39 32 6 12 7 16 41 18 36 33 23 27 33 30 32 40 14 21 27 33 20 40 41 48 40 5 42 27 7 29 41 30 12 23 15 14 7 35 28 30 41 7 8 37 19 33 20 9 40 17 21 41 26 13 35 41 15 12 38 26 35 10 19 36 20 7 41 41 31 19 38 46 8 10 36 35 2 35 36 18 10 17 29 20 30 26 27 33 28 5 12 29 41 40 49 34 28 17 41 11 11 22 39 38 12 17 37 6 18 41 29 26 27 35 11 29 32 27 39 7 19 42 33 45 14 23 6 26 37 8 30 32 0 47 26 13 26 21 16 12 40 24 24 15 22 0 20 39
30 48 43 8 45 44 51 48 45 8 33 26 33 37 28 23 32 22 9 34 39 32 14 27 23 13 5 14 43 5 35 40 34 33 34 36 45 33 37 50 29 26 24 6 43 42 20 29 21 27 51 14 32 33 8 22 36 24 12 35 37 26 21 33 56 43 11 43 49 29 17 16 28 37 8 43 37 21 21 48 43 31 32 43 45 30 28 35 33 41 15 20 49 40 39 20 7 3 39 43 37 7 41 53 40 20 20 38 42 19 48 38 6 33 22 24 12 52 18 33 32 8 53 42 6 17 4 42 31 51 21 10 44 17 43 47 0 46 38 21 41 32 35 23 45 23 37 34 47 43 21
23 24 53 41 7 20 37 20 38 38 14 45 44 9 18 23 41 24 42 26 39 39 34 23 48 46 50 32 22 43 11 22 12 51 42 27 3 26 29 21 44 20 22 40 19 29 44 26 40 22 34 46 16 13 38 32 28 23 34 15 29 23 31 16 32 39 38 40 20 50 48 32 26 15 49 31 27 44 43 25 10 46 16 32 39 16 28 43 39 45 37 33 30 31 8 49 42 49 48 47 33 43 15 36 6 47 27 29 37 27 32 10 42 13 25 22 35 36 29 14 39 39 29 7 40 39 46 34 15 25 28 36 31 30 50 26 46 0 14 29 6 28 23 48 2 29 31 12 26 40 47
13 12 41 32 19 7 24 9 24 33 7 35 34 10 15 22 30 20 33 13 25 28 25 14 39 37 41 29 9 34 14 8 16 41 31 14 11 14 16 11 34 16 18 34 6 15 35 16 31 13 22 37 7 8 32 23 15 23 31 4 15 25 22 22 21 26 29 27 10 40 39 24 16 25 40 17 13 35 34 13 22 36 7 18 25 16 18 31 27 32 28 24 18 17 16 40 33 41 36 34 20 34 2 24 9 38 26 15 23 25 19 5 33 16 17 16 27 24 20 19 28 30 18 7 33 30 37 20 10 14 19 28 18 21 37 13 38 14 0 20 8 16 10 39 12 20 18 9 13 26 38
9 27 30 13 29 23 30 28 27 15 15 18 20 20 13 14 18 11 14 13 22 17 7 6 20 17 22 16 22 16 19 19 19 26 20 15 28 12 16 30 19 11 11 15 23 21 15 8 12 7 30 17 13 16 14 5 16 16 17 16 17 20 3 21 35 26 10 27 29 23 19 5 8 26 21 23 17 16 15 27 29 21 13 23 27 15 9 21 18 26 8 5 29 20 23 20 14 23 26 28 19 15 21 33 23 18 19 18 24 15 28 21 15 18 5 8 9 32 4 19 17 13 32 25 16 10 19 23 14 30 1 11 24 5 29 26 21 29 20 0 24 12 14 20 28 4 18 17 26 27 18
18 20 48 36 11 15 32 16 32 33 9 40 39 4 13 20 36 19 37 20 33 34 29 18 43 41 45 28 17 38 8 16 10 46 37 21 4 21 23 17 39 15 17 35 14 23 39 21 35 17 30 41 11 8 33 27 22 20 30 9 23 21 26 15 28 33 33 34 16 45 43 27 21 17 44 25 21 39 38 21 14 41 11 26 33 13 23 38 34 39 32 28 26 25 8 44 37 44 43 41 27 38 10 32 1 42 25 23 31 23 27 4 37 10 20 17 30 32 24 13 34 34 25 2 35 34 41 28 10 21 23 31 26 25 44 21 41 6 8 24 0 23 17 43 4 24 25 7 21 34 42
6 18 25 24 32 16 18 21 15 28 14 20 17 21 21 26 14 23 24 3 11 12 19 9 24 25 33 28 13 27 23 11 25 25 15 4 27 2 4 23 19 21 22 28 16 10 20 4 17 10 19 24 12 17 27 10 4 28 29 14 5 32 11 29 26 14 21 15 22 25 25 17 4 34 30 12 6 20 19 18 33 20 13 11 15 23 4 15 11 17 17 12 18 8 26 25 25 34 20 19 7 26 16 22 22 23 31 6 12 27 17 19 26 25 16 18 21 21 16 27 12 25 23 23 28 17 30 11 19 22 13 23 13 17 22 16 32 28 16 12 23 0 6 24 27 9 6 18 16 15 23
5 12 31 27 28 10 19 15 17 29 10 26 23 16 19 24 20 21 28 3 15 18 21 8 30 29 36 27 7 30 19 5 21 31 21 4 21 4 6 17 25 19 20 29 10 10 26 7 22 8 19 28 8 13 28 14 5 26 29 8 6 30 14 27 21 16 24 17 16 31 30 19 7 30 34 12 6 26 25 13 29 26 9 13 17 21 9 21 17 22 21 16 16 10 22 31 28 37 26 24 10 29 10 22 17 29 29 7 14 25 16 13 29 21 14 16 23 21 17 24 18 27 18 17 30 21 33 13 15 16 14 25 13 18 27 12 35 23 10 14 17 6 0 30 21 12 8 14 12 17 29
26 42 20 16 49 40 38 45 29 22 34 5 11 39 33 31 12 29 15 27 22 15 18 25 0 10 20 28 37 18 39 35 39 10 14 28 47 26 27 47 7 31 30 20 40 33 5 23 8 26 41 9 32 35 22 16 27 33 27 35 28 37 17 41 49 26 16 26 46 6 6 19 23 46 15 34 30 4 5 42 49 8 32 32 29 35 21 14 16 20 13 15 41 29 43 3 16 22 16 22 25 16 40 44 42 3 34 29 26 30 39 40 17 38 25 28 20 43 21 39 15 19 46 44 23 10 19 29 34 46 21 21 34 21 20 40 23 48 39 20 43 24 30 0 47 19 26 36 40 26 2
22 22 52 40 9 18 35 18 36 37 13 44 43 8 17 22 40 23 41 24 37 38 33 22 47 45 49 31 20 42 10 20 12 50 41 25 1 25 27 19 43 19 21 39 17 27 43 25 39 21 32 45 15 12 37 31 26 22 33 13 27 23 30 16 30 37 37 38 18 49 47 31 25 17 48 29 25 43 42 23 12 45 15 30 37 15 27 42 38 43 36 32 28 29 8 48 41 48 47 45 31 42 13 34 5 46 27 27 35 26 30 8 41 12 24 21 34 34 28 14 38 38 27 5 39 38 45 32 14 23 27 35 29 29 48 24 45 2 12 28 4 27 21 47 0 28 29 11 24 38 46
7 24 28 15 31 22 27 26 23 19 15 16 18 21 16 18 15 15 16 10 18 14 10 6 19 17 24 20 19 18 21 17 22 24 17 12 28 9 13 28 17 14 14 19 21 18 15 5 11 7 27 17 13 17 18 3 13 20 21 16 14 24 2 24 33 22 12 23 27 21 19 9 5 29 22 20 14 15 14 25 32 19 13 20 23 18 5 18 14 22 9 4 26 17 25 20 16 25 23 24 15 17 21 30 23 18 23 15 20 19 25 21 17 21 8 11 13 29 8 22 14 17 30 25 20 10 21 19 16 28 5 15 21 9 25 24 23 29 20 4 24 9 12 19 28 0 14 18 24 23 18
12 17 23 29 36 15 13 20 9 33 18 22 18 25 27 32 15 29 29 7 7 12 24 15 26 30 38 34 12 32 27 10 29 26 15 4 29 7 2 22 20 27 28 33 15 7 24 10 20 16 15 29 16 21 32 15 3 34 35 16 3 38 16 35 23 8 26 9 21 26 28 23 10 38 35 7 5 24 23 17 37 21 17 6 9 29 9 15 11 14 22 17 15 3 30 28 30 39 19 16 2 31 17 18 25 27 37 3 6 33 13 21 31 29 22 24 27 17 22 32 12 31 21 25 34 22 35 5 23 21 19 29 8 23 19 15 37 31 18 18 25 6 8 26 29 14 0 22 15 9 26
13 21 43 29 14 16 33 18 31 27 4 34 34 3 7 14 31 13 30 16 29 29 22 12 36 34 38 22 18 31 5 17 7 41 32 18 11 16 20 20 34 9 11 28 15 24 32 16 28 11 31 34 6 1 27 21 19 15 24 7 20 17 19 13 30 30 26 31 19 39 36 20 16 16 37 26 20 32 31 22 15 36 6 27 31 8 18 33 29 35 25 21 27 24 8 37 30 37 38 37 24 31 11 33 6 35 19 21 28 17 28 5 30 7 13 10 23 33 17 10 29 27 27 8 29 27 34 27 3 23 16 24 27 18 40 22 34 12 9 17 7 18 14 36 11 18 22 0 22 31 35
17 2 37 39 32 6 12 7 16 41 18 36 33 23 27 33 30 32 40 14 21 27 33 20 40 41 48 39 5 42 27 7 29 41 30 12 23 15 14 7 35 28 30 41 7 8 37 19 33 20 9 40 17 21 40 26 13 35 41 15 12 38 26 35 10 19 36 20 7 41 41 31 19 38 46 8 10 36 35 2 35 36 18 10 17 29 20 30 26 27 33 28 5 12 29 41 40 49 34 28 17 41 11 11 22 39 38 12 17 37 6 18 41 29 26 27 35 11 29 32 27 39 7 19 42 33 45 14 23 6 26 37 8 30 32 0 47 26 13 26 21 16 12 40 24 24 15 22 0 20 39
21 22 17 35 46 23 14 27 5 41 28 21 15 35 36 41 14 38 34 16 5 11 32 24 26 32 42 43 20 38 37 19 39 22 12 14 39 16 11 27 19 36 37 40 24 12 25 19 23 25 19 31 25 30 40 22 12 43 44 25 12 47 24 44 28 1 33 0 27 23 30 32 19 47 37 12 13 25 24 22 46 18 26 10 4 38 18 12 10 7 29 24 20 9 39 28 36 44 14 8 8 36 25 22 34 27 46 11 3 42 18 30 37 38 31 33 35 21 31 41 11 38 26 33 42 26 40 6 32 26 28 37 13 32 12 20 43 40 26 27 34 15 17 26 38 23 9 31 20 0 26
25 41 22 14 47 39 39 44 30 20 33 5 12 38 31 29 13 27 13 26 22 15 16 24 2 8 18 26 36 16 37 34 37 12 15 27 46 25 26 46 8 29 28 18 39 33 3 22 7 25 41 7 31 34 20 15 27 31 25 34 28 35 16 39 49 26 14 26 45 8 4 17 22 44 13 33 29 3 4 41 47 10 31 32 29 33 20 15 16 21 11 14 41 29 41 2 14 20 18 23 25 14 39 44 41 1 32 28 26 28 39 39 15 36 23 26 18 43 19 37 15 17 46 43 21 8 17 29 32 45 19 19 34 19 22 39 21 47 38 18 42 23 29 2 46 18 26 35 39 26 0
0         1042     
340       486      
824       964      
155       296      
628       740      
267       434      
307       446      
367       499      
0         122      
178       328      
35        170      
132       243      
432       572      
259       377      
58        185      
520       676      
398       565      
544       683      
497       626      
0         92       
397       546      
427       536      
471       610      
557       696      
112       272      
124       256      
159       297      
186       324      
279       426      
154       311      
235       382      
302       417      
527       667      
450       587      
698       837      
0         80       
614       751      
10        137      
0         89       
360       504      
437       564      
52        201      
531       698      
174       314      
274       441      
0         94       
121       226      
0         81       
97        231      
12        184      
305       461      
441       614      
46        190      
49        165      
160       303      
77        229      
0         131      
208       346      
176       338      
262       397      
0         103      
194       349      
584       714      
228       348      
356       506      
0         129      
476       637      
0         112      
673       825      
431       571      
116       282      
82        218      
13        165      
230       358      
155       258      
394       505      
0         93       
108       275      
89        237      
315       430      
623       765      
403       578      
567       731      
0         90       
0         111      
42        201      
0         68       
387       552      
403       523      
711       869      
98        213      
83        229      
288       429      
0         105      
614       726      
130       263      
176       316      
157       305      
706       876      
710       861      
5         139      
174       317      
254       391      
343       462      
231       390      
483       609      
215       334      
0         95       
0         132      
524       660      
308       440      
257       397      
171       293      
222       384      
67        202      
43        181      
499       611      
331       448      
84        225      
237       366      
390       534      
168       304      
347       495      
241       385      
183       314      
78        218      
152       302      
0         115      
23        166      
337       490      
82        211      
761       894      
0         107      
80        193      
724       854      
289       430      
503       648      
630       738      
275       382      
72        203      
621       752      
0         62       
20        158      
439       606      
853       1019     
101       204      
669       843      
249       388      
295       452      
0         134      
767       922      
