151
0 14 46 19 19 30 42 42 37 15 48 37 44 36 45 34 48 40 35 48 27 20 5 37 35 28 48 20 21 24 22 28 24 18 46 22 10 19 19 31 6 22 27 15 49 15 13 11 18 30 14 32 42 12 45 47 39 47 40 30 47 46 30 10 28 12 49 17 31 29 34 26 28 32 35 22 45 46 20 48 16 40 25 33 28 17 10 13 48 47 17 21 3 29 28 5 44 38 44 4 43 29 40 30 15 21 23 34 32 30 36 29 38 39 19 32 44 43 24 17 54 27 17 31 22 20 32 31 23 35 19 41 8 23 15 37 40 29 16 28 30 22 31 27 43 41 13 22 20 14 7
14 0 36 9 12 28 32 28 23 1 34 28 29 26 41 21 43 30 29 37 25 10 12 34 31 25 35 12 6 20 20 29 13 26 41 11 6 5 8 21 17 12 17 20 38 26 24 14 20 16 11 22 31 23 31 34 25 37 26 19 42 42 25 10 21 13 36 28 21 14 23 17 28 17 20 14 31 36 9 38 6 26 28 21 21 8 21 11 35 33 3 14 13 14 16 14 36 34 34 13 39 18 31 18 23 7 26 24 22 19 26 15 35 30 5 20 40 39 16 4 40 19 9 17 12 23 18 21 13 23 5 27 7 12 18 22 30 21 5 18 18 8 17 23 35 26 21 17 12 15 16
46 36 0 27 27 26 4 16 16 36 20 11 22 10 21 17 20 6 17 8 25 42 41 24 20 24 20 45 30 24 26 30 23 39 21 40 42 31 41 51 44 24 19 35 9 47 44 35 31 35 47 14 9 48 21 13 22 3 22 17 21 25 20 46 19 34 13 50 15 28 13 20 28 27 23 47 22 6 27 8 30 16 32 16 19 42 45 47 15 20 35 25 43 24 20 41 14 20 2 47 21 44 11 38 38 31 33 12 14 39 10 29 24 11 33 37 22 23 22 37 25 20 29 21 24 33 32 15 23 14 33 17 38 39 32 24 7 19 39 18 18 28 24 22 16 22 37 25 26 32 41
19 9 27 0 5 20 23 23 18 10 29 19 26 17 31 16 33 21 20 29 17 19 15 25 21 17 30 21 9 12 13 22 6 21 32 19 15 8 17 30 19 3 8 15 30 26 23 11 15 21 20 13 23 25 27 28 23 28 24 11 33 32 16 19 11 9 30 28 12 17 15 8 20 19 20 23 28 27 4 29 3 21 22 15 11 17 21 20 30 28 10 5 16 14 11 15 27 24 25 20 29 26 22 23 19 10 21 16 13 24 17 18 26 21 10 25 30 29 7 12 35 10 2 15 3 18 22 12 4 17 10 22 11 19 13 22 21 12 14 10 13 10 17 14 26 25 17 10 3 10 16
19 12 27 5 0 15 23 26 22 13 33 18 30 17 28 20 30 22 17 30 12 22 14 22 18 12 33 24 14 7 8 17 10 16 29 23 17 13 20 33 16 4 9 10 31 22 19 8 10 26 23 13 25 22 31 30 27 28 28 13 30 29 13 21 9 7 32 25 14 22 17 7 15 24 24 26 32 27 9 30 7 25 17 18 9 20 18 22 32 32 14 2 16 19 14 14 25 21 25 20 26 30 21 28 14 15 16 18 13 29 18 23 22 20 14 30 27 26 5 16 39 8 3 19 7 13 27 13 6 19 14 26 11 23 8 26 22 10 17 13 16 15 22 10 24 28 13 5 2 7 14
30 28 26 20 15 0 26 35 33 28 42 15 41 22 17 31 20 27 9 33 3 37 25 7 7 3 42 39 29 7 8 4 24 17 18 38 32 28 35 48 25 18 20 15 34 26 24 19 11 41 38 18 31 28 41 36 39 29 40 25 19 16 6 35 11 18 37 29 23 36 27 15 2 38 38 41 42 22 23 34 22 35 7 30 11 35 25 37 38 42 29 14 27 33 28 24 16 10 24 32 15 45 15 43 18 30 9 27 19 44 24 37 8 15 29 44 16 14 13 31 48 11 18 33 21 11 41 19 20 30 29 36 25 38 13 40 28 10 32 25 29 29 36 6 15 41 18 9 16 16 23
42 32 4 23 23 26 0 12 12 32 18 12 18 6 23 12 22 2 18 7 25 38 37 25 20 24 18 41 26 23 25 30 19 38 23 36 38 27 37 46 39 20 15 33 8 45 42 31 30 30 43 11 6 45 18 11 18 5 18 13 23 27 20 42 18 30 11 48 11 24 9 17 28 22 19 43 19 8 23 8 26 12 32 12 18 38 41 43 13 18 31 22 39 20 16 37 16 22 4 43 23 40 13 33 37 27 33 8 10 34 6 25 26 12 29 32 24 25 19 33 23 19 25 17 20 32 27 11 19 10 29 13 34 35 30 20 3 18 35 14 14 24 20 22 18 18 35 23 22 29 37
42 28 16 23 26 35 12 0 4 27 7 23 6 14 35 6 34 10 29 11 33 33 38 37 32 32 7 36 21 29 31 38 16 42 35 30 33 22 32 38 42 21 17 36 12 48 45 34 35 22 38 17 7 48 6 7 6 14 6 12 35 39 29 37 24 32 9 51 12 17 8 21 36 14 10 38 7 20 20 12 23 1 39 7 24 33 44 38 8 7 26 25 38 14 11 38 28 34 16 40 35 32 25 25 40 22 39 8 16 26 11 18 38 24 24 24 36 37 23 28 14 24 25 11 19 36 19 16 19 6 24 1 31 29 34 9 9 25 30 12 9 19 13 29 30 7 39 27 23 32 39
37 23 16 18 22 33 12 4 0 23 10 21 8 12 34 2 34 10 27 14 30 29 33 35 30 30 11 32 17 26 28 36 12 38 34 26 29 18 28 35 37 17 13 32 15 44 41 29 31 18 34 15 8 43 9 11 6 15 7 8 35 37 27 33 22 27 13 46 10 13 6 18 34 11 7 34 10 20 16 15 19 3 36 3 22 29 39 34 12 10 22 21 34 10 7 33 27 32 16 36 33 28 23 21 36 18 36 6 14 22 9 14 36 22 20 21 34 35 20 24 17 22 20 7 15 33 16 14 15 3 20 4 27 25 30 8 9 23 26 8 5 15 9 27 28 8 35 24 19 28 34
15 1 36 10 13 28 32 27 23 0 33 29 28 26 41 21 43 30 30 37 25 9 13 35 31 25 34 11 6 20 21 30 13 27 42 10 6 5 8 21 18 13 17 21 38 27 25 15 21 15 11 22 31 24 31 34 25 37 26 19 43 42 26 10 21 14 36 29 21 14 23 18 28 17 20 13 31 36 9 38 7 26 29 21 21 7 22 11 35 33 2 15 14 14 16 15 37 34 34 13 39 17 32 17 24 6 27 24 22 18 26 14 35 31 4 19 40 39 17 3 40 20 10 16 12 24 17 21 13 23 4 27 8 11 19 22 30 22 5 18 18 8 17 23 36 26 22 18 13 16 17
48 34 20 29 33 42 18 7 10 33 0 29 6 20 41 12 40 16 35 12 40 37 43 43 38 39 1 40 27 36 38 45 22 48 41 34 39 28 36 42 47 27 23 42 12 54 51 39 41 26 43 24 12 53 3 7 9 17 8 18 41 45 35 43 31 37 8 56 19 21 15 28 43 18 14 42 3 26 26 13 29 7 46 13 31 37 49 43 6 0 32 31 44 19 17 43 34 40 22 46 41 36 31 29 46 27 46 15 23 30 17 22 44 30 29 27 42 43 30 33 7 31 30 17 25 43 23 23 25 12 29 6 37 33 40 12 15 32 35 18 15 25 17 36 36 8 45 34 29 38 44
37 28 11 19 18 15 12 23 21 29 29 0 29 9 14 19 15 13 6 19 14 38 32 14 9 13 29 40 25 13 15 19 17 28 14 36 34 25 36 48 34 16 12 24 20 36 33 26 20 34 39 7 17 37 29 22 27 14 28 14 15 16 9 38 9 25 23 39 12 28 15 11 17 28 26 42 30 9 20 19 22 23 21 18 9 36 34 39 24 29 28 16 34 24 18 32 8 11 9 38 13 42 3 37 27 26 22 15 8 38 12 29 15 2 27 37 14 14 13 30 34 10 20 22 17 22 33 8 16 18 27 24 29 35 22 28 14 8 32 14 18 24 25 11 8 29 27 15 17 23 32
44 29 22 26 30 41 18 6 8 28 6 29 0 20 41 10 40 16 35 16 38 31 41 43 38 38 7 34 22 34 36 44 20 46 41 28 34 23 30 36 45 25 21 40 16 52 49 37 39 20 37 23 13 51 3 11 3 20 2 16 41 45 35 38 30 35 13 54 18 15 14 26 42 12 8 36 3 26 23 17 26 6 44 11 30 32 47 38 11 6 27 29 41 13 15 41 34 40 22 41 41 30 31 23 44 21 44 14 22 24 17 16 44 30 23 21 42 43 28 27 12 30 28 11 23 41 17 22 23 11 23 5 34 27 38 6 15 31 29 16 13 19 11 35 36 2 43 32 27 36 42
36 26 10 17 17 22 6 14 12 26 20 9 20 0 22 10 23 5 15 13 20 33 31 23 18 20 20 36 20 17 19 26 13 32 22 31 32 21 31 42 33 14 9 27 14 39 36 25 24 27 37 5 9 39 20 14 18 11 19 7 23 25 16 36 12 24 15 42 5 21 6 11 24 20 18 37 21 11 17 13 20 14 27 9 12 32 35 37 16 20 25 16 33 17 11 31 16 20 8 37 21 36 11 30 31 21 27 6 4 31 3 22 24 10 23 30 22 23 13 27 26 13 19 14 14 26 25 5 13 9 23 15 28 30 24 19 6 13 29 8 11 18 17 17 16 20 29 17 16 23 31
45 41 21 31 28 17 23 35 34 41 41 14 41 22 0 32 3 25 11 29 19 50 40 10 10 18 41 52 39 21 23 20 31 34 1 50 45 39 48 61 42 28 26 32 30 43 41 34 28 48 51 21 29 45 41 34 40 24 41 28 2 4 15 49 19 33 34 46 26 42 28 23 19 42 40 54 42 15 33 29 34 35 24 31 19 48 42 50 36 41 41 26 42 38 32 40 7 7 19 47 2 56 10 51 35 40 26 28 22 52 24 43 9 11 40 51 1 3 23 43 46 20 31 36 30 28 47 22 28 30 40 36 39 49 30 40 26 18 45 28 32 38 39 18 5 41 35 23 28 31 40
34 21 17 16 20 31 12 6 2 21 12 19 10 10 32 0 33 10 25 16 28 27 31 33 28 28 13 30 15 24 25 34 10 36 32 24 27 16 26 34 35 15 11 30 17 42 39 27 29 17 32 13 10 41 11 13 8 17 9 6 33 35 25 31 20 25 15 44 8 11 4 16 32 10 8 32 12 20 13 17 16 5 34 1 20 27 37 32 14 12 20 19 31 8 5 31 26 30 16 33 31 27 21 20 34 16 33 5 12 21 8 12 34 20 18 20 32 33 18 22 19 20 18 5 13 31 15 12 13 2 18 6 24 23 28 9 10 21 24 6 3 13 8 25 26 10 33 22 17 26 32
48 43 20 33 30 20 22 34 34 43 40 15 40 23 3 33 0 24 13 28 22 52 43 13 13 21 40 54 40 24 26 23 32 37 2 51 47 40 50 63 45 30 27 35 29 46 44 37 31 49 53 22 28 48 40 33 40 23 40 29 1 6 18 51 21 36 33 49 27 43 29 25 22 43 41 56 41 14 35 28 36 34 27 32 21 50 45 52 35 40 43 28 45 39 33 43 7 10 18 50 5 57 11 52 38 41 29 28 23 53 25 44 12 12 42 52 4 6 25 45 45 22 33 37 31 31 48 23 30 31 42 35 41 50 33 41 25 20 47 29 33 39 40 21 6 40 38 26 30 34 43
40 30 6 21 22 27 2 10 10 30 16 13 16 5 25 10 24 0 19 8 25 36 36 27 22 25 16 39 24 22 24 31 17 37 25 33 36 25 35 44 38 18 13 32 9 44 41 30 29 27 41 10 4 44 16 9 15 7 15 11 25 29 21 40 17 29 10 47 9 21 7 16 29 20 17 41 17 10 21 8 24 10 32 10 17 36 40 41 11 16 29 21 37 18 14 36 18 24 6 41 25 37 15 30 36 25 32 6 9 31 4 22 28 14 27 30 26 27 18 31 21 18 23 15 18 31 25 10 17 8 27 11 32 33 29 18 1 18 33 12 12 22 18 22 20 16 34 22 20 28 36
35 29 17 20 17 9 18 29 27 30 35 6 35 15 11 25 13 19 0 25 9 39 30 8 3 8 35 41 28 11 13 13 21 24 12 39 34 28 37 50 32 17 16 22 26 33 31 24 18 38 40 12 23 35 35 28 33 20 34 19 13 12 5 38 8 23 29 36 17 33 21 12 11 33 32 43 36 13 22 25 23 29 16 24 8 37 32 39 30 35 30 15 32 28 23 30 9 5 15 37 10 45 6 41 25 29 17 21 13 42 18 33 9 6 29 41 11 10 12 32 40 9 20 27 19 18 37 13 17 24 29 30 28 38 20 34 20 7 34 19 23 27 30 8 8 35 25 13 17 21 30
48 37 8 29 30 33 7 11 14 37 12 19 16 13 29 16 28 8 25 0 32 43 44 32 27 31 12 46 31 30 32 37 24 45 29 40 43 32 42 49 46 26 21 40 1 52 49 38 37 32 48 18 6 52 14 5 17 5 17 18 29 33 27 47 25 37 5 55 16 27 14 24 35 25 21 48 15 14 28 1 31 12 39 16 25 43 48 48 7 12 36 29 45 24 21 44 22 28 10 48 29 42 19 35 44 32 40 13 17 36 11 28 32 19 34 35 30 31 26 38 17 26 31 21 25 39 30 18 24 14 34 12 39 39 37 20 7 25 40 19 19 29 23 29 24 18 42 30 28 36 44
27 25 25 17 12 3 25 33 30 25 40 14 38 20 19 28 22 25 9 32 0 34 22 10 9 1 40 36 26 4 5 6 21 15 20 35 29 25 32 45 23 15 17 13 33 24 22 16 9 38 35 15 29 26 38 34 36 28 37 22 21 18 5 32 8 15 35 27 20 33 24 12 4 35 35 38 39 22 20 33 19 32 7 27 8 32 23 34 36 39 26 11 24 30 25 21 18 12 23 29 17 42 15 40 16 27 8 24 16 41 22 34 11 15 26 41 18 16 10 28 46 8 15 30 18 9 38 16 17 27 26 33 22 35 11 37 26 7 29 22 26 26 33 3 17 38 16 6 13 13 21
20 10 42 19 22 37 38 33 29 9 37 38 31 33 50 27 52 36 39 43 34 0 21 44 40 34 38 3 12 29 30 39 20 35 51 3 10 12 1 12 26 22 25 29 44 35 33 23 30 12 7 30 37 32 34 40 28 43 29 25 52 51 35 10 30 23 42 37 27 16 29 27 37 19 23 5 34 44 17 44 16 32 38 27 30 3 30 8 41 37 8 24 21 19 22 23 46 43 40 16 48 9 41 11 32 11 36 30 30 11 32 15 44 39 9 13 49 48 26 6 43 29 19 22 20 33 15 29 21 29 9 33 16 4 28 25 36 31 4 24 24 14 20 32 45 29 30 27 22 25 25
5 12 41 15 14 25 37 38 33 13 43 32 41 31 40 31 43 36 30 44 22 21 0 32 30 23 44 21 18 19 17 24 21 15 41 23 11 17 20 32 5 17 22 11 45 14 12 6 13 28 16 27 38 11 42 43 37 42 38 26 42 40 25 12 23 7 45 16 27 26 30 21 23 29 32 23 43 41 17 44 13 36 21 30 23 18 9 15 45 43 15 16 2 26 25 2 39 33 39 7 38 30 35 30 12 18 19 31 27 31 31 26 33 34 17 32 39 38 19 16 50 22 13 28 18 16 30 26 19 32 17 37 5 24 11 34 35 24 17 25 27 20 29 22 38 38 10 17 15 9 4
37 34 24 25 22 7 25 37 35 35 43 14 43 23 10 33 13 27 8 32 10 44 32 0 5 9 43 46 34 14 14 10 27 24 11 44 38 33 42 55 32 23 23 22 33 33 31 25 18 44 44 20 31 35 43 36 41 27 42 27 12 9 9 41 14 25 36 36 25 39 29 18 9 40 40 48 44 20 28 32 28 37 14 32 14 42 32 43 38 43 35 21 33 36 30 31 12 4 22 38 8 51 13 47 25 35 16 29 21 48 26 40 1 13 35 48 9 7 18 37 48 14 25 35 25 18 44 21 23 32 35 38 31 44 20 42 28 13 39 27 31 33 38 11 10 43 25 16 22 22 30
35 31 20 21 18 7 20 32 30 31 38 9 38 18 10 28 13 22 3 27 9 40 30 5 0 8 38 42 30 11 13 11 23 24 11 40 35 29 38 51 32 19 18 22 28 33 31 24 18 40 41 15 26 35 38 31 36 23 37 22 12 10 5 39 10 23 31 36 20 35 24 14 9 36 35 44 39 15 24 28 24 32 14 27 10 38 32 40 33 38 31 17 32 31 26 30 9 3 17 37 8 47 8 43 25 31 16 24 16 44 21 36 6 8 31 44 9 8 14 33 43 10 21 30 21 18 40 16 19 27 31 33 29 40 20 37 23 9 35 22 26 29 33 8 8 38 25 13 18 21 30
28 25 24 17 12 3 24 32 30 25 39 13 38 20 18 28 21 25 8 31 1 34 23 9 8 0 39 36 26 5 5 6 21 16 19 35 29 25 32 45 24 15 17 14 32 25 23 16 10 38 35 15 29 27 38 34 36 27 37 22 20 17 4 32 8 16 35 28 20 33 24 12 4 35 35 38 39 21 20 32 19 32 8 27 8 32 24 34 36 39 26 12 24 30 25 22 17 11 22 29 16 42 14 40 17 27 9 24 16 41 22 34 10 14 26 41 17 15 10 28 46 8 15 30 18 10 38 16 17 27 26 33 22 35 12 37 26 7 29 22 26 26 33 3 16 38 17 7 14 13 22
48 35 20 30 33 42 18 7 11 34 1 29 7 20 41 13 40 16 35 12 40 38 44 43 38 39 0 41 28 36 38 45 23 49 41 35 40 29 37 43 48 28 24 43 11 55 52 40 42 27 44 24 12 54 4 7 10 17 9 19 41 45 36 44 31 38 7 57 19 22 15 28 43 19 15 43 4 26 26 12 29 8 46 14 31 38 50 44 5 1 33 32 44 20 18 44 34 40 22 46 41 37 31 30 47 28 46 15 23 31 18 23 44 30 30 28 42 43 30 34 7 31 31 17 26 43 24 23 26 13 30 7 37 34 41 13 15 32 36 19 16 25 18 36 36 9 46 34 30 39 45
20 12 45 21 24 39 41 36 32 11 40 40 34 36 52 30 54 39 41 46 36 3 21 46 42 36 41 0 15 31 32 41 23 35 53 6 10 15 4 11 26 24 28 30 47 35 33 24 32 15 6 33 40 32 37 43 31 46 32 28 54 52 37 10 32 24 45 37 30 19 32 29 39 22 26 2 37 47 19 47 18 35 40 30 32 4 30 7 44 40 11 26 21 22 25 23 48 45 43 16 50 9 43 14 32 14 38 33 32 14 35 18 46 42 12 16 51 50 28 9 46 31 21 25 22 34 18 31 23 32 12 36 17 7 29 28 39 33 7 27 27 17 23 34 47 32 30 29 24 26 25
21 6 30 9 14 29 26 21 17 6 27 25 22 20 39 15 40 24 28 31 26 12 18 34 30 26 28 15 0 21 22 31 8 30 39 11 12 1 11 22 23 10 13 24 32 32 30 18 24 12 17 18 25 29 25 28 18 31 19 13 40 40 24 16 19 17 30 34 15 8 17 15 29 11 14 17 24 31 5 32 7 20 31 15 19 12 27 17 29 27 5 14 19 8 10 20 33 33 28 19 37 17 28 14 27 1 30 18 18 15 20 9 34 27 3 16 38 38 15 7 33 18 11 10 8 27 13 17 9 17 3 21 13 10 22 16 24 20 9 12 12 2 11 22 33 20 25 19 12 19 22
24 20 24 12 7 7 23 29 26 20 36 13 34 17 21 24 24 22 11 30 4 29 19 14 11 5 36 31 21 0 2 10 17 15 22 30 24 20 27 40 21 11 13 11 31 23 20 13 7 33 30 13 26 24 35 31 32 27 33 18 23 21 6 28 5 12 32 26 17 29 21 8 8 31 31 33 36 22 16 30 14 29 10 23 5 27 21 29 33 36 21 7 21 26 21 19 20 14 22 26 19 37 16 35 14 22 10 21 13 36 19 30 15 15 21 37 20 19 6 23 43 5 10 26 14 9 34 13 13 24 21 30 18 30 9 33 23 5 24 18 22 22 29 3 19 34 14 2 9 10 19
22 20 26 13 8 8 25 31 28 21 38 15 36 19 23 25 26 24 13 32 5 30 17 14 13 5 38 32 22 2 0 9 18 13 24 31 24 21 28 41 19 12 14 9 33 20 18 11 5 34 30 15 28 22 36 33 33 29 34 19 25 22 8 27 7 10 34 23 18 30 22 9 8 32 32 34 37 24 17 32 15 30 9 24 7 28 19 29 35 37 22 8 19 27 22 17 22 16 24 24 21 38 18 36 12 23 8 23 15 37 21 31 15 17 22 38 22 20 7 24 44 7 11 27 15 7 35 15 14 25 22 31 17 31 7 34 25 7 25 19 23 23 30 5 21 35 12 3 10 8 17
28 29 30 22 17 4 30 38 36 30 45 19 44 26 20 34 23 31 13 37 6 39 24 10 11 6 45 41 31 10 9 0 27 14 21 40 33 30 37 50 23 21 23 13 38 23 21 18 10 43 38 21 35 25 44 40 42 33 43 28 22 19 10 35 14 18 41 26 26 39 30 18 2 41 41 43 45 26 26 38 24 38 4 33 14 37 22 37 42 45 31 17 25 36 31 23 20 13 28 31 18 47 19 45 15 32 6 30 22 46 28 40 11 19 31 47 19 17 16 33 52 14 20 36 24 8 44 22 23 33 31 39 25 40 12 43 32 13 34 28 32 32 39 9 19 44 15 12 19 15 21
24 13 23 6 10 24 19 16 12 13 22 17 20 13 31 10 32 17 21 24 21 20 21 27 23 21 23 23 8 17 18 27 0 26 31 19 19 8 18 30 25 6 5 20 25 32 29 17 20 17 24 10 18 31 21 22 17 24 18 6 32 33 18 23 13 15 24 34 8 12 10 9 25 14 14 24 22 24 4 25 7 15 27 10 13 19 27 24 24 22 12 10 22 9 5 21 25 26 21 24 30 25 20 20 24 9 26 11 10 21 13 13 28 19 10 21 31 31 11 14 29 13 8 9 3 23 17 9 4 11 10 16 15 18 18 16 17 14 16 5 7 7 12 18 25 19 23 15 8 16 22
18 26 39 21 16 17 38 42 38 27 48 28 46 32 34 36 37 37 24 45 15 35 15 24 24 16 49 35 30 15 13 14 26 0 35 37 25 29 34 46 12 20 25 6 46 9 7 12 8 42 30 28 41 11 47 46 43 42 44 29 36 33 19 26 20 13 47 12 30 38 33 21 15 40 40 37 48 37 25 45 23 41 10 34 20 32 9 29 48 48 29 18 15 35 30 13 33 27 37 21 32 44 29 44 3 31 8 34 28 45 34 39 25 29 30 46 33 31 19 30 55 20 19 35 23 6 43 27 22 35 30 42 19 38 8 42 38 20 31 29 32 31 38 17 32 44 5 15 18 11 11
46 41 21 32 29 18 23 35 34 42 41 14 41 22 1 32 2 25 12 29 20 51 41 11 11 19 41 53 39 22 24 21 31 35 0 50 46 39 49 61 43 29 26 33 30 44 42 35 29 48 52 21 29 46 41 34 40 24 40 28 1 4 16 50 20 34 34 47 26 42 28 24 20 42 40 55 42 15 34 29 35 35 25 31 20 49 43 51 36 41 42 27 43 38 32 41 7 8 19 48 3 56 10 51 36 40 27 28 22 52 24 43 10 11 41 51 2 4 24 44 46 21 32 36 30 29 47 22 29 30 41 36 40 49 31 40 26 19 46 28 32 38 39 19 5 41 36 24 29 32 41
22 11 40 19 23 38 36 30 26 10 34 36 28 31 50 24 51 33 39 40 35 3 23 44 40 35 35 6 11 30 31 40 19 37 50 0 12 11 3 12 28 21 24 31 41 37 35 25 31 9 10 29 34 34 31 37 25 40 26 23 51 50 35 13 30 24 39 39 25 13 26 26 38 16 20 8 31 42 16 41 15 29 39 24 30 5 32 11 38 34 8 23 23 16 20 25 44 43 38 18 48 7 39 8 34 10 37 27 29 8 30 12 45 38 9 10 49 48 26 7 40 29 19 19 19 34 12 28 20 26 9 30 18 1 29 22 33 31 6 22 21 12 17 33 44 26 32 28 21 26 27
10 6 42 15 17 32 38 33 29 6 39 34 34 32 45 27 47 36 34 43 29 10 11 38 35 29 40 10 12 24 24 33 19 25 46 12 0 11 9 21 16 18 23 20 44 25 23 14 22 19 6 28 37 22 37 40 30 43 31 25 47 45 30 4 26 14 42 27 27 20 29 23 32 23 26 12 36 42 15 44 12 32 30 27 26 7 20 5 41 39 8 19 11 20 22 13 42 38 40 7 43 19 37 19 22 12 28 30 28 20 32 20 39 36 10 21 44 43 22 7 45 25 14 22 18 24 22 27 19 29 10 33 7 13 19 28 36 27 6 24 24 14 23 27 41 32 20 22 17 16 15
19 5 31 8 13 28 27 22 18 5 28 25 23 21 39 16 40 25 28 32 25 12 17 33 29 25 29 15 1 20 21 30 8 29 39 11 11 0 10 23 22 10 13 23 33 31 29 17 23 13 16 18 26 28 26 29 19 32 20 14 40 39 24 15 19 16 31 33 16 9 18 15 28 12 15 16 25 32 5 33 6 21 30 16 19 11 26 16 30 28 4 13 18 9 11 19 33 32 29 18 37 17 28 15 26 2 29 19 18 16 21 10 34 27 2 17 38 37 15 6 34 18 10 11 8 26 14 17 9 18 2 22 12 11 21 17 25 20 8 13 13 3 12 22 33 21 24 18 11 18 21
19 8 41 17 20 35 37 32 28 8 36 36 30 31 48 26 50 35 37 42 32 1 20 42 38 32 37 4 11 27 28 37 18 34 49 3 9 10 0 13 25 20 23 28 43 34 32 22 28 12 7 28 36 31 33 39 27 42 28 24 50 48 33 10 28 21 41 36 26 15 28 25 35 18 22 6 33 42 15 43 14 31 36 26 28 2 29 8 40 36 7 22 20 18 21 22 43 41 39 15 46 10 38 11 31 10 34 29 28 11 31 14 42 37 8 13 47 46 24 5 42 27 17 21 18 31 15 27 19 28 8 32 15 4 26 24 35 29 3 23 23 13 19 30 43 28 29 25 20 23 24
31 21 51 30 33 48 46 38 35 21 42 48 36 42 61 34 63 44 50 49 45 12 32 55 51 45 43 11 22 40 41 50 30 46 61 12 21 23 13 0 37 32 35 41 50 46 44 35 41 16 17 40 43 43 39 45 33 50 34 35 62 61 46 21 41 34 47 48 37 22 37 37 48 24 28 9 39 53 27 50 27 37 49 34 41 14 41 18 46 42 20 35 32 26 31 34 55 54 50 27 59 6 50 13 43 21 47 38 40 12 41 20 55 49 21 15 60 59 37 18 48 40 30 28 30 44 19 39 31 35 21 38 27 12 39 30 43 42 16 34 32 24 25 43 55 34 41 38 33 36 36
6 17 44 19 16 25 39 42 37 18 47 34 45 33 42 35 45 38 32 46 23 26 5 32 32 24 48 26 23 21 19 23 25 12 43 28 16 22 25 37 0 20 25 10 47 9 7 8 14 33 20 29 41 6 46 46 41 44 42 29 44 41 27 16 25 9 48 11 30 31 33 23 23 34 37 28 47 43 22 46 18 40 20 34 25 23 4 19 48 47 20 18 5 31 30 3 41 35 41 10 40 35 37 35 9 23 18 34 29 36 34 31 33 36 22 37 41 39 21 21 54 24 16 33 22 15 35 29 22 35 22 41 10 29 12 39 38 26 22 29 32 25 34 24 40 43 8 19 18 11 2
22 12 24 3 4 18 20 21 17 13 27 16 25 14 28 15 30 18 17 26 15 22 17 23 19 15 28 24 10 11 12 21 6 20 29 21 18 10 20 32 20 0 5 14 27 26 23 12 14 22 23 10 21 26 26 26 22 25 23 9 30 29 13 22 9 11 28 29 10 18 13 5 19 20 20 26 27 24 5 26 6 20 21 14 9 20 22 23 28 27 13 4 19 15 10 18 24 22 22 23 27 27 19 24 18 11 20 14 10 25 14 19 23 18 12 26 28 27 5 15 34 8 5 15 3 17 23 9 2 15 12 21 14 20 12 22 18 10 17 9 12 11 18 12 24 24 17 9 2 11 18
27 17 19 8 9 20 15 17 13 17 23 12 21 9 26 11 27 13 16 21 17 25 22 23 18 17 24 28 13 13 14 23 5 25 26 24 23 13 23 35 25 5 0 19 22 31 28 17 18 22 28 5 16 31 22 21 19 20 20 5 27 28 14 27 9 16 22 34 5 17 9 5 21 18 18 29 23 19 8 21 11 16 23 10 9 24 27 28 23 23 16 8 24 13 8 23 20 21 17 28 25 30 15 25 23 14 22 9 5 26 9 18 24 14 15 26 26 26 7 18 30 9 10 13 5 20 22 4 4 11 15 17 19 23 17 20 13 10 20 5 9 12 16 14 20 21 22 11 7 16 23
15 20 35 15 10 15 33 36 32 21 42 24 40 27 32 30 35 32 22 40 13 29 11 22 22 14 43 30 24 11 9 13 20 6 33 31 20 23 28 41 10 14 19 0 41 11 9 6 4 36 26 22 35 13 40 40 36 38 37 23 34 31 17 23 15 7 41 14 24 32 27 16 13 34 34 32 41 33 19 40 17 34 10 28 15 26 10 25 42 41 23 12 12 29 24 10 31 25 32 18 30 38 27 38 4 25 8 28 23 39 28 33 23 26 24 40 31 29 13 24 48 15 13 29 17 5 37 22 16 29 24 35 13 32 2 36 32 16 25 23 26 25 32 14 30 38 3 9 12 5 8
49 38 9 30 31 34 8 12 15 38 12 20 16 14 30 17 29 9 26 1 33 44 45 33 28 32 11 47 32 31 33 38 25 46 30 41 44 33 43 50 47 27 22 41 0 52 50 39 38 33 49 19 7 53 14 5 17 6 17 19 30 34 28 48 26 38 4 55 17 28 15 25 36 26 22 49 15 15 29 1 32 13 40 17 26 44 49 49 6 12 37 30 46 25 22 45 23 29 11 49 30 43 20 36 45 33 41 14 18 37 12 29 33 20 35 35 31 32 27 39 16 27 32 22 26 40 31 19 25 15 35 12 40 40 38 20 8 26 41 20 20 30 24 30 25 18 43 31 29 37 45
15 26 47 26 22 26 45 48 44 27 54 36 52 39 43 42 46 44 33 52 24 35 14 33 33 25 55 35 32 23 20 23 32 9 44 37 25 31 34 46 9 26 31 11 52 0 2 14 15 42 29 33 46 3 51 51 47 49 48 34 45 42 28 25 26 15 52 3 35 40 38 27 24 43 45 37 52 44 28 51 25 45 19 39 26 32 5 28 53 52 29 23 14 38 35 12 42 36 43 19 41 44 38 44 8 32 17 39 34 45 39 40 34 37 31 46 42 40 24 30 59 26 22 40 28 15 44 33 27 40 31 46 19 38 13 47 43 27 31 34 37 33 41 25 41 49 8 20 23 15 10
13 24 44 23 19 24 42 45 41 25 51 33 49 36 41 39 44 41 31 49 22 33 12 31 31 23 52 33 30 20 18 21 29 7 42 35 23 29 32 44 7 23 28 9 50 2 0 12 13 40 27 31 44 4 49 49 45 47 46 32 43 40 26 23 24 13 50 5 33 38 36 25 22 41 43 35 50 42 26 49 23 43 17 37 24 30 3 26 51 50 27 21 12 36 33 10 40 34 41 17 39 42 36 42 6 30 15 37 32 43 37 38 32 35 29 44 40 38 22 28 57 24 20 38 26 13 42 31 25 38 29 44 17 36 11 45 41 25 29 32 35 31 39 23 39 47 6 18 21 13 8
11 14 35 11 8 19 31 34 29 15 39 26 37 25 34 27 37 30 24 38 16 23 6 25 24 16 40 24 18 13 11 18 17 12 35 25 14 17 22 35 8 12 17 6 39 14 12 0 7 30 20 21 33 13 38 38 34 36 35 21 36 33 19 17 17 1 39 17 22 26 25 15 17 29 31 26 39 35 14 38 11 32 15 26 17 20 10 19 40 39 17 10 8 24 22 6 33 27 33 13 32 32 29 32 9 19 13 26 21 33 26 27 26 28 18 34 33 31 13 18 46 16 8 26 14 10 31 21 14 27 18 33 7 26 5 33 30 18 19 21 24 19 27 16 32 36 7 11 10 3 6
18 20 31 15 10 11 30 35 31 21 41 20 39 24 28 29 31 29 18 37 9 30 13 18 18 10 42 32 24 7 5 10 20 8 29 31 22 23 28 41 14 14 18 4 38 15 13 7 0 36 27 20 33 17 40 38 36 34 37 23 30 27 13 24 12 7 39 18 23 32 27 13 10 34 34 33 41 29 19 37 17 34 8 28 12 27 14 26 40 41 23 10 15 29 24 12 27 21 29 20 26 38 23 38 7 25 6 27 20 39 26 33 19 22 24 40 27 25 11 24 48 12 13 29 17 3 37 19 16 29 24 35 14 32 2 36 30 12 25 23 26 25 32 10 26 38 7 7 12 5 12
30 16 35 21 26 41 30 22 18 15 26 34 20 27 48 17 49 27 38 32 38 12 28 44 40 38 27 15 12 33 34 43 17 42 48 9 19 13 12 16 33 22 22 36 33 42 40 30 36 0 19 27 26 39 23 29 17 33 18 20 49 50 35 22 30 29 31 44 22 6 21 26 41 8 12 16 23 37 17 33 19 21 43 18 30 14 37 20 30 26 13 26 29 10 15 30 42 43 33 26 47 10 37 3 39 11 42 22 25 4 25 5 45 35 12 4 48 48 27 13 32 30 23 12 19 39 3 25 20 19 12 22 23 8 34 14 27 31 13 18 16 11 9 34 42 18 37 31 24 31 32
14 11 47 20 23 38 43 38 34 11 43 39 37 37 51 32 53 41 40 48 35 7 16 44 41 35 44 6 17 30 30 38 24 30 52 10 6 16 7 17 20 23 28 26 49 29 27 20 27 19 0 33 42 26 40 45 34 48 35 30 53 51 36 4 31 20 47 31 32 22 34 28 37 25 29 8 40 47 20 49 17 37 35 32 31 5 24 1 46 43 12 25 15 24 27 17 47 44 45 10 49 15 42 18 27 16 33 35 33 18 37 21 45 41 14 20 50 49 27 10 49 30 20 27 23 30 22 32 24 34 14 38 13 11 25 31 41 32 8 29 29 19 25 33 46 35 25 28 23 22 19
32 22 14 13 13 18 11 17 15 22 24 7 23 5 21 13 22 10 12 18 15 30 27 20 15 15 24 33 18 13 15 21 10 28 21 29 28 18 28 40 29 10 5 22 19 33 31 21 20 27 33 0 14 34 23 19 21 16 22 7 22 23 12 32 8 20 20 36 5 21 9 6 19 21 20 34 24 14 13 18 16 17 22 12 8 29 31 33 21 24 21 11 29 16 11 27 15 17 12 33 20 35 10 30 26 19 23 9 1 31 7 21 21 9 20 29 21 21 8 23 31 8 15 15 10 21 25 1 9 12 20 18 24 28 19 22 11 8 25 7 11 17 18 12 15 23 24 12 12 18 27
42 31 9 23 25 31 6 7 8 31 12 17 13 9 29 10 28 4 23 6 29 37 38 31 26 29 12 40 25 26 28 35 18 41 29 34 37 26 36 43 41 21 16 35 7 46 44 33 33 26 42 14 0 46 12 5 12 7 12 12 29 33 25 41 21 32 7 49 11 21 8 20 33 19 15 42 13 14 22 7 25 7 36 10 21 37 43 42 7 12 30 24 39 18 15 38 22 28 10 42 29 36 19 29 39 26 36 7 13 30 7 22 32 18 28 29 30 31 22 32 17 22 25 15 20 35 24 14 19 8 28 8 33 33 33 15 3 22 34 13 13 23 17 26 24 13 38 26 23 32 39
12 23 48 25 22 28 45 48 43 24 53 37 51 39 45 41 48 44 35 52 26 32 11 35 35 27 54 32 29 24 22 25 31 11 46 34 22 28 31 43 6 26 31 13 53 3 4 13 17 39 26 34 46 0 51 51 47 49 48 34 47 44 30 22 28 14 52 5 35 37 38 28 26 40 43 34 52 46 27 51 24 45 21 39 28 29 3 25 53 52 26 23 11 37 35 9 44 38 45 16 43 41 40 41 10 29 19 39 34 42 39 37 36 39 28 43 44 42 26 27 59 28 21 39 27 17 41 34 27 40 28 46 16 35 15 45 43 29 28 34 37 31 40 27 43 49 10 22 23 15 8
45 31 21 27 31 41 18 6 9 31 3 29 3 20 41 11 40 16 35 14 38 34 42 43 38 38 4 37 25 35 36 44 21 47 41 31 37 26 33 39 46 26 22 40 14 51 49 38 40 23 40 23 12 51 0 9 6 19 5 17 41 45 35 41 30 36 10 54 18 18 14 27 42 15 11 39 1 26 24 15 27 6 45 12 30 34 48 40 8 3 29 30 42 16 16 42 34 40 22 44 41 33 31 26 44 24 44 14 22 27 17 19 44 30 26 24 42 43 29 30 10 30 29 14 24 42 20 22 24 11 26 5 35 30 38 9 15 31 32 17 14 22 14 35 36 5 43 33 28 37 43
47 34 13 28 30 36 11 7 11 34 7 22 11 14 34 13 33 9 28 5 34 40 43 36 31 34 7 43 28 31 33 40 22 46 34 37 40 29 39 45 46 26 21 40 5 51 49 38 38 29 45 19 5 51 9 0 12 10 12 17 34 38 30 44 26 37 2 54 16 24 13 25 38 21 17 45 10 19 26 6 29 8 41 13 26 40 48 45 2 7 33 29 44 21 18 43 27 33 15 46 34 39 24 32 44 29 41 12 18 33 12 25 37 23 31 30 35 36 27 35 12 27 30 18 25 40 26 19 24 11 31 7 37 36 38 15 8 27 37 18 16 26 20 31 29 13 43 31 28 37 44
39 25 22 23 27 39 18 6 6 25 9 27 3 18 40 8 40 15 33 17 36 28 37 41 36 36 10 31 18 32 33 42 17 43 40 25 30 19 27 33 41 22 19 36 17 47 45 34 36 17 34 21 12 47 6 12 0 19 1 14 40 43 33 34 28 32 14 50 16 12 12 24 40 9 5 33 6 25 20 18 23 5 42 9 28 28 44 34 13 9 23 26 37 10 12 38 33 38 21 37 39 27 29 20 40 18 41 12 20 21 15 13 42 28 20 18 40 41 26 24 15 28 25 8 20 39 14 20 20 9 20 5 31 24 34 3 14 29 26 14 10 16 8 33 34 2 39 30 24 33 39
47 37 3 28 28 29 5 14 15 37 17 14 20 11 24 17 23 7 20 5 28 43 42 27 23 27 17 46 31 27 29 33 24 42 24 40 43 32 42 50 44 25 20 38 6 49 47 36 34 33 48 16 7 49 19 10 19 0 19 18 24 28 23 47 22 35 10 52 16 28 14 22 31 26 22 48 20 9 28 5 31 14 35 16 22 43 46 48 12 17 36 27 44 24 21 42 17 23 5 48 24 43 14 36 41 32 36 13 15 37 11 29 27 14 34 36 25 26 24 38 22 23 30 21 25 36 31 16 24 15 34 15 39 39 35 22 7 22 40 19 19 29 24 25 19 20 40 28 27 34 42
40 26 22 24 28 40 18 6 7 26 8 28 2 19 41 9 40 15 34 17 37 29 38 42 37 37 9 32 19 33 34 43 18 44 40 26 31 20 28 34 42 23 20 37 17 48 46 35 37 18 35 22 12 48 5 12 1 19 0 15 40 44 34 35 29 33 14 51 17 13 13 25 41 10 6 34 5 25 21 18 24 5 43 10 29 29 45 35 12 8 24 27 38 11 13 39 33 39 21 38 40 28 30 21 41 19 42 13 21 22 16 14 43 29 21 19 41 42 27 25 14 29 26 9 21 40 15 21 21 10 21 5 32 25 35 4 14 30 27 15 11 17 9 34 35 1 40 31 25 34 40
30 19 17 11 13 25 13 12 8 19 18 14 16 7 28 6 29 11 19 18 22 25 26 27 22 22 19 28 13 18 19 28 6 29 28 23 25 14 24 35 29 9 5 23 19 34 32 21 23 20 30 7 12 34 17 17 14 18 15 0 29 30 19 29 14 20 18 37 2 14 4 10 26 13 13 30 18 18 10 19 13 11 28 5 14 25 31 30 19 18 18 13 27 9 4 26 22 24 15 30 27 29 17 23 27 14 27 5 6 24 7 14 28 16 16 22 28 28 12 20 25 14 13 8 8 25 18 6 7 6 16 12 21 23 21 15 11 15 22 1 4 11 11 19 22 16 26 16 11 20 27
47 42 21 33 30 19 23 35 35 43 41 15 41 23 2 33 1 25 13 29 21 52 42 12 12 20 41 54 40 23 25 22 32 36 1 51 47 40 50 62 44 30 27 34 30 45 43 36 30 49 53 22 29 47 41 34 40 24 40 29 0 5 17 51 21 35 34 48 27 43 29 25 21 42 41 56 42 15 35 29 36 35 26 32 21 50 44 52 36 41 43 28 44 38 33 42 7 9 19 49 4 57 11 52 37 41 28 29 23 53 25 43 11 12 42 51 3 5 25 45 46 22 33 37 31 30 47 23 30 31 42 36 41 50 32 41 26 20 47 29 33 39 40 20 6 41 37 25 30 33 42
46 42 25 32 29 16 27 39 37 42 45 16 45 25 4 35 6 29 12 33 18 51 40 9 10 17 45 52 40 21 22 19 33 33 4 50 45 39 48 61 41 29 28 31 34 42 40 33 27 50 51 23 33 44 45 38 43 28 44 30 5 0 15 49 20 32 38 45 28 44 31 24 18 43 42 54 46 19 34 33 34 39 23 34 20 48 41 50 40 45 41 27 41 39 34 39 11 7 23 46 4 56 14 53 34 40 25 31 24 54 28 44 8 15 41 52 3 2 24 43 50 20 31 38 31 27 48 24 29 34 41 40 39 49 29 44 30 19 45 30 34 39 41 18 9 45 34 23 28 30 39
30 25 20 16 13 6 20 29 27 26 35 9 35 16 15 25 18 21 5 27 5 35 25 9 5 4 36 37 24 6 8 10 18 19 16 35 30 24 33 46 27 13 14 17 28 28 26 19 13 35 36 12 25 30 35 30 33 23 34 19 17 15 0 34 5 18 31 31 17 30 21 9 8 32 32 39 36 17 18 28 19 29 12 24 5 33 27 35 32 35 26 11 27 27 22 25 14 8 18 32 13 40 10 37 20 24 13 21 13 38 18 31 10 10 25 39 14 13 8 28 42 5 16 27 16 13 35 13 14 24 25 30 24 33 15 34 22 4 30 19 23 24 30 3 13 35 20 8 13 16 25
10 10 46 19 21 35 42 37 33 10 43 38 38 36 49 31 51 40 38 47 32 10 12 41 39 32 44 10 16 28 27 35 23 26 50 13 4 15 10 21 16 22 27 23 48 25 23 17 24 22 4 32 41 22 41 44 34 47 35 29 51 49 34 0 29 16 46 27 31 23 33 27 34 26 30 12 40 46 19 48 16 36 32 31 29 8 20 3 45 43 11 22 11 24 26 13 45 42 44 6 47 19 41 21 23 15 30 34 32 21 36 23 42 40 13 23 48 47 25 10 49 28 18 26 22 27 25 31 23 33 13 37 10 14 21 32 40 30 9 28 28 18 26 31 44 36 21 26 21 18 15
28 21 19 11 9 11 18 24 22 21 31 9 30 12 19 20 21 17 8 25 8 30 23 14 10 8 31 32 19 5 7 14 13 20 20 30 26 19 28 41 25 9 9 15 26 26 24 17 12 30 31 8 21 28 30 26 28 22 29 14 21 20 5 29 0 16 27 29 12 25 16 4 12 27 27 34 31 18 14 25 14 24 15 19 0 28 25 31 28 31 21 7 25 22 17 23 16 13 17 29 18 36 12 33 19 20 15 16 8 34 14 26 15 11 21 34 19 18 4 23 38 1 12 22 11 14 30 8 9 19 21 25 20 29 13 29 18 1 25 14 18 19 25 5 15 30 18 6 9 14 23
12 13 34 9 7 18 30 32 27 14 37 25 35 24 33 25 36 29 23 37 15 23 7 25 23 16 38 24 17 12 10 18 15 13 34 24 14 16 21 34 9 11 16 7 38 15 13 1 7 29 20 20 32 14 36 37 32 35 33 20 35 32 18 16 16 0 38 18 21 25 24 14 17 28 29 26 37 34 13 37 10 30 15 24 16 20 11 19 39 37 16 9 9 23 20 7 32 26 32 14 31 31 28 31 10 18 13 25 20 32 25 26 25 27 17 33 32 30 12 17 44 15 7 24 12 10 30 20 13 26 17 31 7 25 5 31 29 17 18 19 22 18 26 15 31 34 8 10 9 2 7
49 36 13 30 32 37 11 9 13 36 8 23 13 15 34 15 33 10 29 5 35 42 45 36 31 35 7 45 30 32 34 41 24 47 34 39 42 31 41 47 48 28 22 41 4 52 50 39 39 31 47 20 7 52 10 2 14 10 14 18 34 38 31 46 27 38 0 55 18 26 14 26 39 23 19 47 11 19 28 5 31 10 42 15 27 42 49 47 2 8 35 30 45 23 20 44 27 33 15 48 34 41 24 34 45 31 42 13 19 35 14 27 37 23 33 32 35 36 28 37 12 28 31 20 26 41 28 20 25 13 33 9 39 38 39 17 10 28 39 19 18 28 22 32 29 14 44 32 29 38 45
17 28 50 28 25 29 48 51 46 29 56 39 54 42 46 44 49 47 36 55 27 37 16 36 36 28 57 37 34 26 23 26 34 12 47 39 27 33 36 48 11 29 34 14 55 3 5 17 18 44 31 36 49 5 54 54 50 52 51 37 48 45 31 27 29 18 55 0 38 42 41 30 27 45 47 39 55 47 31 54 28 48 22 42 29 34 8 30 56 55 31 26 16 41 38 14 45 39 46 21 44 46 41 46 11 34 20 42 37 47 42 42 37 40 33 48 45 43 27 32 62 29 25 42 30 18 46 36 30 43 33 49 21 40 16 49 46 30 33 37 40 36 44 28 44 52 11 23 26 18 13
31 21 15 12 14 23 11 12 10 21 19 12 18 5 26 8 27 9 17 16 20 27 27 25 20 20 19 30 15 17 18 26 8 30 26 25 27 16 26 37 30 10 5 24 17 35 33 22 23 22 32 5 11 35 18 16 16 16 17 2 27 28 17 31 12 21 18 38 0 16 4 9 24 15 15 32 19 16 12 17 15 12 27 7 12 27 32 32 18 19 20 13 28 11 6 27 20 22 13 32 25 31 15 25 28 16 26 5 4 26 5 16 26 14 18 24 26 26 11 22 26 12 14 10 9 24 20 4 8 7 18 13 23 25 22 17 9 13 24 3 6 13 13 17 20 18 27 15 12 21 28
29 14 28 17 22 36 24 17 13 14 21 28 15 21 42 11 43 21 33 27 33 16 26 39 35 33 22 19 8 29 30 39 12 38 42 13 20 9 15 22 31 18 17 32 28 40 38 26 32 6 22 21 21 37 18 24 12 28 13 14 43 44 30 23 25 25 26 42 16 0 15 21 37 3 7 21 18 31 13 28 15 16 39 11 25 17 35 22 25 21 12 22 27 4 9 28 36 38 27 27 41 15 31 9 35 8 38 15 19 10 18 1 40 29 10 9 42 42 23 13 27 25 19 6 15 35 5 19 16 13 10 17 21 12 30 9 20 26 14 12 10 7 4 30 36 13 33 27 20 27 30
34 23 13 15 17 27 9 8 6 23 15 15 14 6 28 4 29 7 21 14 24 29 30 29 24 24 15 32 17 21 22 30 10 33 28 26 29 18 28 37 33 13 9 27 15 38 36 25 27 21 34 9 8 38 14 13 12 14 13 4 29 31 21 33 16 24 14 41 4 15 0 13 28 14 11 34 15 17 14 15 17 8 31 3 16 29 35 34 15 15 22 17 31 11 7 30 22 26 13 34 27 30 17 24 31 18 30 1 8 25 4 16 30 16 20 24 28 29 15 24 22 16 17 8 12 28 19 8 11 3 20 9 25 26 25 13 7 17 26 5 5 15 11 21 22 14 30 19 15 24 31
26 17 20 8 7 15 17 21 18 18 28 11 26 11 23 16 25 16 12 24 12 27 21 18 14 12 28 29 15 8 9 18 9 21 24 26 23 15 25 37 23 5 5 16 25 27 25 15 13 26 28 6 20 28 27 25 24 22 25 10 25 24 9 27 4 14 26 30 9 21 13 0 16 23 23 31 28 20 10 24 11 21 18 15 4 25 25 28 27 28 18 5 23 18 13 21 19 17 18 27 22 32 14 29 20 16 17 14 7 30 13 22 19 13 17 30 23 22 2 20 35 4 9 18 6 15 26 6 5 16 17 22 18 25 13 25 17 5 22 10 14 14 21 9 19 26 18 6 6 12 21
28 28 28 20 15 2 28 36 34 28 43 17 42 24 19 32 22 29 11 35 4 37 23 9 9 4 43 39 29 8 8 2 25 15 20 38 32 28 35 48 23 19 21 13 36 24 22 17 10 41 37 19 33 26 42 38 40 31 41 26 21 18 8 34 12 17 39 27 24 37 28 16 0 39 39 41 43 24 24 36 22 36 5 31 12 35 23 36 40 43 29 15 25 34 29 22 18 12 26 30 17 45 17 43 16 30 7 28 20 44 26 38 10 17 29 45 18 16 14 31 50 12 18 34 22 9 42 20 21 31 29 37 24 38 12 41 30 11 32 26 30 30 37 7 17 42 16 10 17 15 21
32 17 27 19 24 38 22 14 11 17 18 28 12 20 42 10 43 20 33 25 35 19 29 40 36 35 19 22 11 31 32 41 14 40 42 16 23 12 18 24 34 20 18 34 26 43 41 29 34 8 25 21 19 40 15 21 9 26 10 13 42 43 32 26 27 28 23 45 15 3 14 23 39 0 4 24 15 30 15 26 18 13 41 10 27 20 38 25 22 18 15 24 30 5 10 31 35 37 26 30 40 18 30 11 38 11 40 14 19 12 17 4 41 29 13 10 41 41 25 16 24 27 21 5 17 37 5 19 18 12 13 14 24 15 32 6 19 28 17 13 9 10 2 32 35 10 36 29 22 29 33
35 20 23 20 24 38 19 10 7 20 14 26 8 18 40 8 41 17 32 21 35 23 32 40 35 35 15 26 14 31 32 41 14 40 40 20 26 15 22 28 37 20 18 34 22 45 43 31 34 12 29 20 15 43 11 17 5 22 6 13 41 42 32 30 27 29 19 47 15 7 11 23 39 4 0 28 11 27 16 22 19 9 41 8 27 23 40 29 18 14 18 24 33 6 10 34 33 37 23 33 38 22 28 15 38 14 40 12 19 16 15 8 41 27 16 14 39 40 25 20 20 27 22 5 17 37 9 19 18 10 16 10 27 19 32 2 16 28 21 13 9 12 3 32 33 6 37 29 22 30 36
22 14 47 23 26 41 43 38 34 13 42 42 36 37 54 32 56 41 43 48 38 5 23 48 44 38 43 2 17 33 34 43 24 37 55 8 12 16 6 9 28 26 29 32 49 37 35 26 33 16 8 34 42 34 39 45 33 48 34 30 56 54 39 12 34 26 47 39 32 21 34 31 41 24 28 0 39 48 21 49 20 37 41 32 34 6 32 9 46 42 13 28 23 24 27 25 49 47 45 18 52 9 44 14 34 16 39 35 34 14 37 20 48 43 14 16 53 52 30 11 48 33 23 27 24 36 19 33 25 34 14 38 19 9 31 30 41 35 9 29 29 19 25 36 49 34 32 31 26 28 27
45 31 22 28 32 42 19 7 10 31 3 30 3 21 42 12 41 17 36 15 39 34 43 44 39 39 4 37 24 36 37 45 22 48 42 31 36 25 33 39 47 27 23 41 15 52 50 39 41 23 40 24 13 52 1 10 6 20 5 18 42 46 36 40 31 37 11 55 19 18 15 28 43 15 11 39 0 27 25 16 28 7 46 13 31 34 48 40 9 3 29 31 43 16 17 43 35 41 23 43 42 33 32 26 45 24 45 15 23 27 18 19 45 31 26 24 43 44 30 30 9 31 30 14 25 43 20 23 25 12 26 6 36 30 39 9 16 32 32 18 15 22 14 36 37 5 44 34 29 38 44
46 36 6 27 27 22 8 20 20 36 26 9 26 11 15 20 14 10 13 14 22 44 41 20 15 21 26 47 31 22 24 26 24 37 15 42 42 32 42 53 43 24 19 33 15 44 42 35 29 37 47 14 14 46 26 19 25 9 25 18 15 19 17 46 18 34 19 47 16 31 17 20 24 30 27 48 27 0 27 14 30 20 29 20 18 43 43 47 21 26 35 25 43 27 22 41 8 16 4 47 15 46 7 40 36 32 30 16 14 41 13 32 20 8 34 40 16 17 22 37 31 19 29 25 24 30 35 15 23 18 34 21 38 41 31 28 11 17 39 19 22 29 28 20 10 26 36 24 26 32 41
20 9 27 4 9 23 23 20 16 9 26 20 23 17 33 13 35 21 22 28 20 17 17 28 24 20 26 19 5 16 17 26 4 25 34 16 15 5 15 27 22 5 8 19 29 28 26 14 19 17 20 13 22 27 24 26 20 28 21 10 35 34 18 19 14 13 28 31 12 13 14 10 24 15 16 21 25 27 0 29 3 18 26 13 14 15 24 20 27 25 8 9 18 10 8 18 28 26 25 20 31 22 23 19 22 6 25 15 13 20 17 14 28 22 7 21 32 31 10 10 32 13 6 12 3 22 18 12 4 15 7 19 11 15 17 18 21 15 12 9 10 6 13 17 28 22 21 14 7 14 20
48 38 8 29 30 34 8 12 15 38 13 19 17 13 29 17 28 8 25 1 33 44 44 32 28 32 12 47 32 30 32 38 25 45 29 41 44 33 43 50 46 26 21 40 1 51 49 38 37 33 49 18 7 51 15 6 18 5 18 19 29 33 28 48 25 37 5 54 17 28 15 24 36 26 22 49 16 14 29 0 32 13 40 17 25 44 48 49 7 13 37 29 45 25 22 44 22 28 10 49 29 43 19 36 44 33 40 14 17 37 12 29 32 19 35 36 30 31 26 39 17 26 31 22 26 39 31 18 25 15 35 13 40 40 37 21 8 26 41 20 20 30 24 30 24 19 42 30 28 36 44
16 6 30 3 7 22 26 23 19 7 29 22 26 20 34 16 36 24 23 31 19 16 13 28 24 19 29 18 7 14 15 24 7 23 35 15 12 6 14 27 18 6 11 17 32 25 23 11 17 19 17 16 25 24 27 29 23 31 24 13 36 34 19 16 14 10 31 28 15 15 17 11 22 18 19 20 28 30 3 32 0 21 24 16 14 14 21 17 30 28 7 8 15 13 11 15 30 27 28 17 32 22 25 21 20 8 23 18 16 22 20 16 29 24 7 23 33 32 10 9 35 13 4 15 6 20 20 15 7 18 7 22 8 16 15 21 24 15 11 12 13 8 16 17 29 25 18 12 6 12 17
40 26 16 21 25 35 12 1 3 26 7 23 6 14 35 5 34 10 29 12 32 32 36 37 32 32 8 35 20 29 30 38 15 41 35 29 32 21 31 37 40 20 16 34 13 45 43 32 34 21 37 17 7 45 6 8 5 14 5 11 35 39 29 36 24 30 10 48 12 16 8 21 36 13 9 37 7 20 18 13 21 0 39 6 24 32 41 37 9 7 25 24 36 13 10 36 28 34 16 38 35 31 25 24 38 21 38 8 16 25 11 17 38 24 23 23 36 37 23 27 14 24 23 10 18 36 18 16 18 5 23 1 29 28 32 8 9 25 29 11 8 18 12 29 30 6 37 27 22 31 37
25 28 32 22 17 7 32 39 36 29 46 21 44 27 24 34 27 32 16 39 7 38 21 14 14 8 46 40 31 10 9 4 27 10 25 39 30 30 36 49 20 21 23 10 40 19 17 15 8 43 35 22 36 21 45 41 42 35 43 28 26 23 12 32 15 15 42 22 27 39 31 18 5 41 41 41 46 29 26 40 24 39 0 33 15 35 18 34 43 46 31 17 22 36 31 20 23 17 30 28 22 46 22 45 11 32 2 31 23 46 29 40 15 22 31 47 23 21 16 32 53 15 20 36 24 5 44 23 23 34 31 40 22 40 10 43 33 14 33 28 32 32 39 10 22 44 12 12 19 13 18
33 21 16 15 18 30 12 7 3 21 13 18 11 9 31 1 32 10 24 16 27 27 30 32 27 27 14 30 15 23 24 33 10 34 31 24 27 16 26 34 34 14 10 28 17 39 37 26 28 18 32 12 10 39 12 13 9 16 10 5 32 34 24 31 19 24 15 42 7 11 3 15 31 10 8 32 13 20 13 17 16 6 33 0 19 27 35 32 15 13 20 18 31 8 5 30 25 29 16 33 30 26 20 20 32 16 32 4 11 21 7 12 33 19 18 20 31 32 17 22 20 19 17 5 12 30 15 11 12 2 18 7 24 23 26 10 9 20 24 5 3 13 8 24 25 11 31 21 16 25 31
28 21 19 11 9 11 18 24 22 21 31 9 30 12 19 20 21 17 8 25 8 30 23 14 10 8 31 32 19 5 7 14 13 20 20 30 26 19 28 41 25 9 9 15 26 26 24 17 12 30 31 8 21 28 30 26 28 22 29 14 21 20 5 29 0 16 27 29 12 25 16 4 12 27 27 34 31 18 14 25 14 24 15 19 0 28 25 31 28 31 21 7 25 22 17 23 16 13 17 29 18 36 12 33 19 20 15 16 8 34 14 26 15 11 21 34 19 18 4 23 38 1 12 22 10 14 30 8 9 19 21 25 20 29 13 29 18 1 25 14 18 18 25 5 15 30 18 6 9 14 23
17 8 42 17 20 35 38 33 29 7 37 36 32 32 48 27 50 36 37 43 32 3 18 42 38 32 38 4 12 27 28 37 19 32 49 5 7 11 2 14 23 20 24 26 44 32 30 20 27 14 5 29 37 29 34 40 28 43 29 25 50 48 33 8 28 20 42 34 27 17 29 25 35 20 23 6 34 43 15 44 14 32 35 27 28 0 27 6 41 37 7 22 18 19 22 20 43 41 40 13 46 12 38 13 29 11 33 30 28 13 32 16 42 37 9 15 47 46 24 5 43 27 17 22 18 30 17 27 19 29 9 33 13 6 25 25 36 29 3 24 24 14 20 30 43 29 27 25 20 22 22
10 21 45 21 18 25 41 44 39 22 49 34 47 35 42 37 45 40 32 48 23 30 9 32 32 24 50 30 27 21 19 22 27 9 43 32 20 26 29 41 4 22 27 10 49 5 3 10 14 37 24 31 43 3 48 48 44 46 45 31 44 41 27 20 25 11 49 8 32 35 35 25 23 38 40 32 48 43 24 48 21 41 18 35 25 27 0 23 50 48 24 20 9 34 31 7 41 35 42 14 40 39 37 39 7 27 16 36 31 40 36 35 33 36 26 41 41 39 22 25 55 24 18 35 23 14 39 31 24 37 26 42 14 33 12 42 40 26 26 30 33 29 37 24 40 45 7 19 20 12 5
13 11 47 20 22 37 43 38 34 11 43 39 38 37 50 32 52 41 39 48 34 8 15 43 40 34 44 7 17 29 29 37 24 29 51 11 5 16 8 18 19 23 28 25 49 28 26 19 26 20 1 33 42 25 40 45 34 48 35 30 52 50 35 3 31 19 47 30 32 22 34 28 36 25 29 9 40 47 20 49 17 37 34 32 31 6 23 0 46 43 12 24 14 24 27 16 47 43 45 9 48 16 42 19 26 16 32 35 33 19 37 22 44 41 14 21 49 48 27 10 49 30 19 27 23 29 23 32 24 34 14 38 12 12 24 31 41 32 8 29 29 19 26 32 46 35 24 27 22 21 18
48 35 15 30 32 38 13 8 12 35 6 24 11 16 36 14 35 11 30 7 36 41 45 38 33 36 5 44 29 33 35 42 24 48 36 38 41 30 40 46 48 28 23 42 6 53 51 40 40 30 46 21 7 53 8 2 13 12 12 19 36 40 32 45 28 39 2 56 18 25 15 27 40 22 18 46 9 21 27 7 30 9 43 15 28 41 50 46 0 6 34 31 45 22 19 45 29 35 17 47 36 40 26 33 46 30 43 14 20 34 14 26 39 25 32 31 37 38 29 36 10 29 32 19 27 42 27 21 26 13 32 8 38 37 40 16 10 29 38 20 17 27 21 33 31 13 45 33 30 39 46
47 33 20 28 32 42 18 7 10 33 0 29 6 20 41 12 40 16 35 12 39 37 43 43 38 39 1 40 27 36 37 45 22 48 41 34 39 28 36 42 47 27 23 41 12 52 50 39 41 26 43 24 12 52 3 7 9 17 8 18 41 45 35 43 31 37 8 55 19 21 15 28 43 18 14 42 3 26 25 13 28 7 46 13 31 37 48 43 6 0 32 31 43 19 17 43 34 40 22 45 41 36 31 29 45 27 45 15 23 30 17 22 44 30 29 27 42 43 30 33 7 31 30 17 25 43 23 23 25 12 29 6 36 33 39 12 15 32 35 18 15 25 17 36 36 8 44 34 29 38 44
17 3 35 10 14 29 31 26 22 2 32 28 27 25 41 20 43 29 30 36 26 8 15 35 31 26 33 11 5 21 22 31 12 29 42 8 8 4 7 20 20 13 16 23 37 29 27 17 23 13 12 21 30 26 29 33 23 36 24 18 43 41 26 11 21 16 35 31 20 12 22 18 29 15 18 13 29 35 8 37 7 25 31 20 21 7 24 12 34 32 0 15 16 12 15 17 36 34 33 15 39 15 31 15 26 4 29 23 21 16 25 12 36 30 2 17 40 39 17 2 38 20 11 15 11 26 15 20 12 22 2 26 10 9 21 20 29 22 4 17 17 7 15 24 36 24 24 19 13 18 19
21 14 25 5 2 14 22 25 21 15 31 16 29 16 26 19 28 21 15 29 11 24 16 21 17 12 32 26 14 7 8 17 10 18 27 23 19 13 22 35 18 4 8 12 30 23 21 10 10 26 25 11 24 23 30 29 26 27 27 13 28 27 11 22 7 9 30 26 13 22 17 5 15 24 24 28 31 25 9 29 8 24 17 18 7 22 20 24 31 31 15 0 18 19 14 16 23 19 23 22 24 30 19 28 16 15 16 17 12 29 17 23 21 18 15 30 25 24 3 17 38 6 5 19 7 13 27 11 6 19 15 25 13 24 10 26 21 8 19 13 16 15 22 10 22 28 15 5 2 8 16
3 13 43 16 16 27 39 38 34 14 44 34 41 33 42 31 45 37 32 45 24 21 2 33 32 24 44 21 19 21 19 25 22 15 43 23 11 18 20 32 5 19 24 12 46 14 12 8 15 29 15 29 39 11 42 44 37 44 38 27 44 41 27 11 25 9 45 16 28 27 31 23 25 30 33 23 43 43 18 45 15 36 22 31 25 18 9 14 45 43 16 18 0 27 26 2 41 35 41 6 40 30 37 30 12 20 20 32 29 31 33 28 34 36 18 32 41 39 21 17 50 24 14 29 19 17 31 28 20 33 18 37 7 24 12 35 37 26 17 26 28 21 30 24 40 39 10 19 17 11 4
29 14 24 14 19 33 20 14 10 14 19 24 13 17 38 8 39 18 28 24 30 19 26 36 31 30 20 22 8 26 27 36 9 35 38 16 20 9 18 26 31 15 13 29 25 38 36 24 29 10 24 16 18 37 16 21 10 24 11 9 38 39 27 24 22 23 23 41 11 4 11 18 34 5 6 24 16 27 10 25 13 13 36 8 22 19 34 24 22 19 12 19 27 0 5 28 31 33 24 27 36 19 26 13 32 8 35 12 15 14 15 5 37 25 10 13 37 37 20 14 25 22 16 3 12 32 9 15 13 10 10 14 21 15 27 8 17 23 16 8 6 6 3 27 31 12 31 24 17 24 30
28 16 20 11 14 28 16 11 7 16 17 18 15 11 32 5 33 14 23 21 25 22 25 30 26 25 18 25 10 21 22 31 5 30 32 20 22 11 21 31 30 10 8 24 22 35 33 22 24 15 27 11 15 35 16 18 12 21 13 4 33 34 22 26 17 20 20 38 6 9 7 13 29 10 10 27 17 22 8 22 11 10 31 5 17 22 31 27 19 17 15 14 26 5 0 26 26 28 19 28 31 24 21 18 28 11 30 8 10 19 10 10 31 20 13 18 32 32 15 17 24 17 13 5 8 27 14 9 8 7 13 11 19 19 22 12 14 18 19 3 2 8 8 22 26 14 27 19 12 21 27
5 14 41 15 14 24 37 38 33 15 43 32 41 31 40 31 43 36 30 44 21 23 2 31 30 22 44 23 20 19 17 23 21 13 41 25 13 19 22 34 3 18 23 10 45 12 10 6 12 30 17 27 38 9 42 43 38 42 39 26 42 39 25 13 23 7 44 14 27 28 30 21 22 31 34 25 43 41 18 44 15 36 20 30 23 20 7 16 45 43 17 16 2 28 26 0 39 33 39 8 38 32 35 32 10 20 18 31 27 33 32 28 31 34 19 34 39 37 19 18 50 22 13 30 18 15 32 27 19 32 19 37 7 26 10 36 36 24 19 25 28 22 31 22 38 40 8 17 16 9 2
44 36 14 27 25 16 16 28 27 37 34 8 34 16 7 26 7 18 9 22 18 46 39 12 9 17 34 48 33 20 22 20 25 33 7 44 42 33 43 55 41 24 20 31 23 42 40 33 27 42 47 15 22 44 34 27 33 17 33 22 7 11 14 45 16 32 27 45 20 36 22 19 18 35 33 49 35 8 28 22 30 28 23 25 16 43 41 47 29 34 36 23 41 31 26 39 0 8 12 45 7 50 5 44 34 34 25 21 16 45 18 36 12 6 35 44 8 9 20 38 39 17 28 30 25 27 40 16 24 24 35 29 36 43 29 34 19 15 40 22 26 32 33 17 2 34 34 22 25 30 39
38 34 20 24 21 10 22 34 32 34 40 11 40 20 7 30 10 24 5 28 12 43 33 4 3 11 40 45 33 14 16 13 26 27 8 43 38 32 41 54 35 22 21 25 29 36 34 27 21 43 44 17 28 38 40 33 38 23 39 24 9 7 8 42 13 26 33 39 22 38 26 17 12 37 37 47 41 16 26 28 27 34 17 29 13 41 35 43 35 40 34 19 35 33 28 33 8 0 18 40 5 48 9 45 28 32 19 26 18 46 23 38 4 10 33 46 6 5 16 36 45 13 24 32 23 21 42 18 22 29 33 35 32 41 23 39 25 12 38 24 28 31 35 11 6 40 28 16 21 24 33
44 34 2 25 25 24 4 16 16 34 22 9 22 8 19 16 18 6 15 10 23 40 39 22 17 22 22 43 28 22 24 28 21 37 19 38 40 29 39 50 41 22 17 32 11 43 41 33 29 33 45 12 10 45 22 15 21 5 21 15 19 23 18 44 17 32 15 46 13 27 13 18 26 26 23 45 23 4 25 10 28 16 30 16 17 40 42 45 17 22 33 23 41 24 19 39 12 18 0 45 19 42 9 36 36 29 31 12 12 37 9 28 22 9 31 36 20 21 20 35 27 18 27 21 22 31 31 13 21 14 31 17 36 38 30 24 7 17 37 16 18 26 24 20 14 22 35 23 24 30 39
4 13 47 20 20 32 43 40 36 13 46 38 41 37 47 33 50 41 37 48 29 16 7 38 37 29 46 16 19 26 24 31 24 21 48 18 7 18 15 27 10 23 28 18 49 19 17 13 20 26 10 33 42 16 44 46 37 48 38 30 49 46 32 6 29 14 48 21 32 27 34 27 30 30 33 18 43 47 20 49 17 38 28 33 29 13 14 9 47 45 15 22 6 27 28 8 45 40 45 0 45 25 41 26 18 19 26 35 33 26 37 27 39 40 17 28 46 44 25 14 52 28 18 29 23 23 29 32 24 35 17 39 9 19 18 35 41 30 13 29 30 21 30 29 44 39 16 24 21 16 10
43 39 21 29 26 15 23 35 33 39 41 13 41 21 2 31 5 25 10 29 17 48 38 8 8 16 41 50 37 19 21 18 30 32 3 48 43 37 46 59 40 27 25 30 30 41 39 32 26 47 49 20 29 43 41 34 39 24 40 27 4 4 13 47 18 31 34 44 25 41 27 22 17 40 38 52 42 15 31 29 32 35 22 30 18 46 40 48 36 41 39 24 40 36 31 38 7 5 19 45 0 53 10 49 33 37 24 27 21 50 24 41 7 11 38 49 1 2 21 41 46 18 29 35 28 26 45 21 27 30 38 36 37 46 28 40 26 17 43 27 31 36 38 16 5 41 33 21 26 29 38
29 18 44 26 30 45 40 32 28 17 36 42 30 36 56 27 57 37 45 42 42 9 30 51 47 42 37 9 17 37 38 47 25 44 56 7 19 17 10 6 35 27 30 38 43 44 42 32 38 10 15 35 36 41 33 39 27 43 28 29 57 56 40 19 36 31 41 46 31 15 30 32 45 18 22 9 33 46 22 43 22 31 46 26 36 12 39 16 40 36 15 30 30 19 24 32 50 48 42 25 53 0 45 7 41 15 44 30 34 6 33 14 50 44 15 9 54 53 32 14 42 35 26 21 25 41 13 33 26 28 15 32 25 6 36 24 35 37 13 27 25 18 19 39 50 28 39 34 28 33 34
40 31 11 22 21 15 13 25 23 32 31 3 31 11 10 21 11 15 6 19 15 41 35 13 8 14 31 43 28 16 18 19 20 29 10 39 37 28 38 50 37 19 15 27 20 38 36 29 23 37 42 10 19 40 31 24 29 14 30 17 11 14 10 41 12 28 24 41 15 31 17 14 17 30 28 44 32 7 23 19 25 25 22 20 12 38 37 42 26 31 31 19 37 26 21 35 5 9 9 41 10 45 0 39 30 29 23 17 11 40 14 31 13 1 30 39 11 12 16 33 36 13 23 25 20 23 35 11 19 20 30 26 32 38 25 30 16 11 35 17 21 27 28 13 5 31 30 18 20 26 35
30 18 38 23 28 43 33 25 21 17 29 37 23 30 51 20 52 30 41 35 40 11 30 47 43 40 30 14 14 35 36 45 20 44 51 8 19 15 11 13 35 24 25 38 36 44 42 32 38 3 18 30 29 41 26 32 20 36 21 23 52 53 37 21 33 31 34 46 25 9 24 29 43 11 15 14 26 40 19 36 21 24 45 20 33 13 39 19 33 29 15 28 30 13 18 32 44 45 36 26 49 7 39 0 41 13 44 24 28 1 27 8 47 38 14 2 50 50 29 14 35 32 25 15 22 41 6 27 23 22 14 25 25 7 36 17 29 34 13 21 19 14 12 36 44 21 39 33 26 33 34
15 23 38 19 14 18 37 40 36 24 46 27 44 31 35 34 38 36 25 44 16 32 12 25 25 17 47 32 27 14 12 15 24 3 36 34 22 26 31 43 9 18 23 4 45 8 6 9 7 39 27 26 39 10 44 44 40 41 41 27 37 34 20 23 19 10 45 11 28 35 31 20 16 38 38 34 45 36 22 44 20 38 11 32 19 29 7 26 46 45 26 16 12 32 28 10 34 28 36 18 33 41 30 41 0 28 9 32 27 42 32 36 26 29 27 43 34 32 17 27 52 19 16 33 21 7 40 26 20 33 27 39 16 35 6 40 36 19 28 27 30 28 35 17 33 42 2 13 16 8 8
21 7 31 10 15 30 27 22 18 6 27 26 21 21 40 16 41 25 29 32 27 11 18 35 31 27 28 14 1 22 23 32 9 31 40 10 12 2 10 21 23 11 14 25 33 32 30 19 25 11 16 19 26 29 24 29 18 32 19 14 41 40 24 15 20 18 31 34 16 8 18 16 30 11 14 16 24 32 6 33 8 21 32 16 20 11 27 16 30 27 4 15 20 8 11 20 34 32 29 19 37 15 29 13 28 0 31 19 19 14 21 8 34 28 2 15 38 37 16 6 33 19 12 11 9 28 12 18 10 18 2 22 13 9 23 16 25 21 8 13 13 3 11 23 34 20 26 20 13 20 22
23 26 33 21 16 9 33 39 36 27 46 22 44 27 26 33 29 32 17 40 8 36 19 16 16 9 46 38 30 10 8 6 26 8 27 37 28 29 34 47 18 20 22 8 41 17 15 13 6 42 33 23 36 19 44 41 41 36 42 27 28 25 13 30 15 13 42 20 26 38 30 17 7 40 40 39 45 30 25 40 23 38 2 32 15 33 16 32 43 45 29 16 20 35 30 18 25 19 31 26 24 44 23 44 9 31 0 31 23 45 29 39 17 23 30 46 25 23 15 30 52 15 19 35 23 3 43 23 22 33 30 39 20 38 8 42 33 15 31 27 31 31 38 11 24 43 10 11 18 11 16
34 24 12 16 18 27 8 8 6 24 15 15 14 6 28 5 28 6 21 13 24 30 31 29 24 24 15 33 18 21 23 30 11 34 28 27 30 19 29 38 34 14 9 28 14 39 37 26 27 22 35 9 7 39 14 12 12 13 13 5 29 31 21 34 16 25 13 42 5 15 1 14 28 14 12 35 15 16 15 14 18 8 31 4 16 30 36 35 14 15 23 17 32 12 8 31 21 26 12 35 27 30 17 24 32 19 31 0 8 25 3 16 30 16 21 24 28 29 16 25 22 16 18 9 13 29 19 8 12 3 21 9 26 27 26 13 6 17 27 6 6 16 12 21 22 14 31 20 16 25 32
32 22 14 13 13 19 10 16 14 22 23 8 22 4 22 12 23 9 13 17 16 30 27 21 16 16 23 32 18 13 15 22 10 28 22 29 28 18 28 40 29 10 5 23 18 34 32 21 20 25 33 1 13 34 22 18 20 15 21 6 23 24 13 32 8 20 19 37 4 19 8 7 20 19 19 34 23 14 13 17 16 16 23 11 8 28 31 33 20 23 21 12 29 15 10 27 16 18 12 33 21 34 11 28 27 19 23 8 0 29 6 20 22 10 20 28 22 22 9 23 30 9 15 14 10 22 24 1 9 11 20 17 24 28 20 21 10 9 25 7 10 17 17 13 16 22 25 13 12 19 27
30 19 39 24 29 44 34 26 22 18 30 38 24 31 52 21 53 31 42 36 41 11 31 48 44 41 31 14 15 36 37 46 21 45 52 8 20 16 11 12 36 25 26 39 37 45 43 33 39 4 18 31 30 42 27 33 21 37 22 24 53 54 38 21 34 32 35 47 26 10 25 30 44 12 16 14 27 41 20 37 22 25 46 21 34 13 40 19 34 30 16 29 31 14 19 33 45 46 37 26 50 6 40 1 42 14 45 25 29 0 28 9 48 39 15 3 51 51 30 15 36 33 26 16 23 42 7 28 24 23 15 26 26 7 37 18 30 35 14 22 20 15 13 37 45 22 40 34 27 34 35
36 26 10 17 18 24 6 11 9 26 17 12 17 3 24 8 25 4 18 11 22 32 31 26 21 22 18 35 20 19 21 28 13 34 24 30 32 21 31 41 34 14 9 28 12 39 37 26 26 25 37 7 7 39 17 12 15 11 16 7 25 28 18 36 14 25 14 42 5 18 4 13 26 17 15 37 18 13 17 12 20 11 29 7 14 32 36 37 14 17 25 17 33 15 10 32 18 23 9 37 24 33 14 27 32 21 29 3 6 28 0 19 27 13 23 27 25 26 15 27 24 15 19 12 14 28 22 7 13 6 23 12 28 29 26 16 4 15 29 8 9 18 15 19 19 17 31 19 16 25 32
29 15 29 18 23 37 25 18 14 14 22 29 16 22 43 12 44 22 33 28 34 15 26 40 36 34 23 18 9 30 31 40 13 39 43 12 20 10 14 20 31 19 18 33 29 40 38 27 33 5 21 21 22 37 19 25 13 29 14 14 43 44 31 23 26 26 27 42 16 1 16 22 38 4 8 20 19 32 14 29 16 17 40 12 26 16 35 22 26 22 12 23 28 5 10 28 36 38 28 27 41 14 31 8 36 8 39 16 20 9 19 0 41 30 10 8 42 42 24 13 28 26 20 7 16 36 4 19 17 14 10 18 21 11 31 10 21 27 14 13 11 8 5 31 36 14 34 28 21 28 30
38 35 24 26 22 8 26 38 36 35 44 15 44 24 9 34 12 28 9 32 11 44 33 1 6 10 44 46 34 15 15 11 28 25 10 45 39 34 42 55 33 23 24 23 33 34 32 26 19 45 45 21 32 36 44 37 42 27 43 28 11 8 10 42 15 25 37 37 26 40 30 19 10 41 41 48 45 20 28 32 29 38 15 33 15 42 33 44 39 44 36 21 34 37 31 31 12 4 22 39 7 50 13 47 26 34 17 30 22 48 27 41 0 14 35 49 8 6 18 38 49 15 25 36 25 19 45 22 24 33 35 39 32 43 21 43 29 14 39 28 32 33 39 12 10 44 26 17 23 23 31
39 30 11 21 20 15 12 24 22 31 30 2 30 10 11 20 12 14 6 19 15 39 34 13 8 14 30 42 27 15 17 19 19 29 11 38 36 27 37 49 36 18 14 26 20 37 35 28 22 35 41 9 18 39 30 23 28 14 29 16 12 15 10 40 11 27 23 40 14 29 16 13 17 29 27 43 31 8 22 19 24 24 22 19 11 37 36 41 25 30 30 18 36 25 20 34 6 10 9 40 11 44 1 38 29 28 23 16 10 39 13 30 14 0 29 38 12 13 15 32 35 12 22 24 19 23 34 10 18 19 29 25 31 37 24 29 15 10 34 16 20 26 27 13 6 30 29 17 19 25 34
19 5 33 10 14 29 29 24 20 4 29 27 23 23 40 18 42 27 29 34 26 9 17 35 31 26 30 12 3 21 22 31 10 30 41 9 10 2 8 21 22 12 15 24 35 31 29 18 24 12 14 20 28 28 26 31 20 34 21 16 42 41 25 13 21 17 33 33 18 10 20 17 29 13 16 14 26 34 7 35 7 23 31 18 21 9 26 14 32 29 2 15 18 10 13 19 35 33 31 17 38 15 30 14 27 2 30 21 20 15 23 10 35 29 0 16 39 38 17 4 35 20 11 13 10 27 13 19 11 20 0 24 12 9 22 18 27 22 6 15 15 5 13 24 35 22 25 19 13 19 21
32 20 37 25 30 44 32 24 21 19 27 37 21 30 51 20 52 30 41 35 41 13 32 48 44 41 28 16 16 37 38 47 21 46 51 10 21 17 13 15 37 26 26 40 35 46 44 34 40 4 20 29 29 43 24 30 18 36 19 22 51 52 39 23 34 33 32 48 24 9 24 30 45 10 14 16 24 40 21 36 23 23 47 20 34 15 41 21 31 27 17 30 32 13 18 34 44 46 36 28 49 9 39 2 43 15 46 24 28 3 27 8 49 38 16 0 50 50 31 16 33 34 27 15 23 43 5 27 24 22 16 23 27 9 38 15 29 35 15 21 19 15 12 38 44 19 41 35 28 35 36
44 40 22 30 27 16 24 36 34 40 42 14 42 22 1 32 4 26 11 30 18 49 39 9 9 17 42 51 38 20 22 19 31 33 2 49 44 38 47 60 41 28 26 31 31 42 40 33 27 48 50 21 30 44 42 35 40 25 41 28 3 3 14 48 19 32 35 45 26 42 28 23 18 41 39 53 43 16 32 30 33 36 23 31 19 47 41 49 37 42 40 25 41 37 32 39 8 6 20 46 1 54 11 50 34 38 25 28 22 51 25 42 8 12 39 50 0 2 22 42 47 19 30 36 29 27 46 22 28 31 39 37 38 47 29 41 27 18 44 28 32 37 39 17 6 42 34 22 27 30 39
43 39 23 29 26 14 25 37 35 39 43 14 43 23 3 33 6 27 10 31 16 48 38 7 8 15 43 50 38 19 20 17 31 31 4 48 43 37 46 59 39 27 26 29 32 40 38 31 25 48 49 21 31 42 43 36 41 26 42 28 5 2 13 47 18 30 36 43 26 42 29 22 16 41 40 52 44 17 31 31 32 37 21 32 18 46 39 48 38 43 39 24 39 37 32 37 9 5 21 44 2 53 12 50 32 37 23 29 22 51 26 42 6 13 38 50 2 0 21 41 48 18 29 36 28 25 46 22 27 32 38 38 37 46 27 42 28 17 43 28 32 36 39 16 7 43 32 21 26 28 37
24 16 22 7 5 13 19 23 20 17 30 13 28 13 23 18 25 18 12 26 10 26 19 18 14 10 30 28 15 6 7 16 11 19 24 26 22 15 24 37 21 5 7 13 27 24 22 13 11 27 27 8 22 26 29 27 26 24 27 12 25 24 8 25 4 12 28 27 11 23 15 2 14 25 25 30 30 22 10 26 10 23 16 17 4 24 22 27 29 30 17 3 21 20 15 19 20 16 20 25 21 32 16 29 17 16 15 16 9 30 15 24 18 15 17 31 22 21 0 19 37 3 8 20 8 13 28 8 7 18 17 24 16 25 11 27 19 5 21 12 16 16 23 7 19 28 16 4 5 10 19
17 4 37 12 16 31 33 28 24 3 33 30 27 27 43 22 45 31 32 38 28 6 16 37 33 28 34 9 7 23 24 33 14 30 44 7 7 6 5 18 21 15 18 24 39 30 28 18 24 13 10 23 32 27 30 35 24 38 25 20 45 43 28 10 23 17 37 32 22 13 24 20 31 16 20 11 30 37 10 39 9 27 32 22 23 5 25 10 36 33 2 17 17 14 17 18 38 36 35 14 41 14 33 14 27 6 30 25 23 15 27 13 38 32 4 16 42 41 19 0 39 22 13 17 13 27 15 22 14 24 4 28 11 8 22 22 31 24 2 19 19 9 17 26 38 26 25 21 15 19 20
54 40 25 35 39 48 23 14 17 40 7 34 12 26 46 19 45 21 40 17 46 43 50 48 43 46 7 46 33 43 44 52 29 55 46 40 45 34 42 48 54 34 30 48 16 59 57 46 48 32 49 31 17 59 10 12 15 22 14 25 46 50 42 49 38 44 12 62 26 27 22 35 50 24 20 48 9 31 32 17 35 14 53 20 38 43 55 49 10 7 38 38 50 25 24 50 39 45 27 52 46 42 36 35 52 33 52 22 30 36 24 28 49 35 35 33 47 48 37 39 0 38 37 23 32 50 29 30 32 19 35 13 43 39 46 18 20 39 41 25 22 31 23 43 41 14 51 41 36 45 51
27 19 20 10 8 11 19 24 22 20 31 10 30 13 20 20 22 18 9 26 8 29 22 14 10 8 31 31 18 5 7 14 13 20 21 29 25 18 27 40 24 8 9 15 27 26 24 16 12 30 30 8 22 28 30 27 28 23 29 14 22 20 5 28 1 15 28 29 12 25 16 4 12 27 27 33 31 19 13 26 13 24 15 19 1 27 24 30 29 31 20 6 24 22 17 22 17 13 18 28 18 35 13 32 19 19 15 16 9 33 15 26 15 12 20 34 19 18 3 22 38 0 11 22 10 14 30 8 9 19 20 25 19 28 12 29 19 2 24 14 18 18 25 5 16 30 17 5 8 13 22
17 9 29 2 3 18 25 25 20 10 30 20 28 19 31 18 33 23 20 31 15 19 13 25 21 15 31 21 11 10 11 20 8 19 32 19 14 10 17 30 16 5 10 13 32 22 20 8 13 23 20 15 25 21 29 30 25 30 26 13 33 31 16 18 12 7 31 25 14 19 17 9 18 21 22 23 30 29 6 31 4 23 20 17 12 17 18 19 32 30 11 5 14 16 13 13 28 24 27 18 29 26 23 25 16 12 19 18 15 26 19 20 25 22 11 27 30 29 8 13 37 11 0 17 5 16 24 14 6 19 11 24 9 20 11 24 23 13 14 12 15 12 19 13 27 27 15 8 3 8 14
31 17 21 15 19 33 17 11 7 16 17 22 11 14 36 5 37 15 27 21 30 22 28 35 30 30 17 25 10 26 27 36 9 35 36 19 22 11 21 28 33 15 13 29 22 40 38 26 29 12 27 15 15 39 14 18 8 21 9 8 37 38 27 26 22 24 20 42 10 6 8 18 34 5 5 27 14 25 12 22 15 10 36 5 22 22 35 27 19 17 15 19 29 3 5 30 30 32 21 29 35 21 25 15 33 11 35 9 14 16 12 7 36 24 13 15 36 36 20 17 23 22 17 0 12 32 10 14 13 7 13 11 23 18 27 7 14 23 19 8 4 8 3 27 30 10 32 24 17 25 31
22 12 24 3 7 21 20 19 15 12 25 17 23 14 30 13 31 18 19 25 18 20 18 25 21 18 26 22 8 14 15 24 3 23 30 19 18 8 18 30 22 3 5 17 26 28 26 14 17 19 23 10 20 27 24 25 20 25 21 8 31 31 16 22 11 12 26 30 9 15 12 6 22 17 17 24 25 24 3 26 6 18 24 12 10 18 23 23 27 25 11 7 19 12 8 18 25 23 22 23 28 25 20 22 21 9 23 13 10 23 14 16 25 19 10 23 29 28 8 13 32 10 5 12 0 20 20 9 1 14 10 19 14 18 15 19 18 11 15 7 10 8 15 15 25 22 20 12 5 13 19
20 23 33 18 13 11 32 36 33 24 43 22 41 26 28 31 31 31 18 39 9 33 16 18 18 10 43 34 27 9 7 8 23 6 29 34 24 26 31 44 15 17 20 5 40 15 13 10 3 39 30 21 35 17 42 40 39 36 40 25 30 27 13 27 14 10 41 18 24 35 28 15 9 37 37 36 43 30 22 39 20 36 5 30 14 30 14 29 42 43 26 13 17 32 27 15 27 21 31 23 26 41 23 41 7 28 3 29 22 42 28 36 19 23 27 43 27 25 13 27 50 14 16 32 20 0 40 21 19 31 27 37 17 35 5 39 32 14 28 25 29 28 35 11 26 41 7 9 15 8 13
32 18 32 22 27 41 27 19 16 17 23 33 17 25 47 15 48 25 37 30 38 15 30 44 40 38 24 18 13 34 35 44 17 43 47 12 22 14 15 19 35 23 22 37 31 44 42 31 37 3 22 25 24 41 20 26 14 31 15 18 47 48 35 25 30 30 28 46 20 5 19 26 42 5 9 19 20 35 18 31 20 18 44 15 30 17 39 23 27 23 15 27 31 9 14 32 40 42 31 29 45 13 35 6 40 12 43 19 24 7 22 4 45 34 13 5 46 46 28 15 29 30 24 10 20 40 0 23 21 17 13 19 25 11 35 11 24 31 16 17 14 12 7 35 40 15 38 32 25 32 34
31 21 15 12 13 19 11 16 14 21 23 8 22 5 22 12 23 10 13 18 16 29 26 21 16 16 23 31 17 13 15 22 9 27 22 28 27 17 27 39 29 9 4 22 19 33 31 21 19 25 32 1 14 34 22 19 20 16 21 6 23 24 13 31 8 20 20 36 4 19 8 6 20 19 19 33 23 15 12 18 15 16 23 11 8 27 31 32 21 23 20 11 28 15 9 27 16 18 13 32 21 33 11 27 26 18 23 8 1 28 7 19 22 10 19 27 22 22 8 22 30 8 14 14 9 21 23 0 8 11 19 17 23 27 19 21 11 9 24 6 10 16 17 13 16 22 24 12 11 18 27
23 13 23 4 6 20 19 19 15 13 25 16 23 13 28 13 30 17 17 24 17 21 19 23 19 17 26 23 9 13 14 23 4 22 29 20 19 9 19 31 22 2 4 16 25 27 25 14 16 20 24 9 19 27 24 24 20 24 21 7 30 29 14 23 9 13 25 30 8 16 11 5 21 18 18 25 25 23 4 25 7 18 23 12 9 19 24 24 26 25 12 6 20 13 8 19 24 22 21 24 27 26 19 23 20 10 22 12 9 24 13 17 24 18 11 24 28 27 7 14 32 9 6 13 1 19 21 8 0 13 11 19 15 19 14 20 17 10 16 7 10 9 16 14 24 22 19 11 4 13 20
35 23 14 17 19 30 10 6 3 23 12 18 11 9 30 2 31 8 24 14 27 29 32 32 27 27 13 32 17 24 25 33 11 35 30 26 29 18 28 35 35 15 11 29 15 40 38 27 29 19 34 12 8 40 11 11 9 15 10 6 31 34 24 33 19 26 13 43 7 13 3 16 31 12 10 34 12 18 15 15 18 5 34 2 19 29 37 34 13 12 22 19 33 10 7 32 24 29 14 35 30 28 20 22 33 18 33 3 11 23 6 14 33 19 20 22 31 32 18 24 19 19 19 7 14 31 17 11 13 0 20 6 26 25 27 10 8 20 26 7 5 15 10 24 25 11 32 22 17 26 33
19 5 33 10 14 29 29 24 20 4 29 27 23 23 40 18 42 27 29 34 26 9 17 35 31 26 30 12 3 21 22 31 10 30 41 9 10 2 8 21 22 12 15 24 35 31 29 18 24 12 14 20 28 28 26 31 20 34 21 16 42 41 25 13 21 17 33 33 18 10 20 17 29 13 16 14 26 34 7 35 7 23 31 18 21 9 26 14 32 29 2 15 18 10 13 19 35 33 31 17 38 15 30 14 27 2 30 21 20 15 23 10 35 29 0 16 39 38 17 4 35 20 11 13 10 27 13 19 11 20 0 24 12 9 22 18 27 21 6 15 15 5 13 24 35 22 25 19 13 19 21
41 27 17 22 26 36 13 1 4 27 6 24 5 15 36 6 35 11 30 12 33 33 37 38 33 33 7 36 21 30 31 39 16 42 36 30 33 22 32 38 41 21 17 35 12 46 44 33 35 22 38 18 8 46 5 7 5 15 5 12 36 40 30 37 25 31 9 49 13 17 9 22 37 14 10 38 6 21 19 13 22 1 40 7 25 33 42 38 8 6 26 25 37 14 11 37 29 35 17 39 36 32 26 25 39 22 39 9 17 26 12 18 39 25 24 23 37 38 24 28 13 25 24 11 19 37 19 17 19 6 24 0 30 29 33 8 10 26 30 12 9 19 13 30 31 6 38 28 23 32 38
8 7 38 11 11 25 34 31 27 8 37 29 34 28 39 24 41 32 28 39 22 16 5 31 29 22 37 17 13 18 17 25 15 19 40 18 7 12 15 27 10 14 19 13 40 19 17 7 14 23 13 24 33 16 35 37 31 39 32 21 41 39 24 10 20 7 39 21 23 21 25 18 24 24 27 19 36 38 11 40 8 29 22 24 20 13 14 12 38 36 10 13 7 21 19 7 36 32 36 9 37 25 32 25 16 13 20 26 24 26 28 21 32 31 12 27 38 37 16 11 43 19 9 23 14 17 25 23 15 26 12 30 0 19 12 29 32 21 12 20 21 15 24 21 35 33 14 16 12 9 9
23 12 39 19 23 38 35 29 25 11 33 35 27 30 49 23 50 33 38 39 35 4 24 44 40 35 34 7 10 30 31 40 18 38 49 1 13 11 4 12 29 20 23 32 40 38 36 26 32 8 11 28 33 35 30 36 24 39 25 23 50 49 33 14 29 25 38 40 25 12 26 25 38 15 19 9 30 41 15 40 16 28 40 23 29 6 33 12 37 33 9 24 24 15 19 26 43 41 38 19 46 6 38 7 35 9 38 27 28 7 29 11 43 37 9 9 47 46 25 8 39 28 20 18 18 35 11 27 19 25 9 29 19 0 30 21 32 29 7 22 21 12 16 32 43 25 33 28 22 27 28
15 18 32 13 8 13 30 34 30 19 40 22 38 24 30 28 33 29 20 37 11 28 11 20 20 12 41 29 22 9 7 12 18 8 31 29 19 21 26 39 12 12 17 2 38 13 11 5 2 34 25 19 33 15 38 38 34 35 35 21 32 29 15 21 13 5 39 16 22 30 25 13 12 32 32 31 39 31 17 37 15 32 10 26 13 25 12 24 40 39 21 10 12 27 22 10 29 23 30 18 28 36 25 36 6 23 8 26 20 37 26 31 21 24 22 38 29 27 11 22 46 12 11 27 15 5 35 19 14 27 22 33 12 30 0 34 30 14 23 21 24 23 30 12 28 36 5 7 10 3 10
37 22 24 22 26 40 20 9 8 22 12 28 6 19 40 9 41 18 34 20 37 25 34 42 37 37 13 28 16 33 34 43 16 42 40 22 28 17 24 30 39 22 20 36 20 47 45 33 36 14 31 22 15 45 9 15 3 22 4 15 41 44 34 32 29 31 17 49 17 9 13 25 41 6 2 30 9 28 18 21 21 8 43 10 29 25 42 31 16 12 20 26 35 8 12 36 34 39 24 35 40 24 30 17 40 16 42 13 21 18 16 10 43 29 18 15 41 42 27 22 18 29 24 7 19 39 11 21 20 10 18 8 29 21 34 0 17 30 23 15 11 14 5 34 35 4 39 31 24 32 38
40 30 7 21 22 28 3 9 9 30 15 14 15 6 26 10 25 1 20 7 26 36 35 28 23 26 15 39 24 23 25 32 17 38 26 33 36 25 35 43 38 18 13 32 8 43 41 30 30 27 41 11 3 43 15 8 14 7 14 11 26 30 22 40 18 29 10 46 9 20 7 17 30 19 16 41 16 11 21 8 24 9 33 9 18 36 40 41 10 15 29 21 37 17 14 36 19 25 7 41 26 35 16 29 36 25 33 6 10 30 4 21 29 15 27 29 27 28 19 31 20 19 23 14 18 32 24 11 17 8 27 10 32 32 30 17 0 19 33 12 12 22 17 23 21 15 35 23 20 29 36
29 21 19 12 10 10 18 25 23 22 32 8 31 13 18 21 20 18 7 25 7 31 24 13 9 7 32 33 20 5 7 13 14 20 19 31 27 20 29 42 26 10 10 16 26 27 25 18 12 31 32 8 22 29 31 27 29 22 30 15 20 19 4 30 1 17 28 30 13 26 17 5 11 28 28 35 32 17 15 26 15 25 14 20 1 29 26 32 29 32 22 8 26 23 18 24 15 12 17 30 17 37 11 34 19 21 15 17 9 35 15 27 14 10 22 35 18 17 5 24 39 2 13 23 11 14 31 9 10 20 21 26 21 29 14 30 19 0 26 15 19 19 26 4 14 31 19 7 10 15 24
16 5 39 14 17 32 35 30 26 5 35 32 29 29 45 24 47 33 34 40 29 4 17 39 35 29 36 7 9 24 25 34 16 31 46 6 6 8 3 16 22 17 20 25 41 31 29 19 25 13 8 25 34 28 32 37 26 40 27 22 47 45 30 9 25 18 39 33 24 14 26 22 32 17 21 9 32 39 12 41 11 29 33 24 25 3 26 8 38 35 4 19 17 16 19 19 40 38 37 13 43 13 35 13 28 8 31 27 25 14 29 14 39 34 6 15 44 43 21 2 41 24 14 19 15 28 16 24 16 26 6 30 12 7 23 23 33 26 0 21 21 11 18 27 40 27 26 22 17 20 21
28 18 18 10 13 25 14 12 8 18 18 14 16 8 28 6 29 12 19 19 22 24 25 27 22 22 19 27 12 18 19 28 5 29 28 22 24 13 23 34 29 9 5 23 20 34 32 21 23 18 29 7 13 34 17 18 14 19 15 1 29 30 19 28 14 19 19 37 3 12 5 10 26 13 13 29 18 19 9 20 12 11 28 5 14 24 30 29 20 18 17 13 26 8 3 25 22 24 16 29 27 27 17 21 27 13 27 6 7 22 8 13 28 16 15 21 28 28 12 19 25 14 12 8 7 25 17 6 7 7 15 12 20 22 21 15 12 15 21 0 4 10 11 19 22 16 26 16 11 20 26
30 18 18 13 16 29 14 9 5 18 15 18 13 11 32 3 33 12 23 19 26 24 27 31 26 26 16 27 12 22 23 32 7 32 32 21 24 13 23 32 32 12 9 26 20 37 35 24 26 16 29 11 13 37 14 16 10 19 11 4 33 34 23 28 18 22 18 40 6 10 5 14 30 9 9 29 15 22 10 20 13 8 32 3 18 24 33 29 17 15 17 16 28 6 2 28 26 28 18 30 31 25 21 19 30 13 31 6 10 20 9 11 32 20 15 19 32 32 16 19 22 18 15 4 10 29 14 10 10 5 15 9 21 21 24 11 12 19 21 4 0 10 7 23 26 12 29 20 14 23 29
22 8 28 10 15 29 24 19 15 8 25 24 19 18 38 13 39 22 27 29 26 14 20 33 29 26 25 17 2 22 23 32 7 31 38 12 14 3 13 24 25 11 12 25 30 33 31 19 25 11 19 17 23 31 22 26 16 29 17 11 39 39 24 18 19 18 28 36 13 7 15 14 30 10 12 19 22 29 6 30 8 18 32 13 18 14 29 19 27 25 7 15 21 6 8 22 32 31 26 21 36 18 27 14 28 3 31 16 17 15 18 8 33 26 5 15 37 36 16 9 31 18 12 8 8 28 12 16 9 15 5 19 15 12 23 14 22 19 11 10 10 0 9 23 32 18 26 20 13 20 24
31 17 24 17 22 36 20 13 9 17 17 25 11 17 39 8 40 18 30 23 33 20 29 38 33 33 18 23 11 29 30 39 12 38 39 17 23 12 19 25 34 18 16 32 24 41 39 27 32 9 25 18 17 40 14 20 8 24 9 11 40 41 30 26 25 26 22 44 13 4 11 21 37 2 3 25 14 28 13 24 16 12 39 8 25 20 37 26 21 17 15 22 30 3 8 31 33 35 24 30 38 19 28 12 35 11 38 12 17 13 15 5 39 27 13 12 39 39 23 17 23 25 19 3 15 35 7 17 16 10 13 13 24 16 30 5 17 26 18 11 7 9 0 30 33 9 34 27 20 27 33
27 23 22 14 10 6 22 29 27 23 36 11 35 17 18 25 21 22 8 29 3 32 22 11 8 3 36 34 22 3 5 9 18 17 19 33 27 22 30 43 24 12 14 14 30 25 23 16 10 34 33 12 26 27 35 31 33 25 34 19 20 18 3 31 5 15 32 28 17 30 21 9 7 32 32 36 36 20 17 30 17 29 10 24 5 30 24 32 33 36 24 10 24 27 22 22 17 11 20 29 16 39 13 36 17 23 11 21 13 37 19 31 12 13 24 38 17 16 7 26 43 5 13 27 15 11 35 13 14 24 24 30 21 32 12 34 23 4 27 19 23 23 30 0 16 35 17 5 12 13 22
43 35 16 26 24 15 18 30 28 36 36 8 36 16 5 26 6 20 8 24 17 45 38 10 8 16 36 47 33 19 21 19 25 32 5 44 41 33 43 55 40 24 20 30 25 41 39 32 26 42 46 15 24 43 36 29 34 19 35 22 6 9 13 44 15 31 29 44 20 36 22 19 17 35 33 49 37 10 28 24 29 30 22 25 15 43 40 46 31 36 36 22 40 31 26 38 2 6 14 44 5 50 5 44 33 34 24 22 16 45 19 36 10 6 35 44 6 7 19 38 41 16 27 30 25 26 40 16 24 25 35 31 35 43 28 35 21 14 40 22 26 32 33 16 0 36 33 21 24 29 38
41 26 22 25 28 41 18 7 8 26 8 29 2 20 41 10 40 16 35 18 38 29 38 43 38 38 9 32 20 34 35 44 19 44 41 26 32 21 28 34 43 24 21 38 18 49 47 36 38 18 35 23 13 49 5 13 2 20 1 16 41 45 35 36 30 34 14 52 18 13 14 26 42 10 6 34 5 26 22 19 25 6 44 11 30 29 45 35 13 8 24 28 39 12 14 40 34 40 22 39 41 28 31 21 42 20 43 14 22 22 17 14 44 30 22 19 42 43 28 26 14 30 27 10 22 41 15 22 22 11 22 6 33 25 36 4 15 31 27 16 12 18 9 35 36 0 41 32 26 35 41
13 21 37 17 13 18 35 39 35 22 45 27 43 29 35 33 38 34 25 42 16 30 10 25 25 17 46 30 25 14 12 15 23 5 36 32 20 24 29 41 8 17 22 3 43 8 6 7 7 37 25 24 38 10 43 43 39 40 40 26 37 34 20 21 18 8 44 11 27 33 30 18 16 36 37 32 44 36 21 42 18 37 12 31 18 27 7 24 45 44 24 15 10 31 27 8 34 28 35 16 33 39 30 39 2 26 10 31 25 40 31 34 26 29 25 41 34 32 16 25 51 17 15 32 20 7 38 24 19 32 25 38 14 33 5 39 35 19 26 26 29 26 34 17 33 41 0 12 15 7 7
22 17 25 10 5 9 23 27 24 18 34 15 32 17 23 22 26 22 13 30 6 27 17 16 13 7 34 29 19 2 3 12 15 15 24 28 22 18 25 38 19 9 11 9 31 20 18 11 7 31 28 12 26 22 33 31 30 28 31 16 25 23 8 26 6 10 32 23 15 27 19 6 10 29 29 31 34 24 14 30 12 27 12 21 6 25 19 27 33 34 19 5 19 24 19 17 22 16 23 24 21 34 18 33 13 20 11 20 13 34 19 28 17 17 19 35 22 21 4 21 41 5 8 24 12 9 32 12 11 22 19 28 16 28 7 31 23 7 22 16 20 20 27 5 21 32 12 0 7 8 17
20 12 26 3 2 16 22 23 19 13 29 17 27 16 28 17 30 20 17 28 13 22 15 22 18 14 30 24 12 9 10 19 8 18 29 21 17 11 20 33 18 2 7 12 29 23 21 10 12 24 23 12 23 23 28 28 24 27 25 11 30 28 13 21 9 9 29 26 12 20 15 6 17 22 22 26 29 26 7 28 6 22 19 16 9 20 20 22 30 29 13 2 17 17 12 16 25 21 24 21 26 28 20 26 16 13 18 16 12 27 16 21 23 19 13 28 27 26 5 15 36 8 3 17 5 15 25 11 4 17 13 23 12 22 10 24 20 10 17 11 14 13 20 12 24 26 15 7 0 9 16
14 15 32 10 7 16 29 32 28 16 38 23 36 23 31 26 34 28 21 36 13 25 9 22 21 13 39 26 19 10 8 15 16 11 32 26 16 18 23 36 11 11 16 5 37 15 13 3 5 31 22 18 32 15 37 37 33 34 34 20 33 30 16 18 14 2 38 18 21 27 24 12 15 29 30 28 38 32 14 36 12 31 13 25 14 22 12 21 39 38 18 8 11 24 21 9 30 24 30 16 29 33 26 33 8 20 11 25 19 34 25 28 23 25 19 35 30 28 10 19 45 13 8 25 13 8 32 18 13 26 19 32 9 27 3 32 29 15 20 20 23 20 27 13 29 35 7 8 9 0 9
7 16 41 16 14 23 37 39 34 17 44 32 42 31 40 32 43 36 30 44 21 25 4 30 30 22 45 25 22 19 17 21 22 11 41 27 15 21 24 36 2 18 23 8 45 10 8 6 12 32 19 27 39 8 43 44 39 42 40 27 42 39 25 15 23 7 45 13 28 30 31 21 21 33 36 27 44 41 20 44 17 37 18 31 23 22 5 18 46 44 19 16 4 30 27 2 39 33 39 10 38 34 35 34 8 22 16 32 27 35 32 30 31 34 21 36 39 37 19 20 51 22 14 31 19 13 34 27 20 33 21 38 9 28 10 38 36 24 21 26 29 24 33 22 38 41 7 17 16 9 0
0         1089     
315       441      
520       626      
109       222      
91        219      
46        161      
148       277      
432       561      
417       523      
336       443      
454       561      
175       289      
413       545      
756       879      
199       325      
395       502      
780       903      
148       275      
182       304      
474       594      
545       660      
589       720      
0         84       
215       330      
540       658      
42        165      
449       559      
580       706      
647       762      
80        207      
240       369      
53        156      
110       239      
0         120      
208       320      
620       750      
310       443      
344       456      
580       701      
675       812      
0         86       
98        217      
126       257      
0         104      
479       589      
11        138      
0         115      
284       393      
0         106      
612       745      
868       993      
131       248      
490       622      
285       399      
435       572      
492       611      
424       554      
487       610      
448       575      
115       232      
211       332      
206       328      
47        182      
317       440      
61        177      
0         95       
470       598      
11        132      
116       251      
369       484      
410       526      
76        192      
228       355      
351       485      
365       475      
682       799      
444       577      
154       287      
109       215      
490       603      
559       691      
425       536      
40        162      
390       521      
73        195      
577       699      
0         127      
656       779      
478       582      
735       848      
319       451      
259       366      
0         67       
341       474      
122       240      
0         79       
172       289      
193       310      
162       268      
0         65       
211       321      
605       714      
177       299      
629       759      
0         106      
328       458      
228       366      
402       513      
135       239      
601       736      
134       259      
381       490      
196       313      
537       645      
340       453      
619       724      
206       318      
188       322      
81        199      
323       445      
825       948      
71        173      
264       395      
392       495      
112       222      
39        161      
366       483      
131       248      
255       372      
388       511      
337       451      
421       535      
0         94       
590       712      
0         108      
425       546      
512       625      
73        183      
575       705      
721       842      
412       518      
339       461      
357       482      
57        182      
927       1046     
415       543      
27        144      
79        199      
86        213      
0         89       
903       1018     
