151
0 27 38 24 22 18 19 35 36 42 11 35 36 43 39 29 28 30 29 19 31 19 24 40 41 42 38 50 16 33 34 15 17 22 4 6 4 34 12 9 11 41 18 13 31 23 27 19 32 23 29 16 9 18 5 14 1 29 15 43 35 30 43 43 33 18 10 7 12 12 17 39 28 6 20 34 20 27 20 9 14 17 11 24 35 27 19 8 41 35 21 47 20 19 46 24 43 37 29 38 34 30 33 23 21 34 38 23 42 4 29 16 18 29 7 13 5 33 49 13 32 26 3 50 13 29 39 15 9 4 30 11 36 36 36 42 34 19 33 13 28 16 31 45 24 17 30 23 29 24 29
27 0 15 25 28 15 8 24 13 32 22 10 23 24 12 29 20 7 26 16 7 26 8 13 24 16 24 23 12 13 31 19 11 12 30 23 28 31 25 21 25 18 22 15 20 3 5 9 12 19 10 21 33 8 25 13 27 6 25 20 21 22 27 18 10 24 31 19 16 20 16 21 17 32 13 24 22 11 11 18 15 9 24 25 26 25 21 32 15 20 13 21 8 22 19 22 21 26 7 29 24 15 30 30 6 25 27 9 19 25 14 10 18 15 23 20 30 7 23 28 29 27 28 23 18 4 18 29 22 27 6 26 12 26 29 26 17 23 13 16 19 27 13 19 22 18 9 30 7 14 15
38 15 0 40 29 30 22 18 3 23 30 5 36 12 14 27 18 9 23 21 18 29 23 15 13 7 16 17 26 24 27 34 26 16 42 37 37 45 32 36 40 23 26 25 16 17 12 24 24 20 23 36 42 22 39 28 38 17 40 5 33 36 16 20 19 39 39 31 26 35 31 11 31 43 28 38 37 24 26 33 24 23 32 24 40 23 36 42 8 31 17 14 18 37 17 37 9 20 18 23 19 28 26 29 18 21 21 15 4 35 26 23 22 13 32 35 42 14 16 34 43 25 39 17 33 15 25 34 30 37 9 41 18 21 43 15 28 38 6 25 33 42 8 20 37 23 8 29 9 29 28
24 25 40 0 41 11 20 46 38 54 29 35 15 49 33 46 40 32 45 30 24 38 17 33 48 41 47 44 18 20 49 10 16 30 24 18 28 10 33 15 13 29 35 23 41 24 29 17 20 35 19 8 33 21 19 16 25 24 9 45 15 8 51 34 25 6 34 21 25 12 11 45 10 28 12 11 5 17 14 15 25 20 31 39 11 42 6 32 40 17 29 43 25 5 39 3 46 47 23 50 44 15 48 42 24 46 48 28 44 26 16 21 30 36 27 11 23 28 44 34 8 41 27 44 12 25 26 35 28 28 31 13 28 46 12 49 18 5 38 26 8 8 37 36 3 30 33 42 32 11 14
22 28 29 41 0 30 24 15 26 22 11 29 47 25 38 8 11 24 9 12 35 2 32 39 22 36 18 45 24 41 13 30 25 16 25 25 18 50 9 26 30 46 6 17 14 25 24 27 40 9 37 32 21 22 26 24 21 34 33 34 46 42 23 45 38 35 16 19 15 27 29 23 39 25 31 46 35 36 29 24 14 22 10 5 47 7 34 21 36 46 15 42 20 34 43 38 28 17 35 18 14 41 13 2 22 14 18 19 33 17 40 20 10 16 14 28 26 35 44 11 47 6 20 45 27 32 46 9 12 18 25 31 40 16 50 22 45 34 22 14 39 35 19 45 38 10 22 2 23 35 40
18 15 30 11 30 0 9 34 28 42 21 25 18 38 23 35 28 21 34 20 14 28 7 23 37 31 36 34 7 14 39 4 5 19 20 13 22 20 25 10 11 23 24 13 30 13 18 6 14 24 11 6 27 10 15 6 19 14 10 35 17 12 40 28 16 9 28 14 15 7 1 34 10 24 2 16 7 9 4 9 15 9 24 29 17 31 6 26 30 17 18 33 14 7 29 9 36 36 13 39 33 12 38 32 13 35 37 17 34 20 11 10 20 25 21 6 19 18 34 28 18 31 21 34 5 15 21 29 21 22 21 12 19 35 20 38 16 8 27 16 10 12 26 28 9 20 22 32 21 6 11
19 8 22 20 24 9 0 25 20 33 16 17 23 29 19 27 19 13 25 12 12 22 8 20 28 24 26 30 4 17 30 12 4 10 22 16 20 28 20 14 18 23 18 8 21 5 10 3 16 16 13 14 25 2 18 6 19 11 18 27 22 20 31 25 15 17 24 12 10 13 9 25 16 24 8 23 15 12 5 11 10 2 19 22 25 23 14 25 23 22 10 29 5 15 26 17 28 27 12 30 25 17 29 26 4 26 28 8 26 18 16 4 14 16 17 13 23 14 30 23 26 24 21 30 11 10 23 24 16 20 13 19 18 27 27 29 21 16 18 11 16 20 17 26 17 14 14 26 13 11 16
35 24 18 46 15 34 25 0 15 7 24 21 47 9 31 10 7 17 7 16 30 17 32 32 7 25 3 35 28 37 9 36 29 15 39 35 33 53 24 35 39 39 17 24 4 23 19 28 36 12 34 38 36 24 37 29 35 29 41 21 45 45 8 38 32 41 31 29 23 36 34 8 41 40 33 48 40 35 30 32 21 25 25 11 50 8 39 36 26 44 15 32 20 40 35 42 13 2 30 5 1 39 8 15 21 3 3 17 20 31 38 23 17 9 28 35 40 28 34 26 51 10 35 35 33 27 39 24 26 33 18 40 33 3 52 7 41 40 12 22 41 42 10 38 42 18 14 15 16 36 39
36 13 3 38 26 28 20 15 0 20 26 6 36 11 16 23 15 7 20 18 19 25 21 17 10 10 13 20 24 25 24 32 24 14 39 35 35 44 29 34 38 25 22 23 13 15 10 22 24 17 23 34 39 20 37 26 36 18 38 8 34 35 13 23 20 37 35 29 24 33 29 8 30 41 26 37 35 24 24 31 22 21 29 21 39 20 34 39 11 32 15 17 16 35 20 35 8 17 19 20 16 28 23 26 16 18 18 13 7 32 27 21 20 9 30 33 40 15 19 32 42 22 36 20 31 16 26 31 28 34 7 39 19 18 42 12 29 36 3 23 32 40 5 23 35 20 6 26 7 27 28
42 32 23 54 22 42 33 7 20 0 31 26 54 12 36 14 14 24 13 23 37 24 39 37 10 30 8 40 35 44 9 43 36 22 46 42 40 60 31 42 46 45 24 31 11 30 26 35 43 19 41 45 43 31 44 36 42 36 48 25 52 52 7 43 39 48 38 36 30 43 41 12 48 47 40 55 47 42 37 39 28 32 32 18 57 15 46 43 31 51 22 37 27 47 40 49 16 5 37 4 8 46 9 21 28 8 4 24 25 38 45 30 24 16 35 42 47 35 39 33 58 16 42 40 40 34 46 31 33 40 25 47 39 6 59 8 48 47 19 29 48 49 17 43 49 25 21 21 23 43 46
11 22 30 29 11 21 16 24 26 31 0 28 39 32 34 18 17 22 18 8 28 9 24 35 30 34 27 44 15 33 23 19 17 13 15 14 9 39 4 15 19 39 7 8 20 18 20 19 32 12 29 20 13 14 15 15 11 27 22 34 38 33 32 40 31 23 9 8 6 16 20 28 31 16 23 37 24 28 21 13 6 14 3 13 38 16 23 13 34 38 11 40 13 23 40 28 32 26 27 27 23 33 22 13 15 23 27 15 33 7 32 12 7 18 4 17 16 29 42 7 36 15 11 43 17 25 38 8 2 9 23 20 33 25 40 31 37 23 23 5 31 24 21 41 28 6 21 13 21 27 32
35 10 5 35 29 25 17 21 6 26 28 0 30 17 10 29 20 5 26 20 13 28 18 11 16 7 19 16 21 19 30 29 21 15 39 32 35 39 31 31 35 19 25 22 19 12 8 19 18 20 17 31 40 17 34 23 35 12 35 10 28 30 19 17 13 34 37 28 23 30 26 14 26 40 23 32 32 18 21 28 22 18 31 25 35 25 31 40 7 26 16 13 14 32 14 32 14 23 13 26 22 22 29 30 14 24 24 12 9 32 21 19 21 14 30 30 39 9 15 33 38 27 36 16 28 10 19 33 29 34 5 36 13 24 38 18 23 33 9 22 27 37 11 17 32 22 7 30 6 24 22
36 23 36 15 47 18 23 47 36 54 39 30 0 47 24 50 42 30 48 35 17 45 16 24 46 33 47 34 24 11 53 21 22 33 36 30 40 12 43 27 26 18 41 31 43 24 28 20 12 39 12 20 45 25 31 24 37 17 22 39 2 7 49 24 16 19 46 32 33 24 19 43 8 40 16 4 17 12 18 27 33 25 42 45 7 46 17 44 31 4 33 33 28 18 29 13 44 49 16 52 47 7 52 49 26 48 50 30 37 38 8 27 37 38 39 23 35 20 34 46 12 47 39 34 23 19 15 47 39 40 28 26 19 49 10 48 7 18 35 34 8 22 36 26 13 37 32 49 29 12 8
43 24 12 49 25 38 29 9 11 12 32 17 47 0 26 19 15 18 16 24 30 26 32 27 2 18 6 28 32 36 18 40 33 21 47 43 41 55 32 42 46 35 25 31 12 24 20 31 35 20 34 42 44 28 45 34 43 29 46 13 45 46 5 32 30 45 39 37 31 41 38 4 41 48 36 48 44 35 33 39 29 29 33 20 50 17 43 44 19 43 22 25 24 44 28 45 4 10 30 12 10 39 17 24 25 12 10 21 13 39 38 29 25 14 36 41 48 26 27 35 53 19 43 28 39 27 36 33 34 41 18 47 30 11 53 4 40 45 11 30 43 48 12 31 45 26 15 24 17 38 39
39 12 14 33 38 23 19 31 16 36 34 10 24 26 0 39 30 14 36 27 9 37 16 1 26 9 29 11 23 13 40 27 22 22 41 35 39 35 37 33 34 9 32 27 29 15 14 19 13 29 14 29 44 20 37 24 38 9 33 15 22 27 29 7 8 32 43 31 28 30 24 24 23 43 21 27 30 16 20 29 27 21 36 35 30 35 29 44 8 20 23 10 20 30 7 30 23 33 10 36 32 18 39 40 18 34 34 19 14 37 17 22 28 24 35 29 41 5 11 40 35 37 40 11 28 9 11 40 34 39 13 35 5 34 33 28 17 31 19 28 25 35 21 7 30 29 17 40 15 22 19
29 29 27 46 8 35 27 10 23 14 18 29 50 19 39 0 9 25 3 15 36 10 35 40 17 33 13 43 28 42 5 35 30 17 33 32 26 55 17 33 37 47 11 22 10 26 25 30 41 10 38 37 29 25 33 29 29 35 40 31 49 47 17 46 39 40 24 26 21 34 34 18 43 33 35 50 40 38 32 30 19 25 18 4 52 4 39 29 34 48 16 40 21 40 43 43 23 10 36 10 9 43 5 7 23 7 11 20 30 24 41 23 13 15 21 34 33 36 42 19 52 2 28 43 32 33 47 17 19 26 26 37 41 9 54 17 46 39 20 18 43 40 18 46 43 13 22 7 24 38 42
28 20 18 40 11 28 19 7 15 14 17 20 42 15 30 9 0 16 6 9 27 11 27 31 13 25 10 35 21 33 11 29 23 10 32 28 26 47 17 28 32 38 10 17 3 18 16 22 32 5 30 31 29 18 30 23 28 26 35 23 41 39 15 37 30 34 24 22 16 29 28 12 35 33 27 42 34 30 24 25 14 18 18 6 44 5 33 29 26 40 9 32 14 34 34 36 17 9 27 10 6 35 10 11 16 7 10 12 22 24 34 17 10 6 21 29 33 27 34 20 45 7 28 35 27 24 38 18 19 26 17 33 32 8 46 14 37 34 11 15 35 36 9 37 36 11 13 11 15 30 35
30 7 9 32 24 21 13 17 7 24 22 5 30 18 14 25 16 0 22 14 13 23 15 15 16 12 17 21 17 19 26 25 17 10 33 28 30 38 25 27 31 22 20 17 15 8 3 15 18 15 17 27 35 13 30 19 30 12 31 14 28 29 19 21 15 30 31 22 18 26 22 14 24 35 19 31 28 18 17 24 16 14 25 21 33 21 27 34 12 26 11 18 9 28 19 28 15 19 13 22 18 22 25 26 9 20 20 7 13 27 21 14 16 10 25 26 33 11 20 28 36 23 31 21 24 10 22 28 23 29 1 32 16 20 36 18 23 29 7 17 26 33 7 21 28 16 3 26 1 21 22
29 26 23 45 9 34 25 7 20 13 18 26 48 16 36 3 6 22 0 14 33 11 32 37 14 30 10 40 27 39 5 34 28 15 33 32 27 53 18 32 36 44 11 21 7 24 22 28 38 9 36 36 30 24 33 28 29 32 39 28 46 45 15 43 36 39 25 26 20 33 33 15 41 34 33 48 39 36 30 29 18 24 19 5 50 2 38 30 31 46 15 37 20 39 40 42 20 8 33 9 6 41 5 8 21 5 9 18 27 25 39 23 13 12 22 33 34 33 39 20 51 3 29 40 32 30 44 18 20 27 23 37 38 7 52 14 43 39 17 18 41 40 15 43 42 14 19 8 21 36 40
19 16 21 30 12 20 12 16 18 23 8 20 35 24 27 15 9 14 14 0 23 10 20 28 22 26 19 35 13 29 19 20 14 4 23 19 17 39 10 19 23 34 6 7 12 13 12 15 28 5 25 22 21 10 21 14 19 22 25 26 34 31 24 33 26 25 17 13 7 19 19 20 28 24 20 35 25 24 17 15 5 11 10 10 36 12 24 21 26 34 3 32 8 25 33 28 24 18 23 19 15 29 19 14 10 16 19 7 25 15 28 9 2 10 12 19 24 23 34 13 37 12 19 35 18 20 34 13 10 17 14 23 28 17 39 23 33 25 15 6 28 26 13 34 28 2 12 14 13 23 28
31 7 18 24 35 14 12 30 19 37 28 13 17 30 9 36 27 13 33 23 0 33 7 9 29 17 30 20 15 7 38 18 13 19 33 26 32 26 32 24 25 11 29 20 27 10 11 11 6 26 5 20 37 14 28 15 30 1 24 22 15 18 32 13 3 23 36 23 22 21 15 27 14 35 12 19 21 7 11 20 22 14 31 32 22 32 20 36 16 14 20 19 15 21 15 21 27 32 1 35 31 10 37 37 13 32 33 16 21 29 9 16 25 21 29 20 32 4 20 35 26 34 32 20 19 3 11 36 28 31 12 26 6 33 25 31 11 22 19 23 16 26 19 15 21 25 15 37 13 13 10
19 26 29 38 2 28 22 17 25 24 9 28 45 26 37 10 11 23 11 10 33 0 30 38 24 35 20 44 21 39 15 28 23 14 23 22 16 48 7 24 27 44 4 14 14 23 22 25 38 8 35 29 19 20 23 21 19 32 31 33 44 39 25 43 36 32 14 17 13 25 26 23 37 23 29 43 32 34 27 22 12 20 8 6 44 9 31 19 35 44 13 41 18 32 42 35 28 19 33 20 16 39 15 4 20 16 20 17 32 15 38 18 8 15 12 26 24 33 43 9 44 8 18 44 25 30 44 7 10 16 24 28 38 18 47 24 43 32 21 12 37 32 18 44 35 8 21 4 22 33 38
24 8 23 17 32 7 8 32 21 39 24 18 16 32 16 35 27 15 32 20 7 30 0 16 31 24 32 27 9 9 37 11 7 17 27 20 26 22 28 17 18 17 26 16 28 9 13 5 8 24 5 13 31 10 22 9 24 7 17 28 14 13 34 20 9 16 31 17 18 14 8 29 9 29 5 16 14 4 4 14 18 10 27 30 18 30 13 30 23 14 18 26 13 14 22 14 29 34 6 37 32 9 37 34 11 33 35 15 27 23 8 12 22 23 24 13 26 11 27 31 21 32 26 27 12 8 15 32 24 25 14 19 12 34 21 33 13 15 21 19 11 19 21 21 14 22 17 34 15 6 8
40 13 15 33 39 23 20 32 17 37 35 11 24 27 1 40 31 15 37 28 9 38 16 0 27 10 30 11 24 13 41 27 22 23 42 35 40 35 38 33 34 8 33 28 30 16 15 20 13 30 14 29 45 21 37 24 39 10 33 16 22 27 30 6 8 32 44 32 29 30 24 25 23 44 21 27 30 16 20 29 28 22 37 36 30 36 29 45 9 20 24 10 21 30 6 30 24 34 10 37 33 18 40 41 19 35 35 20 15 38 17 23 29 25 36 29 41 6 11 41 35 38 41 11 28 10 10 41 35 40 14 35 5 35 33 29 17 31 20 29 25 35 22 6 30 30 18 41 16 22 19
41 24 13 48 22 37 28 7 10 10 30 16 46 2 26 17 13 16 14 22 29 24 31 27 0 20 4 30 31 35 15 39 32 19 45 41 39 53 30 40 44 35 23 29 10 23 19 30 34 18 33 41 42 27 43 33 41 28 45 15 44 44 3 33 29 44 37 35 29 40 37 2 40 46 35 47 43 34 32 37 27 28 31 18 49 15 42 42 21 42 20 27 22 43 30 44 6 8 29 10 8 38 14 22 23 10 8 19 15 37 37 27 23 12 34 39 46 25 29 33 52 17 41 30 37 26 35 31 32 39 17 45 29 9 52 2 39 44 9 28 42 46 10 33 44 24 13 22 15 37 38
42 16 7 41 36 31 24 25 10 30 34 7 33 18 9 33 25 12 30 26 17 35 24 10 20 0 23 10 28 22 34 35 27 22 45 39 42 43 36 37 41 18 32 29 23 19 15 25 22 27 22 37 47 24 41 29 42 17 41 6 31 35 23 14 16 40 43 34 30 36 32 18 31 47 29 36 38 24 27 34 28 25 36 31 39 30 37 46 1 29 23 7 21 38 10 38 14 27 18 30 26 26 33 36 21 28 28 19 5 39 25 26 28 19 37 36 45 13 9 39 43 32 43 10 34 16 20 39 35 41 12 42 14 28 42 22 26 39 13 29 33 43 15 13 38 28 14 36 13 30 27
38 24 16 47 18 36 26 3 13 8 27 19 47 6 29 13 10 17 10 19 30 20 32 30 4 23 0 33 29 36 11 37 30 17 42 38 36 54 27 37 41 38 20 26 7 23 19 29 35 15 34 39 39 25 40 31 38 29 43 18 45 45 5 36 32 42 34 32 26 38 35 5 41 43 34 48 41 35 31 34 24 26 28 14 50 11 40 39 24 43 18 30 21 41 33 43 10 4 30 7 4 39 10 18 22 6 5 18 18 34 38 25 20 10 31 37 43 28 32 29 52 13 38 33 35 27 38 27 29 36 18 42 32 5 53 4 40 42 11 25 42 44 10 36 43 21 14 18 16 37 39
50 23 17 44 45 34 30 35 20 40 44 16 34 28 11 43 35 21 40 35 20 44 27 11 30 10 33 0 34 24 44 38 33 31 52 46 50 46 45 44 45 16 41 38 33 26 24 30 24 36 25 40 55 31 48 35 49 20 44 15 32 38 33 10 19 43 52 42 39 41 35 28 34 54 32 38 41 27 31 40 37 32 45 41 41 40 40 55 9 30 32 3 30 41 5 41 24 37 21 40 36 29 43 46 29 38 38 28 15 48 28 33 37 29 46 40 52 16 1 48 46 42 51 0 39 20 19 48 44 50 21 46 16 38 44 32 27 42 23 38 36 46 25 8 41 37 23 46 22 33 30
16 12 26 18 24 7 4 28 24 35 15 21 24 32 23 28 21 17 27 13 15 21 9 24 31 28 29 34 0 18 32 8 2 12 19 12 17 27 19 10 14 26 17 7 23 9 14 4 17 18 14 10 22 4 14 2 16 14 14 31 23 19 34 28 18 13 22 9 9 9 7 28 16 21 8 23 13 13 6 7 9 3 18 23 24 25 12 22 27 23 12 33 8 13 30 16 32 30 14 31 27 18 31 25 8 28 31 11 30 15 17 4 14 19 15 9 19 18 34 22 25 25 18 34 7 14 24 23 15 17 17 15 21 29 27 32 22 13 22 10 16 16 20 30 16 14 18 25 17 12 17
33 13 24 20 41 14 17 37 25 44 33 19 11 36 13 42 33 19 39 29 7 39 9 13 35 22 36 24 18 0 44 18 16 25 34 27 35 22 37 24 25 9 35 25 33 16 18 14 1 32 4 20 40 19 29 18 33 7 24 27 9 14 38 14 5 21 40 26 27 21 15 33 10 38 12 14 18 5 12 23 27 19 36 38 17 38 18 39 20 7 26 23 21 19 19 17 33 38 6 41 37 5 43 43 19 38 39 22 26 32 4 21 31 28 33 20 33 9 24 40 22 40 35 24 19 9 7 41 33 34 18 26 8 39 20 37 5 19 25 28 12 24 26 16 17 31 22 43 19 10 6
34 31 27 49 13 39 30 9 24 9 23 30 53 18 40 5 11 26 5 19 38 15 37 41 15 34 11 44 32 44 0 39 33 20 38 37 31 58 22 37 41 48 16 26 11 29 26 33 43 14 41 41 34 29 38 33 34 36 44 29 51 50 14 47 40 44 29 31 25 38 38 16 46 38 38 53 44 41 35 34 23 29 23 9 55 7 43 34 35 51 20 41 25 44 44 47 21 7 37 6 8 46 1 12 26 6 7 23 29 29 44 28 18 16 26 38 38 37 43 24 56 7 33 44 37 34 48 22 24 31 27 42 42 6 57 14 48 44 21 23 46 45 19 47 47 18 23 12 25 41 45
15 19 34 10 30 4 12 36 32 43 19 29 21 40 27 35 29 25 34 20 18 28 11 27 39 35 37 38 8 18 39 0 8 20 16 9 19 19 22 6 7 27 24 13 31 17 22 10 18 25 15 2 24 12 10 6 16 18 6 39 20 15 42 31 20 5 25 11 14 3 3 36 13 19 6 19 5 13 8 6 15 11 21 29 20 32 4 23 34 21 20 37 16 5 33 9 40 38 17 39 35 16 38 32 16 36 39 19 38 17 15 11 20 27 18 2 15 22 38 25 18 31 18 38 2 19 25 26 18 19 25 8 23 37 21 40 20 5 30 15 13 8 28 32 9 20 26 32 25 10 15
17 11 26 16 25 5 4 29 24 36 17 21 22 33 22 30 23 17 28 14 13 23 7 22 32 27 30 33 2 16 33 8 0 13 19 12 19 25 21 10 14 24 19 9 24 9 14 2 15 19 12 10 24 5 14 2 17 12 14 31 21 17 35 26 16 13 24 10 11 9 5 29 14 22 6 21 11 11 4 7 11 4 20 24 22 26 10 23 26 21 13 31 9 11 28 14 32 31 12 33 28 16 33 27 8 29 32 12 30 16 15 5 15 20 17 9 19 16 33 24 23 26 19 33 7 12 22 25 17 18 17 15 19 30 25 33 20 12 22 12 14 16 21 28 14 15 18 27 17 10 15
22 12 16 30 16 19 10 15 14 22 13 15 33 21 22 17 10 10 15 4 19 14 17 23 19 22 17 31 12 25 20 20 13 0 26 22 21 38 14 21 25 30 10 10 11 9 8 13 24 7 21 22 25 9 24 13 22 18 25 21 31 30 21 29 22 25 21 16 10 20 18 17 26 27 18 33 24 20 15 18 8 10 14 13 35 13 23 25 22 30 1 28 5 24 28 27 21 17 19 20 15 25 20 18 6 16 18 3 20 18 24 8 6 7 16 20 27 19 30 17 36 15 22 31 18 16 30 17 14 20 10 26 24 17 37 20 29 25 11 9 26 27 9 29 27 6 8 18 9 21 25
4 30 42 24 25 20 22 39 39 46 15 39 36 47 41 33 32 33 33 23 33 23 27 42 45 45 42 52 19 34 38 16 19 26 0 7 7 34 16 10 11 43 22 16 35 26 31 21 34 27 31 16 9 21 5 17 4 31 15 47 36 30 47 45 35 18 12 10 16 13 19 43 29 4 22 34 20 29 23 12 18 20 15 28 35 31 19 8 44 37 25 50 23 19 47 24 47 41 31 42 38 32 37 27 24 38 42 26 46 8 31 19 22 33 11 13 1 35 52 16 32 30 5 52 15 31 41 18 13 7 33 11 38 40 36 46 36 19 37 17 28 16 35 47 24 21 33 27 32 25 30
6 23 37 18 25 13 16 35 35 42 14 32 30 43 35 32 28 28 32 19 26 22 20 35 41 39 38 46 12 27 37 9 12 22 7 0 10 28 16 3 5 36 21 12 31 20 25 14 27 23 24 10 15 15 2 10 7 24 9 42 29 24 43 38 28 12 16 6 12 6 12 39 22 11 15 28 14 22 16 5 14 14 15 27 29 30 13 14 38 30 21 43 19 13 40 18 43 37 24 38 34 25 36 26 19 35 38 22 41 8 24 14 18 29 11 7 7 28 45 17 26 29 9 45 8 24 34 19 12 10 28 6 31 36 30 42 29 13 33 13 22 10 31 40 18 18 29 26 28 19 24
4 28 37 28 18 22 20 33 35 40 9 35 40 41 39 26 26 30 27 17 32 16 26 40 39 42 36 50 17 35 31 19 19 21 7 10 0 38 9 13 15 43 16 12 29 24 27 21 34 21 31 20 5 18 9 16 3 31 19 42 39 34 41 45 35 22 6 8 11 16 21 37 32 7 24 38 24 29 22 13 13 18 8 22 39 25 23 5 42 39 20 48 20 23 46 28 41 35 31 36 32 34 31 20 21 32 36 22 41 2 33 16 16 27 5 17 8 34 50 9 36 24 2 50 17 30 41 11 7 0 30 15 38 34 40 40 38 23 32 11 32 20 29 46 28 15 28 20 29 28 33
34 31 45 10 50 20 28 53 44 60 39 39 12 55 35 55 47 38 53 39 26 48 22 35 53 43 54 46 27 22 58 19 25 38 34 28 38 0 41 25 23 30 43 32 49 31 35 24 22 44 21 18 43 29 29 25 35 26 19 48 14 8 56 36 27 16 44 30 33 22 20 51 12 38 19 8 14 19 21 25 34 28 40 48 5 51 15 42 42 16 37 45 33 15 41 11 51 55 25 57 52 17 57 51 31 54 56 35 47 36 18 30 39 43 37 21 33 30 46 44 2 50 37 46 21 27 27 45 37 38 36 23 30 54 2 55 19 15 43 34 10 18 43 38 11 39 39 51 37 15 16
12 25 32 33 9 25 20 24 29 31 4 31 43 32 37 17 17 25 18 10 32 7 28 38 30 36 27 45 19 37 22 22 21 14 16 16 9 41 0 18 21 43 7 12 20 22 22 23 36 12 33 24 12 18 17 19 12 31 25 35 42 37 32 43 35 27 7 11 10 19 24 28 35 16 27 41 27 32 25 16 10 18 1 13 42 16 26 12 36 42 13 42 17 26 42 31 33 26 31 27 23 37 22 11 19 23 27 17 34 8 36 16 9 19 5 20 17 32 44 3 39 15 11 45 20 29 42 4 4 9 24 22 37 25 43 31 41 26 25 9 35 26 22 43 31 8 22 11 23 31 36
9 21 36 15 26 10 14 35 34 42 15 31 27 42 33 33 28 27 32 19 24 24 17 33 40 37 37 44 10 24 37 6 10 21 10 3 13 25 18 0 4 33 21 11 31 19 24 12 24 23 21 7 18 14 5 8 10 22 7 41 26 21 42 36 26 9 19 7 12 3 9 38 19 14 12 25 11 19 13 3 13 13 17 27 26 30 10 17 36 27 20 41 18 10 38 15 42 37 22 38 34 22 36 28 18 35 38 21 40 11 21 13 18 28 13 4 10 26 43 20 23 29 12 43 5 22 31 21 14 13 27 5 29 36 27 41 26 10 32 13 19 9 30 38 15 18 28 28 27 16 21
11 25 40 13 30 11 18 39 38 46 19 35 26 46 34 37 32 31 36 23 25 27 18 34 44 41 41 45 14 25 41 7 14 25 11 5 15 23 21 4 0 34 25 15 35 23 28 16 25 27 22 6 20 18 6 12 12 25 4 45 25 19 46 38 27 7 21 11 16 5 10 42 18 15 13 23 9 20 15 7 17 17 20 31 24 34 8 19 40 26 24 44 22 8 40 13 46 41 24 42 38 23 40 31 22 39 42 25 44 13 22 17 22 32 16 5 10 29 45 22 21 33 14 45 7 26 32 24 17 15 31 1 30 40 25 45 27 8 36 17 17 5 34 39 13 22 32 31 31 16 21
41 18 23 29 46 23 23 39 25 45 39 19 18 35 9 47 38 22 44 34 11 44 17 8 35 18 38 16 26 9 48 27 24 30 43 36 43 30 43 33 34 0 40 31 37 21 22 22 10 37 12 29 48 25 37 26 41 12 33 24 16 22 38 6 8 30 47 34 33 30 24 33 18 46 21 22 27 14 21 31 33 25 42 43 25 43 27 47 17 14 31 16 26 28 11 26 32 41 11 44 40 13 47 48 24 42 42 27 23 40 13 27 36 32 40 29 42 11 16 46 30 45 43 16 28 14 3 47 39 42 21 35 6 42 28 37 11 28 28 34 20 33 29 8 26 36 25 48 23 19 14
18 22 26 35 6 24 18 17 22 24 7 25 41 25 32 11 10 20 11 6 29 4 26 33 23 32 20 41 17 35 16 24 19 10 22 21 16 43 7 21 25 40 0 10 13 19 18 21 34 5 31 25 19 16 22 17 18 28 28 30 40 35 25 39 32 28 14 15 9 22 22 21 33 23 25 39 28 30 23 18 8 16 8 6 40 9 27 19 32 40 9 38 14 28 38 31 26 19 29 20 16 35 15 8 16 16 20 13 29 14 34 14 4 12 11 22 23 29 40 10 40 8 18 41 21 26 40 9 9 16 20 26 34 18 43 24 39 28 18 8 33 29 15 39 31 4 18 8 19 29 34
13 15 25 23 17 13 8 24 23 31 8 22 31 31 27 22 17 17 21 7 20 14 16 28 29 29 26 38 7 25 26 13 9 10 16 12 12 32 12 11 15 31 10 0 19 11 15 11 24 12 21 15 17 6 14 7 13 19 17 30 30 25 31 33 23 18 16 6 2 11 12 27 23 18 15 29 18 20 13 8 2 6 11 16 30 19 17 17 29 30 9 35 8 18 34 21 31 25 19 26 22 25 25 18 9 23 26 10 29 10 24 4 7 17 9 12 17 22 37 15 30 18 14 38 11 18 30 16 8 12 18 16 26 24 33 30 29 18 21 3 23 19 19 34 21 7 17 18 17 19 24
31 20 16 41 14 30 21 4 13 11 20 19 43 12 29 10 3 15 7 12 27 14 28 30 10 23 7 33 23 33 11 31 24 11 35 31 29 49 20 31 35 37 13 19 0 19 15 24 32 8 30 33 32 20 33 24 31 25 36 21 41 41 12 36 29 36 27 25 19 30 29 9 37 36 29 44 35 31 26 27 17 20 21 9 46 7 34 32 24 40 11 30 16 35 33 38 14 6 26 9 4 35 10 14 17 5 7 13 20 27 34 19 13 5 24 31 36 26 32 23 47 9 31 33 29 23 37 21 22 29 16 35 31 6 48 11 37 36 10 18 37 38 8 36 38 14 12 14 14 32 35
23 3 17 24 25 13 5 23 15 30 18 12 24 24 15 26 18 8 24 13 10 23 9 16 23 19 23 26 9 16 29 17 9 9 26 20 24 31 22 19 23 21 19 11 19 0 5 7 15 16 12 19 28 5 22 11 24 9 23 22 22 22 26 21 13 22 27 16 13 18 14 21 18 29 11 25 20 12 9 16 12 6 21 22 27 22 19 28 18 22 10 24 5 20 22 20 23 25 10 28 23 17 28 27 3 24 26 6 21 21 16 7 15 14 20 18 27 10 26 25 29 24 25 26 16 7 21 26 19 23 8 24 15 25 30 25 20 21 13 13 19 25 13 22 20 15 9 27 8 15 17
27 5 12 29 24 18 10 19 10 26 20 8 28 20 14 25 16 3 22 12 11 22 13 15 19 15 19 24 14 18 26 22 14 8 31 25 27 35 22 24 28 22 18 15 15 5 0 12 17 15 15 24 32 10 27 16 28 10 28 17 26 26 22 21 14 27 29 20 16 23 19 16 22 33 16 29 25 16 14 21 14 11 22 21 31 21 24 32 15 25 9 21 7 25 21 25 18 21 11 24 19 20 25 26 6 20 22 5 16 25 19 11 14 10 23 23 31 11 23 25 34 23 29 24 21 8 22 25 21 27 3 29 16 21 34 21 22 26 9 15 24 30 9 21 25 14 5 26 3 19 20
19 9 24 17 27 6 3 28 22 35 19 19 20 31 19 30 22 15 28 15 11 25 5 20 30 25 29 30 4 14 33 10 2 13 21 14 21 24 23 12 16 22 21 11 24 7 12 0 13 19 10 12 26 5 16 4 19 10 16 29 19 16 33 24 13 15 26 12 13 11 7 28 12 24 4 19 13 9 2 9 13 5 22 25 21 26 12 25 24 19 13 29 8 13 26 13 30 30 10 32 28 14 32 29 7 29 31 11 28 18 13 7 17 19 19 11 21 14 30 26 22 27 21 30 9 10 20 27 19 20 15 17 16 30 24 32 18 14 20 14 12 18 20 25 13 17 16 29 15 8 13
32 12 24 20 40 14 16 36 24 43 32 18 12 35 13 41 32 18 38 28 6 38 8 13 34 22 35 24 17 1 43 18 15 24 34 27 34 22 36 24 25 10 34 24 32 15 17 13 0 31 3 20 39 18 28 17 32 6 23 27 10 14 37 14 5 21 39 25 26 21 15 32 10 37 12 14 18 5 12 22 26 18 35 37 17 37 18 38 20 8 25 23 20 19 19 17 32 37 5 40 36 5 42 42 18 37 38 21 26 31 4 20 30 27 32 20 33 9 24 39 22 39 34 24 19 8 7 40 32 33 17 26 8 38 20 36 5 19 24 27 12 24 25 16 17 30 21 42 18 10 6
23 19 20 35 9 24 16 12 17 19 12 20 39 20 29 10 5 15 9 5 26 8 24 30 18 27 15 36 18 32 14 25 19 7 27 23 21 44 12 23 27 37 5 12 8 16 15 19 31 0 28 27 24 15 25 19 23 25 29 25 38 35 20 36 29 30 19 17 11 23 24 16 31 28 23 38 30 27 21 20 10 15 13 6 40 7 29 24 27 37 6 33 11 30 34 32 21 14 26 15 11 32 14 11 13 12 15 10 24 19 31 14 5 7 16 24 28 26 35 15 41 8 23 36 23 23 37 14 14 21 16 28 31 13 43 19 36 30 13 10 31 31 10 36 32 6 13 11 14 27 32
29 10 23 19 37 11 13 34 23 41 29 17 12 34 14 38 30 17 36 25 5 35 5 14 33 22 34 25 14 4 41 15 12 21 31 24 31 21 33 21 22 12 31 21 30 12 15 10 3 28 0 17 36 15 25 14 29 5 21 27 10 13 36 16 6 19 36 22 23 18 12 31 9 34 9 14 16 2 9 19 23 15 32 34 17 34 16 35 21 10 22 24 17 17 20 16 31 36 4 39 34 5 40 39 15 35 37 18 26 28 4 17 27 25 29 17 30 9 25 36 21 36 31 25 16 7 10 37 29 30 16 23 9 36 20 35 8 17 23 24 11 22 23 18 16 27 19 39 17 8 5
16 21 36 8 32 6 14 38 34 45 20 31 20 42 29 37 31 27 36 22 20 29 13 29 41 37 39 40 10 20 41 2 10 22 16 10 20 18 24 7 6 29 25 15 33 19 24 12 20 27 17 0 25 14 11 8 17 20 4 41 20 14 43 33 22 3 26 12 16 4 5 38 13 20 8 18 4 15 10 7 17 13 22 31 19 34 3 24 36 21 22 39 18 3 35 8 42 39 19 41 37 17 40 33 18 38 40 21 40 18 17 13 22 29 19 3 16 24 40 26 16 33 19 40 4 21 27 27 19 20 27 7 25 39 20 42 21 3 32 17 12 6 30 34 8 22 28 33 27 10 15
9 33 42 33 21 27 25 36 39 43 13 40 45 44 44 29 29 35 30 21 37 19 31 45 42 47 39 55 22 40 34 24 24 25 9 15 5 43 12 18 20 48 19 17 32 28 32 26 39 24 36 25 0 23 14 21 8 36 24 46 44 39 44 49 39 27 5 13 16 21 26 40 37 6 29 43 29 34 27 18 18 23 11 25 44 28 28 1 46 44 24 52 25 28 50 33 45 38 36 39 35 39 34 22 26 35 39 27 45 7 38 21 20 31 10 22 10 38 54 10 41 27 6 54 22 35 46 12 11 5 35 20 42 37 45 43 43 28 36 16 37 25 34 50 33 19 33 22 34 33 38
18 8 22 21 22 10 2 24 20 31 14 17 25 28 20 25 18 13 24 10 14 20 10 21 27 24 25 31 4 19 29 12 5 9 21 15 18 29 18 14 18 25 16 6 20 5 10 5 18 15 15 14 23 0 17 6 18 13 18 27 24 21 30 26 16 17 22 11 8 13 10 24 17 23 9 24 16 14 7 11 8 1 17 20 26 22 15 23 23 24 9 29 4 16 27 18 28 26 13 28 24 19 28 24 4 25 27 7 26 16 18 2 12 15 15 13 22 15 31 21 27 22 20 31 11 12 24 22 14 18 13 19 19 26 29 28 23 17 18 9 17 20 16 27 18 12 14 24 13 13 18
5 25 39 19 26 15 18 37 37 44 15 34 31 45 37 33 30 30 33 21 28 23 22 37 43 41 40 48 14 29 38 10 14 24 5 2 9 29 17 5 6 37 22 14 33 22 27 16 28 25 25 11 14 17 0 12 6 26 10 44 30 25 45 40 29 13 15 8 14 8 13 41 23 9 16 29 15 23 18 7 16 16 16 28 30 31 14 13 40 31 23 45 21 14 42 19 45 39 26 40 36 26 37 27 21 37 40 24 43 9 25 16 20 31 12 8 5 30 46 18 27 30 8 46 10 26 35 20 13 9 30 6 32 38 31 44 30 14 35 15 23 11 33 41 19 19 31 27 30 20 25
14 13 28 16 24 6 6 29 26 36 15 23 24 34 24 29 23 19 28 14 15 21 9 24 33 29 31 35 2 18 33 6 2 13 17 10 16 25 19 8 12 26 17 7 24 11 16 4 17 19 14 8 21 6 12 0 15 14 12 33 23 18 34 28 17 11 22 8 9 7 5 30 16 20 8 22 11 13 6 5 9 5 18 23 23 26 10 21 28 23 13 33 10 11 30 14 34 30 14 33 28 18 32 25 10 29 31 13 32 14 17 5 14 20 15 7 17 18 34 22 23 25 17 34 5 14 24 23 15 16 19 13 20 30 26 33 22 11 24 10 16 14 22 29 14 14 20 25 19 12 17
1 27 38 25 21 19 19 35 36 42 11 35 37 43 38 29 28 30 29 19 30 19 24 39 41 42 38 49 16 33 34 16 17 22 4 7 3 35 12 10 12 41 18 13 31 24 28 19 32 23 29 17 8 18 6 15 0 29 16 43 36 31 43 43 32 19 9 7 12 13 18 39 29 5 21 35 21 28 21 10 14 17 11 24 36 27 20 7 41 36 21 47 20 20 45 25 43 37 29 38 34 31 33 23 21 34 38 23 42 4 30 16 18 29 7 14 5 33 49 12 33 26 2 49 14 29 39 14 9 3 30 12 35 36 37 42 35 20 33 13 29 17 31 44 25 17 30 23 29 25 30
29 6 17 24 34 14 11 29 18 36 27 12 17 29 9 35 26 12 32 22 1 32 7 10 28 17 29 20 14 7 36 18 12 18 31 24 31 26 31 22 25 12 28 19 25 9 10 10 6 25 5 20 36 13 26 14 29 0 24 22 15 18 31 14 4 23 35 22 21 21 15 26 14 34 12 19 21 7 11 19 21 13 30 31 22 31 20 35 16 14 19 19 14 21 16 21 26 31 1 34 29 10 35 36 12 30 32 15 21 28 9 15 24 20 28 20 31 4 20 34 26 33 31 20 19 2 12 35 27 30 11 26 7 31 25 30 11 22 18 22 16 26 19 16 21 24 15 36 12 13 10
15 25 40 9 33 10 18 41 38 48 22 35 22 46 33 40 35 31 39 25 24 31 17 33 45 41 43 44 14 24 44 6 14 25 15 9 19 19 25 7 4 33 28 17 36 23 28 16 23 29 21 4 24 18 10 12 16 24 0 45 22 15 46 37 26 3 25 13 18 5 9 42 15 19 12 19 5 19 14 8 19 17 23 33 20 36 5 23 40 23 25 43 22 5 39 9 46 42 23 43 39 20 42 35 22 40 43 25 44 17 20 17 24 32 20 5 14 28 44 26 17 35 18 44 7 25 30 28 20 19 31 4 29 41 21 45 24 4 36 19 14 2 34 38 9 24 32 35 31 13 18
43 20 5 45 34 35 27 21 8 25 34 10 39 13 15 31 23 14 28 26 22 33 28 16 15 6 18 15 31 27 29 39 31 21 47 42 42 48 35 41 45 24 30 30 21 22 17 29 27 25 27 41 46 27 44 33 43 22 45 0 36 40 18 20 22 44 42 36 31 40 36 13 36 48 33 41 42 28 31 38 29 28 35 29 44 28 41 46 7 34 22 12 23 42 16 42 9 22 23 25 22 32 28 34 23 24 23 20 1 39 31 28 27 17 37 40 47 18 14 38 48 30 43 15 38 20 26 38 35 41 14 46 20 23 47 17 32 43 11 30 37 47 13 19 42 27 13 34 14 34 32
35 21 33 15 46 17 22 45 34 52 38 28 2 45 22 49 41 28 46 34 15 44 14 22 44 31 45 32 23 9 51 20 21 31 36 29 39 14 42 26 25 16 40 30 41 22 26 19 10 38 10 20 44 24 30 23 36 15 22 36 0 7 46 22 14 19 45 31 32 23 18 41 7 39 15 6 17 10 17 26 32 24 41 44 9 44 17 43 29 2 32 31 26 18 27 13 41 46 14 49 44 5 50 48 24 45 47 28 35 37 6 26 36 35 38 22 35 18 32 45 14 46 38 32 22 17 13 46 38 39 26 26 17 46 12 45 5 18 33 33 8 22 33 24 13 36 29 48 27 11 6
30 22 36 8 42 12 20 45 35 52 33 30 7 46 27 47 39 29 45 31 18 39 13 27 44 35 45 38 19 14 50 15 17 30 30 24 34 8 37 21 19 22 35 25 41 22 26 16 14 35 13 14 39 21 25 18 31 18 15 40 7 0 47 28 19 12 40 26 27 18 13 42 4 34 10 4 10 11 12 21 27 19 36 40 5 42 11 38 34 9 28 37 24 11 33 6 42 46 17 48 43 9 48 43 22 45 47 26 39 32 10 21 31 34 33 17 29 22 38 40 8 42 33 38 17 19 19 41 33 34 27 19 22 45 8 46 11 11 34 28 2 15 34 30 6 31 30 43 28 7 8
43 27 16 51 23 40 31 8 13 7 32 19 49 5 29 17 15 19 15 24 32 25 34 30 3 23 5 33 34 38 14 42 35 21 47 43 41 56 32 42 46 38 25 31 12 26 22 33 37 20 36 43 44 30 45 34 43 31 46 18 46 47 0 36 32 45 39 37 31 41 39 5 43 48 37 50 45 37 35 39 29 31 33 19 52 16 44 44 24 45 22 30 25 45 33 46 9 7 32 8 9 41 13 23 26 10 7 22 18 39 40 29 25 14 36 41 48 28 32 34 55 18 43 33 39 29 38 32 34 41 20 47 32 8 55 1 42 45 12 30 45 48 13 36 46 26 16 23 18 40 41
43 18 20 34 45 28 25 38 23 43 40 17 24 32 7 46 37 21 43 33 13 43 20 6 33 14 36 10 28 14 47 31 26 29 45 38 45 36 43 36 38 6 39 33 36 21 21 24 14 36 16 33 49 26 40 28 43 14 37 20 22 28 36 0 10 35 48 36 34 34 28 31 24 48 24 28 32 18 24 33 33 27 42 42 31 42 32 49 13 20 30 10 26 33 5 31 28 40 13 43 39 19 46 47 24 41 41 26 19 42 18 28 35 31 41 33 45 11 10 46 36 44 45 10 32 15 9 46 40 44 20 39 7 41 34 35 17 33 26 34 26 38 28 2 31 35 24 47 22 24 20
33 10 19 25 38 16 15 32 20 39 31 13 16 30 8 39 30 15 36 26 3 36 9 8 29 16 32 19 18 5 40 20 16 22 35 28 35 27 35 26 27 8 32 23 29 13 14 13 5 29 6 22 39 16 29 17 32 4 26 22 14 19 32 10 0 25 38 25 24 23 17 27 15 37 14 19 22 8 13 22 24 17 33 35 22 35 22 38 15 12 23 18 18 23 14 22 27 34 3 37 33 10 39 40 16 34 35 19 21 31 9 18 28 24 31 22 34 4 19 37 27 37 34 19 21 6 8 38 30 33 14 28 3 35 25 31 10 23 21 25 17 28 22 12 22 28 18 40 16 14 11
18 24 39 6 35 9 17 41 37 48 23 34 19 45 32 40 34 30 39 25 23 32 16 32 44 40 42 43 13 21 44 5 13 25 18 12 22 16 27 9 7 30 28 18 36 22 27 15 21 30 19 3 27 17 13 11 19 23 3 44 19 12 45 35 25 0 28 15 19 7 8 41 12 22 11 16 2 16 13 10 20 16 25 34 17 37 3 26 39 20 24 42 21 2 38 6 45 41 22 44 39 17 43 36 21 40 42 24 43 20 17 16 25 31 22 6 17 27 43 29 14 36 21 43 7 24 27 30 22 22 30 7 27 41 18 44 21 1 35 20 11 3 33 36 6 25 31 36 30 10 15
10 31 39 34 16 28 24 31 35 38 9 37 46 39 43 24 24 31 25 17 36 14 31 44 37 43 34 52 22 40 29 25 24 21 12 16 6 44 7 19 21 47 14 16 27 27 29 26 39 19 36 26 5 22 15 22 9 35 25 42 45 40 39 48 38 28 0 14 14 22 27 35 38 10 30 44 30 35 28 19 15 22 7 20 45 23 29 5 43 45 20 49 22 29 49 34 40 33 35 34 30 40 29 17 24 30 34 24 41 8 39 20 16 26 7 23 13 37 51 5 42 22 8 52 23 34 46 7 8 6 31 21 41 32 46 38 44 29 32 14 38 26 29 49 34 15 29 17 30 34 39
7 19 31 21 19 14 12 29 29 36 8 28 32 37 31 26 22 22 26 13 23 17 17 32 35 34 32 42 9 26 31 11 10 16 10 6 8 30 11 7 11 34 15 6 25 16 20 12 25 17 22 12 13 11 8 8 7 22 13 36 31 26 37 36 25 15 14 0 6 8 13 33 24 12 16 30 16 21 14 5 8 10 10 21 31 24 15 13 34 31 15 40 13 15 38 20 37 31 22 32 28 26 30 21 14 29 32 16 35 6 25 9 12 23 7 9 11 26 42 14 28 23 9 42 9 22 32 15 7 8 23 12 28 30 32 36 30 15 27 7 24 15 25 37 20 12 23 21 22 20 25
12 16 26 25 15 15 10 23 24 30 6 23 33 31 28 21 16 18 20 7 22 13 18 29 29 30 26 39 9 27 25 14 11 10 16 12 11 33 10 12 16 33 9 2 19 13 16 13 26 11 23 16 16 8 14 9 12 21 18 31 32 27 31 34 24 19 14 6 0 13 14 27 25 17 17 31 19 22 15 10 2 8 9 15 32 18 18 16 30 32 9 36 9 19 35 23 31 25 21 26 22 27 24 17 10 23 26 11 30 9 26 6 6 17 7 14 17 23 38 13 32 17 13 39 12 20 32 14 6 11 19 17 27 24 35 30 31 19 21 1 25 20 19 35 23 6 18 17 18 21 26
12 20 35 12 27 7 13 36 33 43 16 30 24 41 30 34 29 26 33 19 21 25 14 30 40 36 38 41 9 21 38 3 9 20 13 6 16 22 19 3 5 30 22 11 30 18 23 11 21 23 18 4 21 13 8 7 13 21 5 40 23 18 41 34 23 7 22 8 13 0 6 37 16 17 9 22 8 16 10 3 13 12 18 27 23 30 7 20 35 24 20 40 17 7 36 12 41 36 20 37 33 19 36 29 17 34 37 20 39 14 18 12 18 27 15 1 13 25 41 22 20 29 15 41 2 21 28 23 15 16 26 6 26 35 24 40 23 7 31 14 16 7 29 35 12 18 27 29 26 13 18
17 16 31 11 29 1 9 34 29 41 20 26 19 38 24 34 28 22 33 19 15 26 8 24 37 32 35 35 7 15 38 3 5 18 19 12 21 20 24 9 10 24 22 12 29 14 19 7 15 24 12 5 26 10 13 5 18 15 9 36 18 13 39 28 17 8 27 13 14 6 0 34 11 22 3 17 6 10 5 8 14 9 23 28 18 31 5 25 31 18 18 34 14 6 30 9 37 35 14 38 33 13 37 30 13 34 36 17 35 19 12 10 19 25 20 5 18 19 35 27 18 30 20 35 4 16 22 28 20 21 22 11 20 35 21 38 17 7 27 15 11 11 26 29 9 19 23 30 22 7 12
39 21 11 45 23 34 25 8 8 12 28 14 43 4 24 18 12 14 15 20 27 23 29 25 2 18 5 28 28 33 16 36 29 17 43 39 37 51 28 38 42 33 21 27 9 21 16 28 32 16 31 38 40 24 41 30 39 26 42 13 41 42 5 31 27 41 35 33 27 37 34 0 38 44 32 45 40 32 30 35 25 25 29 18 47 16 39 40 19 39 18 25 20 40 28 41 5 9 27 12 9 36 15 23 21 11 10 17 13 35 35 25 21 10 32 37 44 23 27 31 50 18 39 28 35 24 33 30 30 37 14 43 27 10 50 4 37 41 7 26 40 44 8 31 41 22 11 23 13 35 36
28 17 31 10 39 10 16 41 30 48 31 26 8 41 23 43 35 24 41 28 14 37 9 23 40 31 41 34 16 10 46 13 14 26 29 22 32 12 35 19 18 18 33 23 37 18 22 12 10 31 9 13 37 17 23 16 29 14 15 36 7 4 43 24 15 12 38 24 25 16 11 38 0 32 8 7 10 7 10 19 25 17 34 37 9 38 10 36 30 8 25 33 20 11 29 8 38 42 13 44 40 5 44 41 19 41 43 23 35 30 6 19 29 31 31 15 28 18 34 38 12 39 31 34 15 15 16 39 31 32 23 19 18 42 12 42 9 11 30 26 2 15 30 26 8 29 26 41 24 4 4
6 32 43 28 25 24 24 40 41 47 16 40 40 48 43 33 33 35 34 24 35 23 29 44 46 47 43 54 21 38 38 19 22 27 4 11 7 38 16 14 15 46 23 18 36 29 33 24 37 28 34 20 6 23 9 20 5 34 19 48 39 34 48 48 37 22 10 12 17 17 22 44 32 0 25 38 24 32 26 15 19 22 15 29 39 32 23 5 46 40 26 52 25 23 50 28 48 42 34 43 39 35 38 27 26 39 43 28 47 9 34 21 23 34 12 17 5 38 54 15 36 31 5 54 19 34 44 17 14 7 35 15 40 41 40 47 39 23 38 18 32 20 36 49 28 22 35 27 34 29 34
20 13 28 12 31 2 8 33 26 40 23 23 16 36 21 35 27 19 33 20 12 29 5 21 35 29 34 32 8 12 38 6 6 18 22 15 24 19 27 12 13 21 25 15 29 11 16 4 12 23 9 8 29 9 16 8 21 12 12 33 15 10 37 24 14 11 30 16 17 9 3 32 8 25 0 14 9 7 2 11 17 9 26 29 15 30 8 28 28 15 17 31 12 9 27 9 34 34 11 36 32 10 36 33 11 33 35 15 32 22 9 11 21 23 23 8 21 16 32 30 18 31 23 32 7 13 19 31 23 24 19 14 17 34 18 36 14 10 24 18 8 14 24 26 9 21 20 33 19 4 9
34 24 38 11 46 16 23 48 37 55 37 32 4 48 27 50 42 31 48 35 19 43 16 27 47 36 48 38 23 14 53 19 21 33 34 28 38 8 41 25 23 22 39 29 44 25 29 19 14 38 14 18 43 24 29 22 35 19 19 41 6 4 50 28 19 16 44 30 31 22 17 45 7 38 14 0 14 14 16 25 31 23 40 43 3 44 15 42 34 8 31 37 26 15 33 10 45 48 18 50 46 9 50 47 25 47 49 29 40 36 10 25 35 37 37 21 33 23 38 44 8 45 37 38 21 21 19 45 37 38 30 23 22 48 6 49 11 15 37 32 6 19 37 30 10 35 33 47 31 11 9
20 22 37 5 35 7 15 40 35 47 24 32 17 44 30 40 34 28 39 25 21 32 14 30 43 38 41 41 13 18 44 5 11 24 20 14 24 14 27 11 9 27 28 18 35 20 25 13 18 30 16 4 29 16 15 11 21 21 5 42 17 10 45 32 22 2 30 16 19 8 6 40 10 24 9 14 0 14 11 11 20 15 26 34 15 37 1 28 37 18 24 40 20 1 36 4 43 41 20 44 39 15 43 36 19 40 42 23 41 22 15 16 25 31 23 7 19 25 41 30 13 36 23 41 7 22 25 31 23 24 28 9 25 41 16 44 19 1 33 20 9 5 32 34 4 25 29 36 28 8 13
27 11 24 17 36 9 12 35 24 42 28 18 12 35 16 38 30 18 36 24 7 34 4 16 34 24 35 27 13 5 41 13 11 20 29 22 29 19 32 19 20 14 30 20 31 12 16 9 5 27 2 15 34 14 23 13 28 7 19 28 10 11 37 18 8 16 35 21 22 16 10 32 7 32 7 14 14 0 7 18 22 14 31 33 16 33 14 34 23 10 21 26 16 15 22 14 32 37 6 40 35 5 40 38 14 36 38 18 27 27 4 16 26 26 28 15 28 11 27 35 19 35 30 27 14 8 12 36 28 29 17 21 11 37 19 36 9 15 24 23 9 19 24 20 14 26 20 38 18 6 5
20 11 26 14 29 4 5 30 24 37 21 21 18 33 20 32 24 17 30 17 11 27 4 20 32 27 31 31 6 12 35 8 4 15 23 16 22 21 25 13 15 21 23 13 26 9 14 2 12 21 9 10 27 7 18 6 21 11 14 31 17 12 35 24 13 13 28 14 15 10 5 30 10 26 2 16 11 7 0 11 15 7 24 27 17 28 10 27 26 17 15 30 10 11 26 11 32 32 10 34 30 12 34 31 9 31 33 13 30 20 11 9 19 21 21 10 23 15 31 28 20 29 23 31 8 11 19 29 21 22 17 16 16 32 20 34 16 12 22 16 10 16 22 25 11 19 18 31 17 6 11
9 18 33 15 24 9 11 32 31 39 13 28 27 39 29 30 25 24 29 15 20 22 14 29 37 34 34 40 7 23 34 6 7 18 12 5 13 25 16 3 7 31 18 8 27 16 21 9 22 20 19 7 18 11 7 5 10 19 8 38 26 21 39 33 22 10 19 5 10 3 8 35 19 15 11 25 11 18 11 0 10 10 15 24 26 27 10 17 33 26 17 38 15 10 35 15 39 33 19 34 30 21 33 26 15 31 34 18 37 11 20 10 15 25 12 4 12 23 39 19 23 26 12 39 4 19 29 20 12 13 24 8 25 32 27 38 25 10 29 11 19 10 27 34 15 15 25 26 24 15 20
14 15 24 25 14 15 10 21 22 28 6 22 33 29 27 19 14 16 18 5 22 12 18 28 27 28 24 37 9 27 23 15 11 8 18 14 13 34 10 13 17 33 8 2 17 12 14 13 26 10 23 17 18 8 16 9 14 21 19 29 32 27 29 33 24 20 15 8 2 13 14 25 25 19 17 31 20 22 15 10 0 8 9 14 32 16 19 18 28 32 7 34 7 20 34 23 29 23 21 24 20 27 23 16 9 21 24 9 28 10 26 6 5 15 8 14 19 22 36 13 32 16 14 37 13 19 32 14 7 12 17 18 27 22 35 28 31 20 19 1 25 20 17 34 23 5 16 16 16 21 26
17 9 23 20 22 9 2 25 21 32 14 18 25 29 21 25 18 14 24 11 14 20 10 22 28 25 26 32 3 19 29 11 4 10 20 14 18 28 18 13 17 25 16 6 20 6 11 5 18 15 15 13 23 1 16 5 17 13 17 28 24 19 31 27 17 16 22 10 8 12 9 25 17 22 9 23 15 14 7 10 8 0 17 21 24 22 14 23 24 24 9 30 5 15 28 18 29 26 14 28 24 19 28 24 5 25 27 8 27 16 18 2 12 16 15 12 21 16 32 21 27 23 19 32 10 12 25 22 14 18 14 18 20 26 27 29 23 16 19 9 17 19 17 28 18 12 15 24 14 13 18
11 24 32 31 10 24 19 25 29 32 3 31 42 33 36 18 18 25 19 10 31 8 27 37 31 36 28 45 18 36 23 21 20 14 15 15 8 40 1 17 20 42 8 11 21 21 22 22 35 13 32 22 11 17 16 18 11 30 23 35 41 36 33 42 33 25 7 10 9 18 23 29 34 15 26 40 26 31 24 15 9 17 0 14 41 17 25 11 36 41 13 42 16 25 42 30 34 27 30 28 24 36 23 12 18 24 28 17 34 7 35 15 9 20 4 19 16 31 44 4 38 16 10 45 19 28 41 5 3 8 24 21 36 26 42 32 40 25 25 8 34 25 23 43 30 8 22 12 23 30 35
24 25 24 39 5 29 22 11 21 18 13 25 45 20 35 4 6 21 5 10 32 6 30 36 18 31 14 41 23 38 9 29 24 13 28 27 22 48 13 27 31 43 6 16 9 22 21 25 37 6 34 31 25 20 28 23 24 31 33 29 44 40 19 42 35 34 20 21 15 27 28 18 37 29 29 43 34 33 27 24 14 21 14 0 44 3 33 25 32 43 12 38 17 34 39 37 23 13 32 14 10 38 9 5 19 10 14 16 28 20 37 19 9 12 17 28 29 32 40 15 46 2 24 41 27 29 43 13 15 22 22 32 37 12 47 18 42 34 17 14 37 34 15 42 37 9 18 5 20 33 38
35 26 40 11 47 17 25 50 39 57 38 35 7 50 30 52 44 33 50 36 22 44 18 30 49 39 50 41 24 17 55 20 22 35 35 29 39 5 42 26 24 25 40 30 46 27 31 21 17 40 17 19 44 26 30 23 36 22 20 44 9 5 52 31 22 17 45 31 32 23 18 47 9 39 15 3 15 16 17 26 32 24 41 44 0 45 16 43 37 11 32 40 27 16 36 11 47 49 21 51 47 12 51 48 26 48 50 30 43 37 13 26 36 38 38 22 34 26 41 45 5 46 38 41 22 24 22 46 38 39 32 24 25 49 3 51 14 16 39 33 7 19 39 33 11 36 35 48 33 12 12
27 25 23 42 7 31 23 8 20 15 16 25 46 17 35 4 5 21 2 12 32 9 30 36 15 30 11 40 25 38 7 32 26 13 31 30 25 51 16 30 34 43 9 19 7 22 21 26 37 7 34 34 28 22 31 26 27 31 36 28 44 42 16 42 35 37 23 24 18 30 31 16 38 32 30 44 37 33 28 27 16 22 17 3 45 0 35 28 31 43 13 37 18 36 39 39 21 10 32 11 7 38 7 7 19 7 11 16 27 23 37 21 11 11 20 30 32 32 39 18 48 2 27 40 29 29 43 16 18 25 22 34 37 9 48 15 42 36 16 16 38 36 14 42 39 12 18 7 20 34 38
19 21 36 6 34 6 14 39 34 46 23 31 17 43 29 39 33 27 38 24 20 31 13 29 42 37 40 40 12 18 43 4 10 23 19 13 23 15 26 10 8 27 27 17 34 19 24 12 18 29 16 3 28 15 14 10 20 20 5 41 17 11 44 32 22 3 29 15 18 7 5 39 10 23 8 15 1 14 10 10 19 14 25 33 16 35 0 27 36 18 23 39 19 1 35 5 42 40 19 42 38 15 42 35 18 39 41 22 40 21 15 15 24 30 22 6 18 24 40 29 14 35 22 40 6 21 25 30 22 23 27 9 25 40 17 43 19 2 32 19 9 6 31 34 5 24 28 35 27 8 13
8 32 42 32 21 26 25 36 39 43 13 40 44 44 44 29 29 34 30 21 36 19 30 45 42 46 39 55 22 39 34 23 23 25 8 14 5 42 12 17 19 47 19 17 32 28 32 25 38 24 35 24 1 23 13 21 7 35 23 46 43 38 44 49 38 26 5 13 16 20 25 40 36 5 28 42 28 34 27 17 18 23 11 25 43 28 27 0 46 43 24 52 25 27 50 32 45 38 35 39 35 38 34 22 26 35 39 27 45 7 37 21 20 31 9 21 9 38 54 10 40 27 5 54 21 35 45 12 11 5 35 19 41 37 44 43 42 27 36 16 36 24 34 50 32 19 33 22 34 32 37
41 15 8 40 36 30 23 26 11 31 34 7 31 19 8 34 26 12 31 26 16 35 23 9 21 1 24 9 27 20 35 34 26 22 44 38 42 42 36 36 40 17 32 29 24 18 15 24 20 27 21 36 46 23 40 28 41 16 40 7 29 34 24 13 15 39 43 34 30 35 31 19 30 46 28 34 37 23 26 33 28 24 36 32 37 31 36 46 0 27 23 6 21 37 9 37 15 28 17 31 27 25 34 37 21 29 29 19 6 38 24 25 28 20 36 35 45 12 8 39 42 33 42 9 33 15 19 39 35 40 12 41 13 29 40 23 25 38 14 29 32 42 16 12 37 28 14 37 13 29 26
35 20 31 17 46 17 22 44 32 51 38 26 4 43 20 48 40 26 46 34 14 44 14 20 42 29 43 30 23 7 51 21 21 30 37 30 39 16 42 27 26 14 40 30 40 22 25 19 8 37 10 21 44 24 31 23 36 14 23 34 2 9 45 20 12 20 45 31 32 24 18 39 8 40 15 8 18 10 17 26 32 24 41 43 11 43 18 43 27 0 31 29 26 19 25 15 39 45 13 48 43 5 49 48 24 44 46 28 33 37 6 26 36 34 38 23 36 16 30 45 16 45 38 30 22 16 11 46 38 39 25 27 15 45 14 43 3 19 32 33 9 23 33 22 15 36 29 48 26 11 6
21 13 17 29 15 18 10 15 15 22 11 16 33 22 23 16 9 11 15 3 20 13 18 24 20 23 18 32 12 26 20 20 13 1 25 21 20 37 13 20 24 31 9 9 11 10 9 13 25 6 22 22 24 9 23 13 21 19 25 22 32 28 22 30 23 24 20 15 9 20 18 18 25 26 17 31 24 21 15 17 7 9 13 12 32 13 23 24 23 31 0 29 5 24 29 26 22 17 20 19 15 26 19 17 7 16 18 4 21 17 25 8 5 8 15 20 26 20 31 16 35 14 21 32 18 17 31 16 13 19 11 25 25 17 35 21 30 24 12 8 25 27 10 30 26 5 9 17 10 21 26
47 21 14 43 42 33 29 32 17 37 40 13 33 25 10 40 32 18 37 32 19 41 26 10 27 7 30 3 33 23 41 37 31 28 50 43 48 45 42 41 44 16 38 35 30 24 21 29 23 33 24 39 52 29 45 33 47 19 43 12 31 37 30 10 18 42 49 40 36 40 34 25 33 52 31 37 40 26 30 38 34 30 42 38 40 37 39 52 6 29 29 0 27 40 5 40 21 34 20 37 33 28 40 43 27 35 35 25 12 44 27 31 34 26 42 39 50 15 2 45 45 39 48 3 38 19 19 45 41 46 18 45 15 35 43 29 26 41 20 35 35 45 22 9 40 34 20 43 19 32 29
20 8 18 25 20 14 5 20 16 27 13 14 28 24 20 21 14 9 20 8 15 18 13 21 22 21 21 30 8 21 25 16 9 5 23 19 20 33 17 18 22 26 14 8 16 5 7 8 20 11 17 18 25 4 21 10 20 14 22 23 26 24 25 26 18 21 22 13 9 17 14 20 20 25 12 26 20 16 10 15 7 5 16 17 27 18 19 25 21 26 5 27 0 20 27 21 24 22 15 24 20 21 24 22 2 21 23 3 22 17 20 5 10 11 15 17 24 15 29 20 30 19 21 30 15 12 26 21 14 19 10 23 20 22 30 24 25 21 14 8 20 24 12 27 21 10 10 22 9 16 21
19 22 37 5 34 7 15 40 35 47 23 32 18 44 30 40 34 28 39 25 21 32 14 30 43 38 41 41 13 19 44 5 11 24 19 13 23 15 26 10 8 28 28 18 35 20 25 13 19 30 17 3 28 16 14 11 20 21 5 42 18 11 45 33 23 2 29 15 19 7 6 40 11 23 9 15 1 15 11 10 20 15 25 34 16 36 1 27 37 19 24 40 20 0 36 5 43 41 20 43 39 15 43 36 19 40 42 23 41 21 16 16 25 31 22 6 18 25 41 29 13 36 22 41 7 22 26 30 22 23 28 8 26 41 17 44 19 1 33 20 10 5 32 35 5 25 29 36 28 9 14
46 19 17 39 43 29 26 35 20 40 40 14 29 28 7 43 34 19 40 33 15 42 22 6 30 10 33 5 30 19 44 33 28 28 47 40 46 41 42 38 40 11 38 34 33 22 21 26 19 34 20 35 50 27 42 30 45 16 39 16 27 33 33 5 14 38 49 38 35 36 30 28 29 50 27 33 36 22 26 35 34 28 42 39 36 39 35 50 9 25 29 5 27 36 0 36 24 37 16 40 36 24 43 44 25 38 38 26 15 43 23 29 34 28 42 35 47 12 5 45 41 41 47 5 34 16 14 45 41 45 18 41 11 38 39 32 22 37 23 35 31 41 25 4 36 34 21 44 20 28 25
24 22 37 3 38 9 17 42 35 49 28 32 13 45 30 43 36 28 42 28 21 35 14 30 44 38 43 41 16 17 47 9 14 27 24 18 28 11 31 15 13 26 31 21 38 20 25 13 17 32 16 8 33 18 19 14 25 21 9 42 13 6 46 31 22 6 34 20 23 12 9 41 8 28 9 10 4 14 11 15 23 18 30 37 11 39 5 32 37 15 26 40 21 5 36 0 43 43 20 45 41 13 45 39 20 42 44 24 41 26 13 19 28 32 27 11 23 25 41 34 9 39 27 41 11 22 23 35 27 28 28 13 25 43 12 45 16 5 33 24 6 9 33 33 0 28 29 39 28 8 12
43 21 9 46 28 36 28 13 8 16 32 14 44 4 23 23 17 15 20 24 27 28 29 24 6 14 10 24 32 33 21 40 32 21 47 43 41 51 33 42 46 32 26 31 14 23 18 30 32 21 31 42 45 28 45 34 43 26 46 9 41 42 9 28 27 45 40 37 31 41 37 5 38 48 34 45 43 32 32 39 29 29 34 23 47 21 42 45 15 39 22 21 24 43 24 43 0 14 27 16 14 36 20 28 24 16 14 21 9 39 35 29 25 14 36 41 48 23 23 36 50 23 43 24 39 24 33 35 34 41 15 47 27 15 50 8 37 44 10 30 40 48 12 27 43 26 14 28 15 35 36
37 26 20 47 17 36 27 2 17 5 26 23 49 10 33 10 9 19 8 18 32 19 34 34 8 27 4 37 30 38 7 38 31 17 41 37 35 55 26 37 41 41 19 25 6 25 21 30 37 14 36 39 38 26 39 30 37 31 42 22 46 46 7 40 34 41 33 31 25 36 35 9 42 42 34 48 41 37 32 33 23 26 27 13 49 10 40 38 28 45 17 34 22 41 37 43 14 0 32 3 3 41 6 16 23 3 1 19 22 33 40 25 19 11 30 37 42 30 36 28 52 11 37 37 35 29 41 26 28 35 20 41 35 1 52 7 42 41 14 24 42 43 12 40 43 20 16 16 18 38 41
29 7 18 23 35 13 12 30 19 37 27 13 16 30 10 36 27 13 33 23 1 33 6 10 29 18 30 21 14 6 37 17 12 19 31 24 31 25 31 22 24 11 29 19 26 10 11 10 5 26 4 19 36 13 26 14 29 1 23 23 14 17 32 13 3 22 35 22 21 20 14 27 13 34 11 18 20 6 10 19 21 14 30 32 21 32 19 35 17 13 20 20 15 20 16 20 27 32 0 35 30 9 36 37 13 31 33 16 22 28 8 15 25 21 28 19 31 5 21 34 25 34 31 21 18 3 11 35 27 30 12 25 6 32 24 31 10 21 19 22 15 25 20 15 20 25 16 37 13 12 9
38 29 23 50 18 39 30 5 20 4 27 26 52 12 36 10 10 22 9 19 35 20 37 37 10 30 7 40 31 41 6 39 33 20 42 38 36 57 27 38 42 44 20 26 9 28 24 32 40 15 39 41 39 28 40 33 38 34 43 25 49 48 8 43 37 44 34 32 26 37 38 12 44 43 36 50 44 40 34 34 24 28 28 14 51 11 42 39 31 48 19 37 24 43 40 45 16 3 35 0 4 44 5 17 25 4 2 21 25 34 43 27 20 13 31 38 43 33 39 29 54 12 38 40 37 32 44 27 29 36 23 42 38 2 54 8 45 43 17 25 44 44 15 43 45 21 19 17 21 40 44
34 24 19 44 14 33 25 1 16 8 23 22 47 10 32 9 6 18 6 15 31 16 32 33 8 26 4 36 27 37 8 35 28 15 38 34 32 52 23 34 38 40 16 22 4 23 19 28 36 11 34 37 35 24 36 28 34 29 39 22 44 43 9 39 33 39 30 28 22 33 33 9 40 39 32 46 39 35 30 30 20 24 24 10 47 7 38 35 27 43 15 33 20 39 36 41 14 3 30 4 0 39 7 14 21 2 4 17 21 30 38 23 16 9 27 34 39 29 35 25 50 9 34 36 33 27 40 23 25 32 19 38 34 2 50 8 40 39 13 21 40 40 11 39 41 17 15 14 17 36 39
30 15 28 15 41 12 17 39 28 46 33 22 7 39 18 43 35 22 41 29 10 39 9 18 38 26 39 29 18 5 46 16 16 25 32 25 34 17 37 22 23 13 35 25 35 17 20 14 5 32 5 17 39 19 26 18 31 10 20 32 5 9 41 19 10 17 40 26 27 19 13 36 5 35 10 9 15 5 12 21 27 19 36 38 12 38 15 38 25 5 26 28 21 15 24 13 36 41 9 44 39 0 45 43 19 40 42 23 31 32 1 21 31 30 33 18 31 14 29 40 17 40 33 29 17 12 11 41 33 34 21 23 13 41 15 40 4 16 28 28 7 20 28 21 13 31 24 43 22 6 1
33 30 26 48 13 38 29 8 23 9 22 29 52 17 39 5 10 25 5 19 37 15 37 40 14 33 10 43 31 43 1 38 33 20 37 36 31 57 22 36 40 47 15 25 10 28 25 32 42 14 40 40 34 28 37 32 33 35 42 28 50 48 13 46 39 43 29 30 24 36 37 15 44 38 36 50 43 40 34 33 23 28 23 9 51 7 42 34 34 49 19 40 24 43 43 45 20 6 36 5 7 45 0 12 26 5 7 22 28 29 44 27 18 15 26 37 38 36 42 24 54 7 33 43 36 33 47 22 24 31 26 41 41 5 54 13 46 43 20 23 44 43 18 46 45 18 22 12 24 40 45
23 30 29 42 2 32 26 15 26 21 13 30 49 24 40 7 11 26 8 14 37 4 34 41 22 36 18 46 25 43 12 32 27 18 27 26 20 51 11 28 31 48 8 18 14 27 26 29 42 11 39 33 22 24 27 25 23 36 35 34 48 43 23 47 40 36 17 21 17 29 30 23 41 27 33 47 36 38 31 26 16 24 12 5 48 7 35 22 37 48 17 43 22 36 44 39 28 16 37 17 14 43 12 0 24 13 17 21 33 19 42 22 12 17 16 30 28 37 45 12 48 5 22 46 29 34 48 10 14 20 27 32 42 15 51 22 47 36 22 16 41 36 20 47 39 12 23 0 25 37 42
21 6 18 24 22 13 4 21 16 28 15 14 26 25 18 23 16 9 21 10 13 20 11 19 23 21 22 29 8 19 26 16 8 6 24 19 21 31 19 18 22 24 16 9 17 3 6 7 18 13 15 18 26 4 21 10 21 12 22 23 24 22 26 24 16 21 24 14 10 17 13 21 19 26 11 25 19 14 9 15 9 5 18 19 26 19 18 26 21 24 7 27 2 19 25 20 24 23 13 25 21 19 26 24 0 22 24 4 22 19 18 5 12 12 17 17 25 13 29 22 29 21 23 29 15 10 24 23 16 21 9 23 18 23 29 25 23 20 14 10 19 24 13 25 20 12 10 24 9 15 19
34 25 21 46 14 35 26 3 18 8 23 24 48 12 34 7 7 20 5 16 32 16 33 35 10 28 6 38 28 38 6 36 29 16 38 35 32 54 23 35 39 42 16 23 5 24 20 29 37 12 35 38 35 25 37 29 34 30 40 24 45 45 10 41 34 40 30 29 23 34 34 11 41 39 33 47 40 36 31 31 21 25 24 10 48 7 39 35 29 44 16 35 21 40 38 42 16 3 31 4 2 40 5 13 22 0 4 18 23 30 39 24 17 10 27 35 39 31 37 25 51 8 34 38 34 28 42 23 25 32 21 39 36 2 51 10 41 40 15 22 41 41 13 41 42 18 17 13 19 37 40
38 27 21 48 18 37 28 3 18 4 27 24 50 10 34 11 10 20 9 19 33 20 35 35 8 28 5 38 31 39 7 39 32 18 42 38 36 56 27 38 42 42 20 26 7 26 22 31 38 15 37 40 39 27 40 31 38 32 43 23 47 47 7 41 35 42 34 32 26 37 36 10 43 43 35 49 42 38 33 34 24 27 28 14 50 11 41 39 29 46 18 35 23 42 38 44 14 1 33 2 4 42 7 17 24 4 0 20 23 34 41 26 20 12 31 38 43 31 37 29 53 12 38 38 36 30 42 27 29 36 21 42 36 2 53 7 43 42 15 25 43 44 13 41 44 21 17 17 19 39 42
23 9 15 28 19 17 8 17 13 24 15 12 30 21 19 20 12 7 18 7 16 17 15 20 19 19 18 28 11 22 23 19 12 3 26 22 22 35 17 21 25 27 13 10 13 6 5 11 21 10 18 21 27 7 24 13 23 15 25 20 28 26 22 26 19 24 24 16 11 20 17 17 23 28 15 29 23 18 13 18 9 8 17 16 30 16 22 27 19 28 4 25 3 23 26 24 21 19 16 21 17 23 22 21 4 18 20 0 19 19 22 8 9 8 17 20 27 16 27 20 33 18 23 28 18 13 27 20 16 21 8 26 21 19 33 21 26 24 11 10 23 27 9 26 24 9 7 21 7 19 23
42 19 4 44 33 34 26 20 7 25 33 9 37 13 14 30 22 13 27 25 21 32 27 15 15 5 18 15 30 26 29 38 30 20 46 41 41 47 34 40 44 23 29 29 20 21 16 28 26 24 26 40 45 26 43 32 42 21 44 1 35 39 18 19 21 43 41 35 30 39 35 13 35 47 32 40 41 27 30 37 28 27 34 28 43 27 40 45 6 33 21 12 22 41 15 41 9 22 22 25 21 31 28 33 22 23 23 19 0 38 30 27 26 16 36 39 46 17 14 37 46 29 42 15 37 19 25 37 34 40 13 45 19 23 46 17 31 42 10 29 36 46 12 18 41 26 12 33 13 33 31
4 25 35 26 17 20 18 31 32 38 7 32 38 39 37 24 24 27 25 15 29 15 23 38 37 39 34 48 15 32 29 17 16 18 8 8 2 36 8 11 13 40 14 10 27 21 25 18 31 19 28 18 7 16 9 14 4 28 17 39 37 32 39 42 31 20 8 6 9 14 19 35 30 9 22 36 22 27 20 11 10 16 7 20 37 23 21 7 38 37 17 44 17 21 43 26 39 33 28 34 30 32 29 19 19 30 34 19 38 0 31 14 14 25 3 15 9 31 46 9 34 22 4 47 15 28 38 11 5 2 27 14 34 32 38 38 36 21 29 9 30 18 27 43 26 13 26 19 26 26 31
29 14 26 16 40 11 16 38 27 45 32 21 8 38 17 41 34 21 39 28 9 38 8 17 37 25 38 28 17 4 44 15 15 24 31 24 33 18 36 21 22 13 34 24 34 16 19 13 4 31 4 17 38 18 25 17 30 9 20 31 6 10 40 18 9 17 39 25 26 18 12 35 6 34 9 10 15 4 11 20 26 18 35 37 13 37 15 37 24 6 25 27 20 16 23 13 35 40 8 43 38 1 44 42 18 39 41 22 30 31 0 20 30 29 32 17 30 13 28 39 18 39 32 28 16 11 10 40 32 33 20 23 12 40 16 39 5 16 27 27 8 20 27 20 13 30 23 42 21 7 2
16 10 23 21 20 10 4 23 21 30 12 19 27 29 22 23 17 14 23 9 16 18 12 23 27 26 25 33 4 21 28 11 5 8 19 14 16 30 16 13 17 27 14 4 19 7 11 7 20 14 17 13 21 2 16 5 16 15 17 28 26 21 29 28 18 16 20 9 6 12 10 25 19 21 11 25 16 16 9 10 6 2 15 19 26 21 15 21 25 26 8 31 5 16 29 19 29 25 15 27 23 21 27 22 5 24 26 8 27 14 20 0 10 15 13 12 20 17 33 19 28 21 18 33 10 14 26 20 12 16 14 18 21 25 29 28 25 16 19 7 19 19 17 29 19 10 15 22 14 15 20
18 18 22 30 10 20 14 17 20 24 7 21 37 25 28 13 10 16 13 2 25 8 22 29 23 28 20 37 14 31 18 20 15 6 22 18 16 39 9 18 22 36 4 7 13 15 14 17 30 5 27 22 20 12 20 14 18 24 24 27 36 31 25 35 28 25 16 12 6 18 19 21 29 23 21 35 25 26 19 15 5 12 9 9 36 11 24 20 28 36 5 34 10 25 34 28 25 19 25 20 16 31 18 12 12 17 20 9 26 14 30 10 0 11 11 19 23 25 36 12 37 11 18 37 18 22 36 12 9 16 16 23 30 18 39 24 35 25 16 5 29 25 14 35 28 1 14 12 15 25 30
29 15 13 36 16 25 16 9 9 16 18 14 38 14 24 15 6 10 12 10 21 15 23 25 12 19 10 29 19 28 16 27 20 7 33 29 27 43 19 28 32 32 12 17 5 14 10 19 27 7 25 29 31 15 31 20 29 20 32 17 35 34 14 31 24 31 26 23 17 27 25 10 31 34 23 37 31 26 21 25 15 16 20 12 38 11 30 31 20 34 8 26 11 31 28 32 14 11 21 13 9 30 15 17 12 10 12 8 16 25 29 15 11 0 22 27 34 21 28 22 41 13 29 29 25 18 32 21 20 27 11 33 26 11 41 13 31 31 5 16 31 34 3 31 32 12 7 17 9 27 30
7 23 32 27 14 21 17 28 30 35 4 30 39 36 35 21 21 25 22 12 29 12 24 36 34 37 31 46 15 33 26 18 17 16 11 11 5 37 5 13 16 40 11 9 24 20 23 19 32 16 29 19 10 15 12 15 7 28 20 37 38 33 36 41 31 22 7 7 7 15 20 32 31 12 23 37 23 28 21 12 8 15 4 17 38 20 22 9 36 38 15 42 15 22 42 27 36 30 28 31 27 33 26 16 17 27 31 17 36 3 32 13 11 22 0 16 12 30 44 7 35 19 7 45 16 27 39 8 2 5 25 17 34 29 39 35 37 22 27 7 31 21 25 42 27 10 24 16 24 27 32
13 20 35 11 28 6 13 35 33 42 17 30 23 41 29 34 29 26 33 19 20 26 13 29 39 36 37 40 9 20 38 2 9 20 13 7 17 21 20 4 5 29 22 12 31 18 23 11 20 24 17 3 22 13 8 7 14 20 5 40 22 17 41 33 22 6 23 9 14 1 5 37 15 17 8 21 7 15 10 4 14 12 19 28 22 30 6 21 35 23 20 39 17 6 35 11 41 37 19 38 34 18 37 30 17 35 38 20 39 15 17 12 19 27 16 0 13 24 40 23 19 30 16 40 2 21 27 24 16 17 26 6 25 36 23 40 22 6 31 15 15 7 29 34 11 19 27 30 26 12 17
5 30 42 23 26 19 23 40 40 47 16 39 35 48 41 33 33 33 34 24 32 24 26 41 46 45 43 52 19 33 38 15 19 27 1 7 8 33 17 10 10 42 23 17 36 27 31 21 33 28 30 16 10 22 5 17 5 31 14 47 35 29 48 45 34 17 13 11 17 13 18 44 28 5 21 33 19 28 23 12 19 21 16 29 34 32 18 9 45 36 26 50 24 18 47 23 48 42 31 43 39 31 38 28 25 39 43 27 46 9 30 20 23 34 12 13 0 35 51 17 31 31 6 51 15 31 40 19 14 8 34 10 37 41 35 47 35 18 38 18 27 15 36 46 23 22 34 28 33 25 30
33 7 14 28 35 18 14 28 15 35 29 9 20 26 5 36 27 11 33 23 4 33 11 6 25 13 28 16 18 9 37 22 16 19 35 28 34 30 32 26 29 11 29 22 26 10 11 14 9 26 9 24 38 15 30 18 33 4 28 18 18 22 28 11 4 27 37 26 23 25 19 23 18 38 16 23 25 11 15 23 22 16 31 32 26 32 24 38 12 16 20 15 15 25 12 25 23 30 5 33 29 14 36 37 13 31 31 16 17 31 13 17 25 21 30 24 35 0 16 35 30 34 35 16 23 4 11 36 29 33 10 30 5 31 29 27 14 26 17 23 20 30 18 12 25 25 14 37 12 17 14
49 23 16 44 44 34 30 34 19 39 42 15 34 27 11 42 34 20 39 34 20 43 27 11 29 9 32 1 34 24 43 38 33 30 52 45 50 46 44 43 45 16 40 37 32 26 23 30 24 35 25 40 54 31 46 34 49 20 44 14 32 38 32 10 19 43 51 42 38 41 35 27 34 54 32 38 41 27 31 39 36 32 44 40 41 39 40 54 8 30 31 2 29 41 5 41 23 36 21 39 35 29 42 45 29 37 37 27 14 46 28 33 36 28 44 40 51 16 0 47 46 41 50 1 39 20 19 47 43 48 20 46 16 37 44 31 27 42 22 37 36 46 24 8 41 36 22 45 21 33 30
13 28 34 34 11 28 23 26 32 33 7 33 46 35 40 19 20 28 20 13 35 9 31 41 33 39 29 48 22 40 24 25 24 17 16 17 9 44 3 20 22 46 10 15 23 25 25 26 39 15 36 26 10 21 18 22 12 34 26 38 45 40 34 46 37 29 5 14 13 22 27 31 38 15 30 44 30 35 28 19 13 21 4 15 45 18 29 10 39 45 16 45 20 29 45 34 36 28 34 29 25 40 24 12 22 25 29 20 37 9 39 19 12 22 7 23 17 35 47 0 42 17 11 48 23 32 45 2 7 9 27 23 40 27 46 33 44 29 27 12 38 27 25 46 34 11 25 12 26 34 39
32 29 43 8 47 18 26 51 42 58 36 38 12 53 35 52 45 36 51 37 26 44 21 35 52 43 52 46 25 22 56 18 23 36 32 26 36 2 39 23 21 30 40 30 47 29 34 22 22 41 21 16 41 27 27 23 33 26 17 48 14 8 55 36 27 14 42 28 32 20 18 50 12 36 18 8 13 19 20 23 32 27 38 46 5 48 14 40 42 16 35 45 30 13 41 9 50 52 25 54 50 17 54 48 29 51 53 33 46 34 18 28 37 41 35 19 31 30 46 42 0 48 35 46 20 27 27 43 35 36 35 21 30 52 4 54 19 13 42 33 10 16 42 38 9 37 38 48 36 15 16
26 27 25 41 6 31 24 10 22 16 15 27 47 19 37 2 7 23 3 12 34 8 32 38 17 32 13 42 25 40 7 31 26 15 30 29 24 50 15 29 33 45 8 18 9 24 23 27 39 8 36 33 27 22 30 25 26 33 35 30 46 42 18 44 37 36 22 23 17 29 30 18 39 31 31 45 36 35 29 26 16 23 16 2 46 2 35 27 33 45 14 39 19 36 41 39 23 11 34 12 9 40 7 5 21 8 12 18 29 22 39 21 11 13 19 30 31 34 41 17 48 0 26 42 29 31 45 15 17 24 24 34 39 10 49 17 44 36 18 16 39 36 16 44 39 11 20 5 22 35 40
3 28 39 27 20 21 21 35 36 42 11 36 39 43 40 28 28 31 29 19 32 18 26 41 41 43 38 51 18 35 33 18 19 22 5 9 2 37 11 12 14 43 18 14 31 25 29 21 34 23 31 19 6 20 8 17 2 31 18 43 38 33 43 45 34 21 8 9 13 15 20 39 31 5 23 37 23 30 23 12 14 19 10 24 38 27 22 5 42 38 21 48 21 22 47 27 43 37 31 38 34 33 33 22 23 34 38 23 42 4 32 18 18 29 7 16 6 35 50 11 35 26 0 51 16 31 41 13 9 2 31 14 37 36 39 42 37 22 33 13 31 19 31 46 27 17 30 22 30 27 32
50 23 17 44 45 34 30 35 20 40 43 16 34 28 11 43 35 21 40 35 20 44 27 11 30 10 33 0 34 24 44 38 33 31 52 45 50 46 45 43 45 16 41 38 33 26 24 30 24 36 25 40 54 31 46 34 49 20 44 15 32 38 33 10 19 43 52 42 39 41 35 28 34 54 32 38 41 27 31 39 37 32 45 41 41 40 40 54 9 30 32 3 30 41 5 41 24 37 21 40 36 29 43 46 29 38 38 28 15 47 28 33 37 29 45 40 51 16 1 48 46 42 51 0 39 20 19 48 44 49 21 46 16 38 44 32 27 42 23 38 36 46 25 8 41 37 23 46 22 33 30
13 18 33 12 27 5 11 33 31 40 17 28 23 39 28 32 27 24 32 18 19 25 12 28 37 34 35 39 7 19 37 2 7 18 15 8 17 21 20 5 7 28 21 11 29 16 21 9 19 23 16 4 22 11 10 5 14 19 7 38 22 17 39 32 21 7 23 9 12 2 4 35 15 19 7 21 7 14 8 4 13 10 19 27 22 29 6 21 33 22 18 38 15 7 34 11 39 35 18 37 33 17 36 29 15 34 36 18 37 15 16 10 18 25 16 2 15 23 39 23 20 29 16 39 0 19 26 24 16 17 24 8 24 35 23 38 21 7 29 13 15 9 27 33 11 18 25 29 24 11 16
29 4 15 25 32 15 10 27 16 34 25 10 19 27 9 33 24 10 30 20 3 30 8 10 26 16 27 20 14 9 34 19 12 16 31 24 30 27 29 22 26 14 26 18 23 7 8 10 8 23 7 21 35 12 26 14 29 2 25 20 17 19 29 15 6 24 34 22 20 21 16 24 15 34 13 21 22 8 11 19 19 12 28 29 24 29 21 35 15 16 17 19 12 22 16 22 24 29 3 32 27 12 33 34 10 28 30 13 19 28 11 14 22 18 27 21 31 4 20 32 27 31 31 20 19 0 14 33 26 30 9 27 8 29 27 28 13 23 16 20 17 27 16 16 22 22 12 34 10 14 12
39 18 25 26 46 21 23 39 26 46 38 19 15 36 11 47 38 22 44 34 11 44 15 10 35 20 38 19 24 7 48 25 22 30 41 34 41 27 42 31 32 3 40 30 37 21 22 20 7 37 10 27 46 24 35 24 39 12 30 26 13 19 38 9 8 27 46 32 32 28 22 33 16 44 19 19 25 12 19 29 32 25 41 43 22 43 25 45 19 11 31 19 26 26 14 23 33 41 11 44 40 11 47 48 24 42 42 27 25 38 10 26 36 32 39 27 40 11 19 45 27 45 41 19 26 14 0 46 38 40 21 33 6 42 25 37 8 26 28 33 18 30 29 11 23 36 25 48 23 17 12
15 29 34 35 9 29 24 24 31 31 8 33 47 33 40 17 18 28 18 13 36 7 32 41 31 39 27 48 23 41 22 26 25 17 18 19 11 45 4 21 24 47 9 16 21 26 25 27 40 14 37 27 12 22 20 23 14 35 28 38 46 41 32 46 38 30 7 15 14 23 28 30 39 17 31 45 31 36 29 20 14 22 5 13 46 16 30 12 39 46 16 45 21 30 45 35 35 26 35 27 23 41 22 10 23 23 27 20 37 11 40 20 12 21 8 24 19 36 47 2 43 15 13 48 24 33 46 0 8 11 27 25 41 25 47 31 45 30 26 13 39 29 24 46 35 11 25 10 26 35 40
9 22 30 28 12 21 16 26 28 33 2 29 39 34 34 19 19 23 20 10 28 10 24 35 32 35 29 44 15 33 24 18 17 14 13 12 7 37 4 14 17 39 9 8 22 19 21 19 32 14 29 19 11 14 13 15 9 27 20 35 38 33 34 40 30 22 8 7 6 15 20 30 31 14 23 37 23 28 21 12 7 14 3 15 38 18 22 11 35 38 13 41 14 22 41 27 34 28 27 29 25 33 24 14 16 25 29 16 34 5 32 12 9 20 2 16 14 29 43 7 35 17 9 44 16 26 38 8 0 7 24 18 33 27 39 33 37 22 25 6 31 22 23 41 27 8 22 14 23 27 32
4 27 37 28 18 22 20 33 34 40 9 34 40 41 39 26 26 29 27 17 31 16 25 40 39 41 36 50 17 34 31 19 18 20 7 10 0 38 9 13 15 42 16 12 29 23 27 20 33 21 30 20 5 18 9 16 3 30 19 41 39 34 41 44 33 22 6 8 11 16 21 37 32 7 24 38 24 29 22 13 12 18 8 22 39 25 23 5 40 39 19 46 19 23 45 28 41 35 30 36 32 34 31 20 21 32 36 21 40 2 33 16 16 27 5 17 8 33 48 9 36 24 2 49 17 30 40 11 7 0 29 15 36 34 40 40 38 23 31 11 32 20 29 45 28 15 28 20 28 28 33
30 6 9 31 25 21 13 18 7 25 23 5 28 18 13 26 17 1 23 14 12 24 14 14 17 12 18 21 17 18 27 25 17 10 33 28 30 36 24 27 31 21 20 18 16 8 3 15 17 16 16 27 35 13 30 19 30 11 31 14 26 27 20 20 14 30 31 23 19 26 22 14 23 35 19 30 28 17 17 24 17 14 24 22 32 22 27 35 12 25 11 18 10 28 18 28 15 20 12 23 19 21 26 27 9 21 21 8 13 27 20 14 16 11 25 26 34 10 20 27 35 24 31 21 24 9 21 27 24 29 0 32 15 21 35 18 22 29 7 18 25 33 8 20 28 16 4 27 2 20 21
11 26 41 13 31 12 19 40 39 47 20 36 26 47 35 37 33 32 37 23 26 28 19 35 45 42 42 46 15 26 42 8 15 26 11 6 15 23 22 5 1 35 26 16 35 24 29 17 26 28 23 7 20 19 6 13 12 26 4 46 26 19 47 39 28 7 21 12 17 6 11 43 19 15 14 23 9 21 16 8 18 18 21 32 24 34 9 19 41 27 25 45 23 8 41 13 47 41 25 42 38 23 41 32 23 39 42 26 45 14 23 18 23 33 17 6 10 30 46 23 21 34 14 46 8 27 33 25 18 15 32 0 31 40 25 46 27 8 37 18 18 5 35 40 13 23 33 32 32 17 22
36 12 18 28 40 19 18 33 19 39 33 13 19 30 5 41 32 16 38 28 6 38 12 5 29 14 32 16 21 8 42 23 19 24 38 31 38 30 37 29 30 6 34 26 31 15 16 16 8 31 9 25 42 19 32 20 35 7 29 20 17 22 32 7 3 27 41 28 27 26 20 27 18 40 17 22 25 11 16 25 27 20 36 37 25 37 25 41 13 15 25 15 20 26 11 25 27 35 6 38 34 13 41 42 18 36 36 21 19 34 12 21 30 26 34 25 37 5 16 40 30 39 37 16 24 8 6 41 33 36 15 31 0 36 28 31 12 26 22 28 20 30 23 9 25 30 19 42 17 17 14
36 26 21 46 16 35 27 3 18 6 25 24 49 11 34 9 8 20 7 17 33 18 34 35 9 28 5 38 29 39 6 37 30 17 40 36 34 54 25 36 40 42 18 24 6 25 21 30 38 13 36 39 37 26 38 30 36 31 41 23 46 45 8 41 35 41 32 30 24 35 35 10 42 41 34 48 41 37 32 32 22 26 26 12 49 9 40 37 29 45 17 35 22 41 38 43 15 1 32 2 2 41 5 15 23 2 2 19 23 32 40 25 18 11 29 36 41 31 37 27 52 10 36 38 35 29 42 25 27 34 21 40 36 0 52 8 42 41 15 23 42 42 13 41 43 19 17 15 19 38 41
36 29 43 12 50 20 27 52 42 59 40 38 10 53 33 54 46 36 52 39 25 47 21 33 52 42 53 44 27 20 57 21 25 37 36 30 40 2 43 27 25 28 43 33 48 30 34 24 20 43 20 20 45 29 31 26 37 25 21 47 12 8 55 34 25 18 46 32 35 24 21 50 12 40 18 6 16 19 20 27 35 27 42 47 3 48 17 44 40 14 35 43 30 17 39 12 50 52 24 54 50 15 54 51 29 51 53 33 46 38 16 29 39 41 39 23 35 29 44 46 4 49 39 44 23 27 25 47 39 40 35 25 28 52 0 53 17 17 42 36 10 20 42 36 12 39 38 51 36 15 15
42 26 15 49 22 38 29 7 12 8 31 18 48 4 28 17 14 18 14 23 31 24 33 29 2 22 4 32 32 37 14 40 33 20 46 42 40 55 31 41 45 37 24 30 11 25 21 32 36 19 35 42 43 28 44 33 42 30 45 17 45 46 1 35 31 44 38 36 30 40 38 4 42 47 36 49 44 36 34 38 28 29 32 18 51 15 43 43 23 43 21 29 24 44 32 45 8 7 31 8 8 40 13 22 25 10 7 21 17 38 39 28 24 13 35 40 47 27 31 33 54 17 42 32 38 28 37 31 33 40 18 46 31 8 53 0 40 44 11 29 43 47 12 35 45 25 15 22 17 38 39
34 17 28 18 45 16 21 41 29 48 37 23 7 40 17 46 37 23 43 33 11 43 13 17 39 26 40 27 22 5 48 20 20 29 36 29 38 19 41 26 27 11 39 29 37 20 22 18 5 36 8 21 43 23 30 22 35 11 24 32 5 11 42 17 10 21 44 30 31 23 17 37 9 39 14 11 19 9 16 25 31 23 40 42 14 42 19 42 25 3 30 26 25 19 22 16 37 42 10 45 40 4 46 47 23 41 43 26 31 36 5 25 35 31 37 22 35 14 27 44 19 44 37 27 21 13 8 45 37 38 22 27 12 42 17 40 0 20 29 32 10 24 29 19 16 35 25 47 23 10 5
19 23 38 5 34 8 16 40 36 47 23 33 18 45 31 39 34 29 39 25 22 32 15 31 44 39 42 42 13 19 44 5 12 25 19 13 23 15 26 10 8 28 28 18 36 21 26 14 19 30 17 3 28 17 14 11 20 22 4 43 18 11 45 33 23 1 29 15 19 7 7 41 11 23 10 15 1 15 12 10 20 16 25 34 16 36 2 27 38 19 24 41 21 1 37 5 44 41 21 43 39 16 43 36 20 40 42 24 42 21 16 16 25 31 22 6 18 26 42 29 13 36 22 42 7 23 26 30 22 23 29 8 26 41 17 44 20 0 34 20 10 4 33 35 5 25 30 36 29 9 14
33 13 6 38 22 27 18 12 3 19 23 9 35 11 19 20 11 7 17 15 19 21 21 20 9 13 11 23 22 25 21 30 22 11 37 33 32 43 25 32 36 28 18 21 10 13 9 20 24 13 23 32 36 18 35 24 33 18 36 11 33 34 12 26 21 35 32 27 21 31 27 7 30 38 24 37 33 24 22 29 19 19 25 17 39 16 32 36 14 32 12 20 14 33 23 33 10 14 19 17 13 28 20 22 14 15 15 11 10 29 27 19 16 5 27 31 38 17 22 27 42 18 33 23 29 16 28 26 25 31 7 37 22 15 42 11 29 34 0 20 32 38 2 26 33 17 4 22 6 27 28
13 16 25 26 14 16 11 22 23 29 5 22 34 30 28 18 15 17 18 6 23 12 19 29 28 29 25 38 10 28 23 15 12 9 17 13 11 34 9 13 17 34 8 3 18 13 15 14 27 10 24 17 16 9 15 10 13 22 19 30 33 28 30 34 25 20 14 7 1 14 15 26 26 18 18 32 20 23 16 11 1 9 8 14 33 16 19 16 29 33 8 35 8 20 35 24 30 24 22 25 21 28 23 16 10 22 25 10 29 9 27 7 5 16 7 15 18 23 37 12 33 16 13 38 13 20 33 13 6 11 18 18 28 23 36 29 32 20 20 0 26 21 18 35 24 5 17 16 17 22 27
28 19 33 8 39 10 16 41 32 48 31 27 8 43 25 43 35 26 41 28 16 37 11 25 42 33 42 36 16 12 46 13 14 26 28 22 32 10 35 19 17 20 33 23 37 19 24 12 12 31 11 12 37 17 23 16 29 16 14 37 8 2 45 26 17 11 38 24 25 16 11 40 2 32 8 6 9 9 10 19 25 17 34 37 7 38 9 36 32 9 25 35 20 10 31 6 40 42 15 44 40 7 44 41 19 41 43 23 36 30 8 19 29 31 31 15 27 20 36 38 10 39 31 36 15 17 18 39 31 32 25 18 20 42 10 43 10 10 32 26 0 14 32 28 6 29 28 41 26 5 6
16 27 42 8 35 12 20 42 40 49 24 37 22 48 35 40 36 33 40 26 26 32 19 35 46 43 44 46 16 24 45 8 16 27 16 10 20 18 26 9 5 33 29 19 38 25 30 18 24 31 22 6 25 20 11 14 17 26 2 47 22 15 48 38 28 3 26 15 20 7 11 44 15 20 14 19 5 19 16 10 20 19 25 34 19 36 6 24 42 23 27 45 24 5 41 9 48 43 25 44 40 20 43 36 24 41 44 27 46 18 20 19 25 34 21 7 15 30 46 27 16 36 19 46 9 27 30 29 22 20 33 5 30 42 20 47 24 4 38 21 14 0 36 39 9 25 34 36 33 13 18
31 13 8 37 19 26 17 10 5 17 21 11 36 12 21 18 9 7 15 13 19 18 21 22 10 15 10 25 20 26 19 28 21 9 35 31 29 43 22 30 34 29 15 19 8 13 9 20 25 10 23 30 34 16 33 22 31 19 34 13 33 34 13 28 22 33 29 25 19 29 26 8 30 36 24 37 32 24 22 27 17 17 23 15 39 14 31 34 16 33 10 22 12 32 25 33 12 12 20 15 11 28 18 20 13 13 13 9 12 27 27 17 14 3 25 29 36 18 24 25 42 16 31 25 27 16 29 24 23 29 8 35 23 13 42 12 29 33 2 18 32 36 0 28 33 15 4 20 6 27 28
45 19 20 36 45 28 26 38 23 43 41 17 26 31 7 46 37 21 43 34 15 44 21 6 33 13 36 8 30 16 47 32 28 29 47 40 46 38 43 38 39 8 39 34 36 22 21 25 16 36 18 34 50 27 41 29 44 16 38 19 24 30 36 2 12 36 49 37 35 35 29 31 26 49 26 30 34 20 25 34 34 28 43 42 33 42 34 50 12 22 30 9 27 35 4 33 27 40 15 43 39 21 46 47 25 41 41 26 18 43 20 29 35 31 42 34 46 12 8 46 38 44 46 8 33 16 11 46 41 45 20 40 9 41 36 35 19 35 26 35 28 39 28 0 33 35 24 47 22 26 22
24 22 37 3 38 9 17 42 35 49 28 32 13 45 30 43 36 28 42 28 21 35 14 30 44 38 43 41 16 17 47 9 14 27 24 18 28 11 31 15 13 26 31 21 38 20 25 13 17 32 16 8 33 18 19 14 25 21 9 42 13 6 46 31 22 6 34 20 23 12 9 41 8 28 9 10 4 14 11 15 23 18 30 37 11 39 5 32 37 15 26 40 21 5 36 0 43 43 20 45 41 13 45 39 20 42 44 24 41 26 13 19 28 32 27 11 23 25 41 34 9 39 27 41 11 22 23 35 27 28 28 13 25 43 12 45 16 5 33 24 6 9 33 33 0 28 29 39 28 8 12
17 18 23 30 10 20 14 18 20 25 6 22 37 26 29 13 11 16 14 2 25 8 22 30 24 28 21 37 14 31 18 20 15 6 21 18 15 39 8 18 22 36 4 7 14 15 14 17 30 6 27 22 19 12 19 14 17 24 24 27 36 31 26 35 28 25 15 12 6 18 19 22 29 22 21 35 25 26 19 15 5 12 8 9 36 12 24 19 28 36 5 34 10 25 34 28 26 20 25 21 17 31 18 12 12 18 21 9 26 13 30 10 1 12 10 19 22 25 36 11 37 11 17 37 18 22 36 11 8 15 16 23 30 19 39 25 35 25 17 5 29 25 15 35 28 0 14 12 15 25 30
30 9 8 33 22 22 14 14 6 21 21 7 32 15 17 22 13 3 19 12 15 21 17 18 13 14 14 23 18 22 23 26 18 8 33 29 28 39 22 28 32 25 18 17 12 9 5 16 21 13 19 28 33 14 31 20 30 15 32 13 29 30 16 24 18 31 29 23 18 27 23 11 26 35 20 33 29 20 18 25 16 15 22 18 35 18 28 33 14 29 9 20 10 29 21 29 14 16 16 19 15 24 22 23 10 17 17 7 12 26 23 15 14 7 24 27 34 14 22 25 38 20 30 23 25 12 25 25 22 28 4 33 19 17 38 15 25 30 4 17 28 34 4 24 29 14 0 23 2 23 24
23 30 29 42 2 32 26 15 26 21 13 30 49 24 40 7 11 26 8 14 37 4 34 41 22 36 18 46 25 43 12 32 27 18 27 26 20 51 11 28 31 48 8 18 14 27 26 29 42 11 39 33 22 24 27 25 23 36 35 34 48 43 23 47 40 36 17 21 17 29 30 23 41 27 33 47 36 38 31 26 16 24 12 5 48 7 35 22 37 48 17 43 22 36 44 39 28 16 37 17 14 43 12 0 24 13 17 21 33 19 42 22 12 17 16 30 28 37 45 12 48 5 22 46 29 34 48 10 14 20 27 32 42 15 51 22 47 36 22 16 41 36 20 47 39 12 23 0 25 37 42
29 7 9 32 23 21 13 16 7 23 21 6 29 17 15 24 15 1 21 13 13 22 15 16 15 13 16 22 17 19 25 25 17 9 32 28 29 37 23 27 31 23 19 17 14 8 3 15 18 14 17 27 34 13 30 19 29 12 31 14 27 28 18 22 16 30 30 22 18 26 22 13 24 34 19 31 28 18 17 24 16 14 23 20 33 20 27 34 13 26 10 19 9 28 20 28 15 18 13 21 17 22 24 25 9 19 19 7 13 26 21 14 15 9 24 26 33 12 21 26 36 22 30 22 24 10 23 26 23 28 2 32 17 19 36 17 23 29 6 17 26 33 6 22 28 15 2 25 0 21 22
24 14 29 11 35 6 11 36 27 43 27 24 12 38 22 38 30 21 36 23 13 33 6 22 37 30 37 33 12 10 41 10 10 21 25 19 28 15 31 16 16 19 29 19 32 15 19 8 10 27 8 10 33 13 20 12 25 13 13 34 11 7 40 24 14 10 34 20 21 13 7 35 4 29 4 11 8 6 6 15 21 13 30 33 12 34 8 32 29 11 21 32 16 9 28 8 35 38 12 40 36 6 40 37 15 37 39 19 33 26 7 15 25 27 27 12 25 17 33 34 15 35 27 33 11 14 17 35 27 28 20 17 17 38 15 38 10 9 27 22 5 13 27 26 8 25 23 37 21 0 5
29 15 28 14 40 11 16 39 28 46 32 22 8 39 19 42 35 22 40 28 10 38 8 19 38 27 39 30 17 6 45 15 15 25 30 24 33 16 36 21 21 14 34 24 35 17 20 13 6 32 5 15 38 18 25 17 30 10 18 32 6 8 41 20 11 15 39 25 26 18 12 36 4 34 9 9 13 5 11 20 26 18 35 38 12 38 13 37 26 6 26 29 21 14 25 12 36 41 9 44 39 1 45 42 19 40 42 23 31 31 2 20 30 30 32 17 30 14 30 39 16 40 32 30 16 12 12 40 32 33 21 22 14 41 15 39 5 14 28 27 6 18 28 22 12 30 24 42 22 5 0
0         1137     
114       282      
222       399      
504       676      
53        200      
498       661      
0         143      
289       414      
71        232      
810       999      
0         99       
214       390      
150       346      
285       398      
200       382      
53        180      
37        204      
105       282      
338       487      
8         191      
151       254      
0         173      
514       665      
651       829      
248       405      
228       377      
286       439      
672       828      
0         103      
157       361      
325       481      
9         118      
429       577      
95        222      
401       581      
712       873      
0         101      
600       754      
334       530      
0         130      
497       626      
663       817      
42        184      
0         129      
277       473      
88        238      
81        268      
425       636      
124       310      
64        194      
169       282      
478       622      
420       554      
454       569      
373       527      
0         141      
0         67       
105       289      
468       634      
216       379      
772       937      
185       334      
692       825      
600       782      
97        259      
475       627      
338       549      
0         173      
32        175      
0         139      
448       630      
245       434      
189       306      
406       536      
456       644      
176       329      
480       673      
126       317      
453       610      
0         159      
0         119      
0         149      
0         97       
6         213      
600       731      
45        213      
490       637      
366       525      
241       377      
175       334      
41        223      
227       392      
511       706      
474       656      
185       372      
497       645      
257       430      
262       425      
159       283      
337       507      
315       479      
166       295      
321       478      
20        166      
58        260      
320       431      
276       457      
67        242      
698       848      
0         84       
160       312      
0         100      
424       588      
709       841      
0         110      
0         119      
403       537      
125       302      
237       380      
383       515      
551       726      
30        191      
0         86       
242       374      
0         128      
532       686      
613       781      
363       529      
0         97       
0         103      
87        224      
796       956      
173       348      
267       418      
591       755      
297       438      
202       363      
447       604      
71        241      
0         133      
605       759      
458       634      
83        254      
914       1090     
540       725      
40        185      
101       233      
358       514      
80        264      
527       690      
875       1032     
