151
0 25 3 25 25 32 13 12 19 34 34 38 38 27 14 6 5 32 39 4 18 44 17 35 41 15 30 21 10 33 10 25 30 32 16 30 5 16 6 40 10 11 24 31 21 22 12 19 1 14 29 21 32 39 12 8 18 17 24 23 23 24 34 38 14 30 23 21 5 16 17 3 30 22 31 25 10 33 23 24 26 21 10 21 30 26 23 36 15 10 14 26 37 17 24 37 24 30 31 19 39 22 28 16 8 37 27 26 26 20 39 14 19 37 21 11 24 16 32 15 13 14 17 15 24 26 34 39 34 28 33 37 15 38 9 40 27 34 15 23 29 26 19 25 33 21 11 17 11 29 38
25 0 24 40 17 12 38 36 36 41 50 40 45 28 37 22 21 46 41 22 7 38 41 50 57 39 45 23 15 41 35 28 40 21 11 21 30 39 24 35 15 20 36 14 6 44 37 15 26 36 41 6 35 44 33 31 41 8 23 45 45 3 37 53 24 44 5 31 20 9 25 28 24 35 6 32 15 32 45 12 36 30 16 43 43 38 45 33 11 29 16 28 44 40 37 47 9 49 6 42 57 5 45 39 33 52 8 45 36 7 48 22 22 51 42 36 4 40 7 10 12 12 8 39 46 7 41 39 53 50 33 36 40 53 27 44 46 43 10 44 43 35 43 47 43 20 24 42 33 49 39
3 24 0 22 23 31 14 15 16 31 31 35 35 24 12 9 7 29 36 2 18 41 17 32 38 14 27 19 9 30 12 22 27 30 17 28 7 15 9 38 9 9 21 30 20 20 13 17 2 12 26 21 29 36 14 7 17 17 22 21 21 23 31 35 11 27 23 18 4 15 14 4 28 19 30 22 9 30 21 23 23 18 11 19 27 23 21 34 16 13 12 23 34 16 21 34 23 28 30 18 37 22 26 15 10 34 26 24 23 21 36 12 17 34 19 13 23 16 31 15 12 15 16 15 22 25 31 36 32 26 30 34 17 35 6 37 25 31 14 21 26 23 19 23 30 19 8 18 10 27 35
25 40 22 0 29 40 20 33 6 15 9 22 18 21 13 31 29 7 22 22 37 34 16 10 17 18 5 19 27 11 29 18 7 33 37 31 28 15 31 33 26 21 6 37 34 10 24 26 24 13 5 40 20 20 35 19 18 36 22 13 10 37 19 13 16 5 42 11 24 32 15 23 29 5 46 13 26 25 12 32 8 11 31 11 5 4 10 29 36 35 24 20 15 18 4 12 33 10 44 19 17 41 5 16 30 12 36 7 7 40 14 18 20 12 10 31 37 18 45 34 31 35 32 19 13 35 13 28 13 12 26 29 31 13 16 22 7 10 33 9 4 10 19 12 9 24 17 26 15 10 27
25 17 23 29 0 11 36 37 26 24 38 23 28 11 32 26 24 33 24 21 18 21 37 38 45 36 34 10 16 26 35 12 26 7 22 5 30 35 27 18 15 14 23 8 12 36 36 5 25 32 27 21 18 27 36 29 39 18 7 39 37 14 21 41 16 31 22 18 20 14 14 27 7 24 20 17 15 15 39 5 22 18 21 36 30 25 37 16 21 33 10 12 28 38 25 32 8 39 17 40 44 21 34 36 33 40 9 35 23 22 33 14 9 37 35 36 13 38 18 18 17 20 14 37 40 10 25 22 42 40 16 19 40 40 23 27 35 28 17 36 30 20 41 39 28 5 18 40 30 38 22
32 12 31 40 11 0 45 44 37 35 49 32 38 22 41 30 28 44 33 29 17 28 46 49 56 45 45 21 22 37 42 23 37 11 22 11 37 44 31 25 22 23 34 3 11 46 44 14 33 41 38 18 28 36 40 38 48 18 18 49 47 10 31 52 25 42 17 29 27 16 25 35 14 35 13 28 22 22 48 8 33 29 24 45 41 36 47 23 21 37 19 23 39 47 36 43 8 50 10 49 55 17 45 45 40 51 5 46 34 19 44 23 20 48 44 43 9 47 10 18 19 20 15 46 49 6 36 29 53 51 23 26 47 51 32 35 46 39 18 46 41 31 50 49 39 16 27 49 39 49 29
13 38 14 20 36 45 0 14 16 35 27 41 38 33 7 19 18 27 41 16 31 49 6 28 33 3 24 29 23 31 10 31 27 42 29 40 12 6 18 47 23 22 22 44 34 14 5 31 12 7 25 34 36 40 16 7 4 30 32 12 15 37 36 31 21 25 36 24 18 29 24 10 39 20 44 28 23 39 13 37 24 24 23 12 25 23 14 43 28 18 26 33 35 4 21 32 37 22 44 5 31 35 21 5 12 30 40 18 24 33 34 22 27 31 13 12 37 3 45 28 26 27 30 2 14 39 32 44 26 20 40 44 12 32 13 41 20 30 28 15 24 26 6 16 29 31 18 6 7 21 43
12 36 15 33 37 44 14 0 27 46 41 50 49 39 20 14 15 40 51 16 29 56 20 42 47 17 38 33 22 43 4 37 39 44 25 42 7 20 12 52 22 23 33 43 32 28 9 31 12 20 37 31 44 51 3 14 18 28 36 26 29 35 46 45 26 38 33 33 17 27 29 12 42 31 42 37 22 45 27 36 35 33 20 26 38 34 28 48 25 7 26 38 46 18 32 45 36 36 42 19 45 33 35 19 4 44 38 32 35 30 47 26 31 45 27 2 35 17 43 26 24 24 28 16 28 37 43 51 40 34 45 49 4 46 19 52 34 42 26 29 37 37 20 30 41 33 22 10 18 35 50
19 36 16 6 26 37 16 27 0 19 15 24 22 20 9 25 23 13 25 16 32 35 13 16 23 14 11 17 22 15 23 17 11 32 32 30 22 11 25 33 21 16 6 34 29 10 19 22 18 9 10 35 20 24 29 13 15 31 21 13 11 32 20 19 11 11 37 10 18 27 12 17 28 4 41 13 21 25 13 28 8 10 25 10 11 7 11 29 30 29 19 19 19 14 5 18 29 13 39 16 22 36 10 12 24 18 32 9 8 35 20 13 17 18 9 25 32 14 40 29 26 29 27 15 14 31 16 28 17 14 26 29 26 19 10 25 10 15 28 10 10 10 17 13 14 21 12 22 9 13 27
34 41 31 15 24 35 35 46 19 0 20 7 4 13 28 40 38 14 7 31 40 20 31 20 26 33 17 17 33 5 42 12 8 25 43 24 38 30 40 19 32 26 12 32 35 25 38 25 33 28 10 43 7 5 45 31 33 40 17 28 25 37 4 22 21 14 44 13 33 35 18 33 20 14 44 9 32 12 27 29 10 13 39 26 14 12 25 15 42 44 27 12 4 33 13 11 32 24 41 34 27 43 19 31 41 22 33 22 10 44 11 22 19 18 25 44 36 33 42 39 36 41 35 33 28 34 3 13 26 26 12 15 45 21 26 7 21 8 38 24 14 8 34 27 9 20 24 40 27 24 12
34 50 31 9 38 49 27 41 15 20 0 27 20 28 21 40 38 6 27 31 46 40 21 1 8 24 4 28 36 15 37 25 12 41 46 39 36 21 39 39 35 30 14 46 43 13 32 35 33 21 10 49 26 24 43 27 23 45 30 15 12 46 24 4 25 6 51 19 33 41 24 31 36 14 55 19 35 31 14 41 14 19 40 15 6 11 13 35 45 43 33 26 17 23 13 9 42 6 53 22 8 50 6 22 38 3 45 9 14 49 11 27 28 4 14 39 46 24 54 43 40 44 41 25 14 44 17 33 6 8 32 35 39 5 25 26 7 12 42 12 7 16 22 12 11 32 26 32 23 7 32
38 40 35 22 23 32 41 50 24 7 27 0 7 13 33 42 40 21 1 34 41 13 37 27 33 38 24 18 34 12 46 13 15 21 44 20 42 35 43 12 33 27 17 28 35 32 43 26 37 33 17 44 6 4 49 36 39 41 17 35 32 37 4 29 23 21 45 16 35 36 20 37 16 19 43 12 33 8 34 28 15 16 40 32 21 19 32 10 43 48 28 12 10 38 19 18 31 31 40 39 34 44 26 36 45 29 32 29 16 45 17 24 20 25 31 48 36 38 41 40 37 42 36 38 35 33 10 6 33 33 8 8 50 28 29 4 28 15 39 31 21 14 40 34 16 21 26 45 32 31 5
38 45 35 18 28 38 38 49 22 4 20 7 0 17 31 44 42 14 7 35 44 20 34 20 26 36 17 21 37 7 45 16 11 28 47 27 42 33 44 19 36 30 15 35 39 28 41 29 37 31 13 47 10 4 49 34 36 44 21 31 28 41 7 22 25 15 48 17 37 39 22 37 23 17 48 13 36 15 30 33 13 17 43 29 15 15 28 17 46 48 31 16 3 36 16 11 36 24 45 37 27 47 20 34 45 22 37 23 13 48 10 26 23 18 28 47 40 36 46 43 40 45 39 36 30 38 5 13 26 26 15 15 48 21 30 6 22 8 42 26 15 12 37 28 9 24 28 43 30 24 12
27 28 24 21 11 22 33 39 20 13 28 13 17 0 27 30 28 22 14 22 28 16 32 28 35 32 24 5 21 15 36 3 16 13 31 11 31 30 31 14 20 15 15 19 22 30 35 13 26 27 17 31 7 16 38 27 34 28 4 33 31 24 10 31 13 21 32 10 23 23 10 27 8 17 31 8 20 6 33 16 13 10 27 30 21 17 31 10 30 36 15 1 17 33 17 22 19 31 28 35 35 31 26 31 34 30 20 28 14 32 22 12 7 28 29 37 23 33 29 27 24 29 23 33 34 21 15 13 33 33 7 11 41 31 21 17 28 18 26 30 21 11 36 33 19 8 16 39 26 31 13
14 37 12 13 32 41 7 20 9 28 21 33 31 27 0 20 19 20 34 14 30 43 5 22 27 5 18 23 21 24 16 25 20 38 29 36 15 3 19 41 20 18 15 40 31 8 11 27 12 0 18 33 29 33 22 6 7 29 27 9 9 34 29 25 16 18 35 18 16 26 18 10 34 13 42 22 20 33 9 33 17 18 23 7 18 16 9 37 28 22 22 27 28 6 14 25 33 16 41 8 25 34 15 4 17 24 36 12 17 33 27 18 23 25 7 18 34 6 42 27 24 27 27 6 10 35 25 37 20 14 34 38 18 26 9 34 14 23 26 9 17 19 9 11 22 27 14 13 2 15 36
6 22 9 31 26 30 19 14 25 40 40 42 44 30 20 0 2 38 43 9 15 46 23 41 47 21 36 25 9 39 13 29 36 33 11 31 8 22 2 43 10 15 30 30 18 28 16 20 7 20 35 17 36 44 11 14 23 14 27 29 29 21 38 44 19 36 19 27 7 13 22 9 32 28 28 31 10 36 29 24 32 27 6 27 36 32 29 39 11 8 15 31 43 23 30 43 22 36 28 24 45 19 34 22 11 43 24 32 32 16 45 18 23 43 27 14 21 22 29 12 10 10 14 21 30 23 40 43 40 34 37 41 18 44 15 45 33 40 12 29 35 32 25 31 39 23 16 20 17 35 43
5 21 7 29 24 28 18 15 23 38 38 40 42 28 19 2 0 36 41 7 14 44 22 39 45 20 34 23 7 37 14 27 34 31 11 29 9 21 3 41 8 13 28 29 17 27 16 18 6 19 33 16 34 42 12 13 22 13 25 28 28 20 36 42 17 34 18 25 5 12 20 8 30 26 27 29 8 34 28 22 30 25 5 26 34 30 28 37 10 9 13 29 41 22 28 41 21 35 27 23 44 18 33 21 12 41 23 31 30 15 43 16 21 41 26 15 20 21 28 11 9 9 13 20 29 22 38 41 39 33 35 39 19 42 13 43 32 38 11 28 33 30 24 30 37 21 14 21 16 34 41
32 46 29 7 33 44 27 40 13 14 6 21 14 22 20 38 36 0 21 29 42 34 22 6 13 24 3 23 33 9 36 19 6 35 43 33 35 21 38 33 32 26 9 41 39 14 31 30 31 20 5 45 20 18 42 26 24 42 24 17 14 42 18 9 21 2 47 14 31 37 19 30 30 10 51 14 32 25 16 36 10 14 38 16 2 7 15 29 42 42 28 21 11 24 8 5 37 10 48 23 13 46 6 22 37 8 40 9 9 46 7 22 23 6 14 38 41 24 49 40 36 41 36 25 16 39 11 27 12 12 26 29 38 9 23 20 8 6 38 12 3 11 23 14 5 27 22 32 22 10 26
39 41 36 22 24 33 41 51 25 7 27 1 7 14 34 43 41 21 0 35 42 13 38 27 33 39 24 19 35 12 47 14 15 22 45 21 43 36 44 13 34 28 18 29 36 32 44 27 38 34 17 45 7 3 50 37 40 42 18 35 32 38 5 29 24 21 46 17 36 37 21 38 17 20 44 13 34 9 34 29 16 17 41 33 21 19 32 11 44 49 29 13 10 39 20 18 32 31 41 40 34 45 26 37 46 29 33 29 17 46 17 25 21 25 32 49 37 39 42 41 38 43 37 39 35 34 10 6 33 33 9 9 51 28 30 3 28 15 40 31 21 14 41 34 16 22 27 46 33 31 5
4 22 2 22 21 29 16 16 16 31 31 34 35 22 14 9 7 29 35 0 16 38 18 32 39 16 27 17 7 30 14 21 27 28 15 26 9 17 9 36 7 7 21 28 18 22 15 15 4 14 26 19 28 35 16 9 19 15 20 23 23 21 30 35 10 27 21 18 2 13 13 6 26 19 28 22 7 28 23 21 23 18 9 21 27 23 23 32 14 14 10 22 34 18 21 34 21 29 28 20 38 20 26 17 12 34 24 24 23 19 36 10 15 34 21 15 21 18 29 13 10 13 14 17 24 23 31 35 33 28 29 33 19 35 6 37 26 31 12 23 26 23 21 25 30 17 7 20 12 28 34
18 7 18 37 18 17 31 29 32 40 46 41 44 28 30 15 14 42 42 16 0 39 34 47 54 32 42 23 10 40 28 28 38 23 5 23 23 33 17 36 10 16 33 18 6 38 30 15 19 30 38 3 35 44 26 25 35 1 24 39 39 7 38 50 21 41 5 28 14 5 22 21 25 32 13 31 10 33 39 13 33 27 9 37 40 35 39 34 4 22 13 29 43 34 34 44 11 45 13 36 54 5 41 33 26 49 12 40 33 4 46 19 21 48 37 29 7 34 14 3 5 5 5 33 40 10 40 40 49 44 34 37 33 50 22 45 41 40 3 39 40 32 37 41 40 20 19 35 28 44 40
44 38 41 34 21 28 49 56 35 20 40 13 20 16 43 46 44 34 13 38 39 0 47 40 46 48 37 21 37 25 52 18 28 17 43 17 47 45 47 3 36 31 28 25 33 43 51 26 42 43 30 42 14 16 54 43 49 39 19 46 44 35 16 42 29 34 43 25 39 35 25 43 14 30 41 22 36 10 46 26 26 25 42 43 34 30 44 7 42 52 30 16 23 48 30 31 29 44 38 50 47 42 39 46 50 42 30 41 27 43 30 28 23 38 42 53 34 48 38 39 38 41 35 49 47 31 23 7 46 46 9 5 57 41 36 15 41 28 38 43 34 24 51 46 29 22 32 54 42 44 8
17 41 17 16 37 46 6 20 13 31 21 37 34 32 5 23 22 22 38 18 34 47 0 22 27 3 18 28 25 27 16 29 23 43 33 41 17 2 22 45 25 23 19 45 36 8 11 32 16 5 21 37 33 36 22 9 2 33 32 6 9 39 33 25 21 20 39 22 20 31 23 14 39 17 46 26 25 37 7 38 21 22 27 6 20 19 8 41 32 23 27 31 31 2 18 27 38 16 46 3 25 38 15 1 17 24 41 12 21 37 29 23 28 25 7 18 39 3 47 31 28 31 32 4 8 40 29 41 20 14 38 42 18 26 14 38 14 26 30 9 19 23 4 10 25 32 19 11 7 15 40
35 50 32 10 38 49 28 42 16 20 1 27 20 28 22 41 39 6 27 32 47 40 22 0 7 25 5 28 37 15 38 25 12 41 47 39 37 22 40 39 36 31 14 46 44 14 33 35 34 22 11 50 26 24 44 28 24 46 30 16 13 47 24 3 26 7 52 19 34 42 24 32 36 15 56 20 36 31 15 41 15 19 41 16 7 12 14 35 46 44 33 27 17 24 13 9 42 7 53 23 7 51 7 23 39 2 45 10 14 50 11 27 28 3 15 40 46 25 54 44 41 45 41 26 15 44 17 33 6 9 32 35 40 4 26 26 8 12 43 13 7 17 23 13 11 32 27 33 24 8 32
41 57 38 17 45 56 33 47 23 26 8 33 26 35 27 47 45 13 33 39 54 46 27 7 0 30 12 35 44 21 43 32 19 48 54 46 42 27 46 45 43 38 21 53 51 19 38 42 39 27 18 57 32 30 49 33 29 53 37 21 18 54 30 4 33 14 59 26 41 49 31 37 43 22 63 27 43 37 20 48 22 26 48 21 14 19 19 41 53 49 40 34 23 29 20 15 49 11 60 28 2 58 13 28 44 5 52 15 21 57 16 34 35 8 20 45 53 30 61 51 48 52 48 31 19 51 23 39 7 13 38 41 45 5 33 32 13 18 50 18 14 24 28 17 17 39 34 38 29 12 38
15 39 14 18 36 45 3 17 14 33 24 38 36 32 5 21 20 24 39 16 32 48 3 25 30 0 21 28 23 29 13 29 25 42 31 40 14 3 20 46 23 22 20 44 34 11 8 31 14 5 23 35 34 38 19 7 3 31 32 9 12 37 34 28 20 22 37 23 18 29 23 12 38 18 44 27 23 37 10 37 22 23 25 9 22 21 11 41 30 20 26 31 33 2 19 29 37 19 44 4 28 36 18 2 14 27 40 15 22 35 31 22 27 28 10 15 37 2 45 29 26 29 30 1 11 39 30 42 23 17 38 42 15 29 13 39 17 28 28 12 21 24 5 13 27 31 18 8 6 18 41
30 45 27 5 34 45 24 38 11 17 4 24 17 24 18 36 34 3 24 27 42 37 18 5 12 21 0 23 32 12 34 21 9 37 42 35 33 18 36 36 31 26 10 42 39 11 29 31 29 18 7 45 23 21 40 24 20 41 26 14 10 42 21 8 21 3 47 15 29 37 20 28 32 10 51 16 31 28 12 37 11 15 36 12 3 8 11 32 41 40 29 23 14 20 9 8 38 7 49 20 12 46 3 19 35 7 41 6 10 45 10 23 24 7 11 36 42 21 50 39 36 40 37 22 13 40 14 30 9 9 29 32 36 8 21 23 5 9 38 9 3 13 20 11 8 28 22 29 20 7 29
21 23 19 19 10 21 29 33 17 17 28 18 21 5 23 25 23 23 19 17 23 21 28 28 35 28 23 0 16 17 31 5 17 15 26 13 26 26 26 19 15 10 13 18 17 27 29 8 21 23 18 26 12 21 33 22 30 23 4 30 28 20 15 31 8 21 27 8 18 18 5 22 11 14 29 9 15 11 30 14 13 8 22 27 21 15 28 15 25 31 10 6 21 29 15 24 15 29 26 31 35 26 24 27 29 30 18 25 14 27 24 7 2 28 26 32 19 29 27 22 19 24 18 29 31 17 18 18 32 30 12 16 36 31 16 22 25 20 21 27 20 12 32 30 20 5 11 34 22 28 18
10 15 9 27 16 22 23 22 22 33 36 34 37 21 21 9 7 33 35 7 10 37 25 37 44 23 32 16 0 32 20 21 29 23 10 21 15 24 10 34 1 7 24 22 11 29 22 11 11 21 29 13 28 37 19 16 26 9 18 30 30 14 31 40 12 31 15 20 5 6 15 13 22 23 21 24 1 27 30 15 25 20 6 27 31 26 29 30 9 16 6 22 36 25 24 36 14 35 21 27 44 14 32 24 18 39 17 30 25 13 38 11 14 39 27 21 14 25 22 7 4 8 7 24 31 16 33 34 39 35 28 32 25 40 12 38 32 33 6 29 30 25 28 31 32 14 10 27 19 34 34
33 41 30 11 26 37 31 43 15 5 15 12 7 15 24 39 37 9 12 30 40 25 27 15 21 29 12 17 32 0 38 13 4 28 42 26 36 26 39 24 31 25 9 34 34 21 34 25 32 24 6 43 11 10 43 28 29 40 18 24 21 37 9 17 20 9 44 12 32 34 17 31 23 11 46 8 31 16 23 30 7 12 38 22 9 8 21 20 41 43 26 14 4 29 10 7 32 19 43 30 22 43 14 27 39 17 35 17 7 43 7 21 19 13 21 40 36 29 44 38 35 40 34 30 24 34 2 18 21 21 17 20 41 16 24 12 16 3 37 20 9 7 30 22 4 21 23 37 24 19 17
10 35 12 29 35 42 10 4 23 42 37 46 45 36 16 13 14 36 47 14 28 52 16 38 43 13 34 31 20 38 0 34 34 42 24 40 5 16 11 50 20 21 29 41 31 24 5 29 10 16 33 30 41 47 6 10 14 27 34 22 25 34 42 41 23 34 32 29 15 26 26 9 40 27 41 33 20 42 23 34 31 29 19 22 34 30 24 46 24 8 24 35 42 14 28 41 34 32 41 15 41 32 31 15 2 40 37 28 31 29 43 24 29 41 23 2 34 13 42 25 23 23 27 12 24 36 39 48 36 30 42 46 5 42 16 48 30 38 25 25 33 33 16 26 37 31 20 8 14 31 47
25 28 22 18 12 23 31 37 17 12 25 13 16 3 25 29 27 19 14 21 28 18 29 25 32 29 21 5 21 13 34 0 13 16 31 14 29 27 30 16 20 14 12 20 22 27 32 13 24 25 14 31 7 16 36 25 31 28 5 30 28 25 10 28 10 18 32 7 22 23 7 24 11 14 32 5 20 8 30 17 10 7 27 27 18 14 28 12 30 35 15 2 16 30 14 20 19 28 29 32 32 31 23 28 32 27 21 25 11 32 20 11 7 25 26 35 24 30 30 27 24 29 23 30 31 21 13 15 30 30 9 13 38 28 18 17 25 16 26 27 18 8 33 30 16 8 13 36 24 28 14
30 40 27 7 26 37 27 39 11 8 12 15 11 16 20 36 34 6 15 27 38 28 23 12 19 25 9 17 29 4 34 13 0 29 39 27 33 22 36 27 28 22 6 33 34 17 30 25 29 20 2 41 14 13 40 24 25 38 18 20 17 37 12 15 17 6 43 9 29 32 14 28 24 8 45 8 28 19 19 30 4 9 35 18 6 4 17 23 38 40 23 15 8 25 6 7 32 16 42 26 19 41 11 23 35 14 34 14 4 41 9 18 18 12 17 36 36 25 43 35 32 37 31 26 20 34 6 21 18 18 20 23 37 15 21 15 13 4 34 16 6 5 26 19 3 21 20 33 20 16 20
32 21 30 33 7 11 42 44 32 25 41 21 28 13 38 33 31 35 22 28 23 17 43 41 48 42 37 15 23 28 42 16 29 0 28 2 37 41 33 14 22 21 27 8 17 42 43 12 32 38 30 25 18 25 42 35 45 24 11 45 43 18 21 44 22 34 26 22 27 21 20 34 5 29 24 21 22 13 45 10 26 22 28 42 34 29 43 12 27 39 17 14 29 44 29 35 13 43 21 46 48 25 38 42 40 43 13 40 27 26 35 20 15 41 41 43 17 44 21 24 24 26 20 43 46 14 28 18 46 45 13 15 47 44 29 25 40 31 23 42 34 24 47 45 32 11 24 47 36 43 18
16 11 17 37 22 22 29 25 32 43 46 44 47 31 29 11 11 43 45 15 5 43 33 47 54 31 42 26 10 42 24 31 39 28 0 27 19 32 13 40 11 17 34 23 11 37 27 18 17 29 39 6 38 47 22 24 33 4 27 38 38 12 41 50 22 41 8 30 13 8 25 19 29 33 17 34 11 36 38 18 35 30 6 36 41 36 38 38 1 18 16 32 46 33 34 46 16 44 17 34 53 8 41 32 22 49 17 39 35 5 48 21 24 49 36 25 12 32 18 4 7 2 8 31 39 15 43 43 48 43 37 40 29 50 21 48 41 43 5 38 40 35 35 40 42 23 20 31 27 43 43
30 21 28 31 5 11 40 42 30 24 39 20 27 11 36 31 29 33 21 26 23 17 41 39 46 40 35 13 21 26 40 14 27 2 27 0 35 39 31 14 20 19 25 8 16 40 41 10 30 36 28 25 16 24 40 33 43 23 9 43 41 18 19 42 20 32 26 20 25 19 18 32 3 27 24 19 20 11 43 9 24 20 26 40 32 27 41 12 26 37 15 12 27 42 27 33 12 41 21 44 46 25 36 40 38 41 13 38 25 26 33 18 13 39 39 41 17 42 21 23 22 25 19 41 44 14 26 18 44 43 12 15 45 42 27 24 38 29 22 40 32 22 45 43 30 9 22 45 34 41 18
5 30 7 28 30 37 12 7 22 38 36 42 42 31 15 8 9 35 43 9 23 47 17 37 42 14 33 26 15 36 5 29 33 37 19 35 0 16 6 45 15 16 27 36 26 23 8 24 5 15 32 25 36 43 7 9 16 22 29 23 24 29 38 40 18 33 27 25 10 21 21 5 35 25 36 29 15 37 24 29 29 25 14 22 33 29 24 41 19 7 19 30 40 16 27 40 29 31 36 17 40 27 30 16 3 39 32 27 29 24 42 19 24 40 22 6 29 15 37 20 18 18 22 14 25 31 37 43 35 29 37 41 10 41 12 44 29 37 20 24 32 30 18 26 36 26 15 12 13 30 42
16 39 15 15 35 44 6 20 11 30 21 35 33 30 3 22 21 21 36 17 33 45 2 22 27 3 18 26 24 26 16 27 22 41 32 39 16 0 21 43 23 21 17 43 34 8 11 30 15 3 20 36 31 35 22 8 4 32 30 7 9 37 31 25 19 19 38 21 19 29 21 13 37 15 45 24 23 35 8 36 19 21 26 6 19 18 8 39 31 23 25 29 30 3 16 26 36 16 44 5 25 37 15 1 17 24 39 12 19 36 28 21 26 25 7 18 37 3 45 30 27 30 30 4 9 38 27 39 20 14 36 40 18 26 12 36 14 25 29 9 18 21 6 10 24 30 17 11 5 15 38
6 24 9 31 27 31 18 12 25 40 39 43 44 31 19 2 3 38 44 9 17 47 22 40 46 20 36 26 10 39 11 30 36 33 13 31 6 21 0 44 11 16 30 32 20 27 14 21 7 19 35 19 37 44 9 13 22 16 28 28 28 23 39 43 19 36 21 27 8 15 22 8 32 28 30 31 11 37 28 25 32 27 8 26 36 32 28 40 13 6 16 31 43 22 30 43 24 35 30 23 44 21 33 21 9 42 26 31 32 18 45 19 24 43 26 12 23 21 31 14 12 12 16 20 29 25 40 44 39 33 38 42 16 44 15 46 33 40 14 28 35 32 24 30 39 24 16 18 16 34 43
40 35 38 33 18 25 47 52 33 19 39 12 19 14 41 43 41 33 13 36 36 3 45 39 45 46 36 19 34 24 50 16 27 14 40 14 45 43 44 0 33 29 27 22 30 42 48 23 40 41 29 39 13 16 52 41 47 36 16 45 43 32 15 41 26 33 40 23 37 32 23 40 11 29 38 20 33 8 45 23 25 23 39 42 33 29 43 4 39 50 27 14 22 46 29 30 26 43 35 48 46 39 38 44 48 41 27 40 26 40 29 26 21 37 41 51 31 46 35 36 35 38 32 46 46 28 22 7 45 45 7 4 54 40 34 15 40 27 35 42 33 23 49 45 28 19 29 52 40 43 8
10 15 9 26 15 22 23 22 21 32 35 33 36 20 20 10 8 32 34 7 10 36 25 36 43 23 31 15 1 31 20 20 28 22 11 20 15 23 11 33 0 6 23 21 11 28 22 10 11 20 28 13 27 36 20 16 26 9 17 29 29 14 30 39 11 30 15 19 5 6 14 13 21 22 21 23 0 26 29 14 24 19 7 27 30 25 29 29 10 17 5 21 35 25 23 35 14 34 21 27 43 14 31 24 18 38 17 30 24 13 37 10 13 38 27 21 14 25 22 8 5 9 7 24 30 16 32 33 38 34 27 31 25 39 12 37 31 32 7 29 29 24 28 31 31 13 9 27 18 34 33
11 20 9 21 14 23 22 23 16 26 30 27 30 15 18 15 13 26 28 7 16 31 23 31 38 22 26 10 7 25 21 14 22 21 17 19 16 21 16 29 6 0 17 22 14 24 22 9 11 18 22 19 21 30 23 15 25 15 13 26 25 17 24 34 5 24 21 13 8 11 8 13 18 16 26 17 6 21 26 15 18 13 13 23 24 19 25 25 16 21 4 16 29 24 18 29 15 29 24 26 38 20 26 22 19 33 18 25 18 19 31 4 8 32 23 22 17 24 25 13 10 15 12 23 27 17 26 28 33 30 22 26 26 34 9 31 26 26 12 25 24 18 27 27 25 10 4 26 16 29 28
24 36 21 6 23 34 22 33 6 12 14 17 15 15 15 30 28 9 18 21 33 28 19 14 21 20 10 13 24 9 29 12 6 27 34 25 27 17 30 27 23 17 0 31 29 15 25 21 23 15 5 36 14 17 34 19 21 32 16 18 16 32 13 17 12 7 38 5 23 27 10 22 23 2 41 7 23 19 18 27 2 5 29 15 7 2 16 23 33 34 19 14 13 20 2 13 28 16 39 22 21 37 11 18 30 16 31 13 2 36 15 13 14 15 14 31 32 20 40 30 27 32 27 21 19 30 10 22 19 18 20 23 32 17 15 19 13 10 29 15 7 4 23 18 9 18 14 28 15 16 21
31 14 30 37 8 3 44 43 34 32 46 28 35 19 40 30 29 41 29 28 18 25 45 46 53 44 42 18 22 34 41 20 33 8 23 8 36 43 32 22 21 22 31 0 12 44 43 13 32 40 34 19 24 32 41 37 47 19 15 47 45 11 27 48 24 38 19 26 26 17 22 34 11 32 16 25 21 19 47 7 30 26 24 44 38 33 45 20 22 37 18 20 35 46 33 40 8 47 13 48 52 18 42 44 39 47 6 43 31 20 40 22 17 45 43 42 10 46 13 19 20 21 16 45 48 7 33 26 50 48 20 23 46 48 31 32 43 36 19 44 38 28 49 47 36 13 26 48 38 46 26
21 6 20 34 12 11 34 32 29 35 43 35 39 22 31 18 17 39 36 18 6 33 36 44 51 34 39 17 11 34 31 22 34 17 11 16 26 34 20 30 11 14 29 12 0 38 33 9 22 31 34 9 29 38 29 27 37 7 18 40 39 3 32 46 18 36 10 25 16 5 19 24 19 29 12 26 11 27 40 7 30 24 12 37 36 31 39 28 10 25 10 23 38 36 31 41 5 42 10 38 50 9 39 35 29 45 6 38 30 10 41 16 16 44 37 32 3 36 11 7 8 9 4 35 41 5 35 34 46 43 28 31 36 46 22 39 39 37 7 39 36 29 39 41 37 14 18 38 29 42 34
22 44 20 10 36 46 14 28 10 25 13 32 28 30 8 28 27 14 32 22 38 43 8 14 19 11 11 27 29 21 24 27 17 42 37 40 23 8 27 42 28 24 15 44 38 0 19 32 20 8 15 41 29 30 30 14 10 37 31 3 1 41 28 17 20 13 43 20 24 34 22 18 38 13 49 22 28 34 3 38 17 20 31 2 13 14 1 38 36 30 28 29 25 10 13 19 39 8 48 9 17 42 7 9 25 16 42 4 16 41 21 22 27 17 1 26 41 11 49 35 32 35 35 12 4 41 23 37 12 6 35 38 26 18 16 32 6 19 34 1 12 19 10 3 18 31 20 19 10 7 36
12 37 13 24 36 44 5 9 19 38 32 43 41 35 11 16 16 31 44 15 30 51 11 33 38 8 29 29 22 34 5 32 30 43 27 41 8 11 14 48 22 22 25 43 33 19 0 30 11 11 29 32 38 42 11 7 9 29 33 17 20 36 38 36 21 29 34 26 17 28 24 9 39 23 43 30 22 40 18 36 27 26 21 17 29 26 19 44 26 13 25 33 38 9 24 36 36 27 43 10 36 34 26 10 7 35 39 23 27 31 38 23 28 36 18 7 36 8 44 27 25 25 29 7 19 38 35 46 31 25 40 44 7 37 13 44 25 34 27 20 28 29 11 21 33 31 18 5 10 26 45
19 15 17 26 5 14 31 31 22 25 35 26 29 13 27 20 18 30 27 15 15 26 32 35 42 31 31 8 11 25 29 13 25 12 18 10 24 30 21 23 10 9 21 13 9 32 30 0 19 27 26 18 20 29 30 24 34 15 9 34 33 12 23 38 11 28 19 16 15 10 11 21 12 21 20 17 10 18 34 6 21 16 16 31 28 23 33 20 17 27 5 14 29 33 23 32 7 35 18 35 42 18 31 31 27 37 10 31 22 19 32 9 7 36 30 30 11 33 19 14 12 16 10 32 35 9 26 25 39 36 19 23 34 38 18 30 32 28 13 32 28 20 36 35 28 5 13 35 25 35 25
1 26 2 24 25 33 12 12 18 33 33 37 37 26 12 7 6 31 38 4 19 42 16 34 39 14 29 21 11 32 10 24 29 32 17 30 5 15 7 40 11 11 23 32 22 20 11 19 0 12 28 22 31 38 12 7 16 18 24 21 21 25 33 37 13 29 24 20 6 17 16 2 29 21 32 24 11 32 21 25 25 20 11 19 29 25 21 36 16 11 14 25 36 16 23 36 25 28 32 17 37 23 27 15 8 36 28 24 25 21 38 14 19 36 19 11 25 15 33 16 14 15 18 14 22 27 33 38 32 26 32 36 15 37 8 39 26 33 16 21 28 25 18 23 32 21 10 16 10 27 37
14 36 12 13 32 41 7 20 9 28 21 33 31 27 0 20 19 20 34 14 30 43 5 22 27 5 18 23 21 24 16 25 20 38 29 36 15 3 19 41 20 18 15 40 31 8 11 27 12 0 18 33 29 32 22 6 7 29 27 9 9 34 28 25 16 18 35 18 16 26 18 10 34 13 41 22 20 33 9 33 17 18 23 7 18 16 9 37 28 22 22 27 28 6 14 25 33 16 41 8 25 34 15 4 17 24 36 12 17 33 27 18 23 25 7 18 34 6 42 27 24 27 27 6 10 35 25 37 20 14 34 38 18 26 9 34 14 23 26 9 17 19 9 11 22 27 14 13 2 15 36
29 41 26 5 27 38 25 37 10 10 10 17 13 17 18 35 33 5 17 26 38 30 21 11 18 23 7 18 29 6 33 14 2 30 39 28 32 20 35 29 28 22 5 34 34 15 29 26 28 18 0 41 16 15 39 23 23 37 19 18 15 37 14 14 17 4 43 10 28 32 15 27 25 7 46 9 28 21 17 31 5 10 34 16 4 3 15 25 38 39 24 16 10 23 5 8 33 14 43 24 18 42 9 21 34 13 35 12 4 41 10 18 19 11 15 35 37 23 44 35 32 37 32 24 18 35 8 23 16 16 22 25 36 14 20 17 11 5 34 14 4 6 24 17 4 22 19 31 19 14 22
21 6 21 40 21 18 34 31 35 43 49 44 47 31 33 17 16 45 45 19 3 42 37 50 57 35 45 26 13 43 30 31 41 25 6 25 25 36 19 39 13 19 36 19 9 41 32 18 22 33 41 0 38 47 28 28 38 4 27 42 42 8 41 52 24 43 2 31 17 8 25 24 28 35 11 34 13 36 42 16 36 30 11 40 43 38 42 37 6 24 16 32 46 37 36 47 13 47 11 39 56 2 44 36 28 51 13 43 36 1 49 22 24 51 40 31 8 37 12 6 8 7 8 36 43 11 43 43 51 47 37 40 35 52 25 48 44 43 6 42 42 35 40 44 43 23 22 37 31 47 43
32 35 29 20 18 28 36 44 20 7 26 6 10 7 29 36 34 20 7 28 35 14 33 26 32 34 23 12 28 11 41 7 14 18 38 16 36 31 37 13 27 21 14 24 29 29 38 20 31 29 16 38 0 9 43 31 35 35 11 32 30 31 3 28 17 20 39 12 29 30 14 31 13 16 38 8 27 5 32 23 12 12 34 29 20 16 30 9 37 42 22 6 11 34 16 18 26 30 35 36 33 38 25 32 39 28 27 27 13 39 18 18 14 24 28 42 30 34 36 34 31 36 30 35 33 28 10 8 32 32 6 9 45 27 25 10 27 14 33 29 20 10 37 32 15 15 20 42 29 30 7
39 44 36 20 27 36 40 51 24 5 24 4 4 16 33 44 42 18 3 35 44 16 36 24 30 38 21 21 37 10 47 16 13 25 47 24 43 35 44 16 36 30 17 32 38 30 42 29 38 32 15 47 9 0 50 36 38 44 20 33 30 40 6 26 25 18 48 17 37 39 22 38 20 19 47 13 36 12 32 32 15 17 43 31 18 17 30 14 46 49 31 15 7 37 18 15 35 28 44 39 31 47 23 35 46 26 36 26 15 48 14 26 23 22 30 48 39 37 45 43 40 45 39 38 33 37 8 9 30 30 12 12 49 25 30 2 25 12 42 29 19 13 39 31 13 24 28 45 32 28 8
12 33 14 35 36 40 16 3 29 45 43 49 49 38 22 11 12 42 50 16 26 54 22 44 49 19 40 33 19 43 6 36 40 42 22 40 7 22 9 52 20 23 34 41 29 30 11 30 12 22 39 28 43 50 0 16 20 25 36 28 31 32 45 47 25 40 30 32 17 24 28 12 41 32 39 36 20 44 29 34 36 32 17 28 40 36 30 48 22 4 25 37 47 20 34 47 33 38 39 21 47 30 37 21 5 46 35 34 36 27 49 26 31 47 29 5 32 19 40 23 21 21 25 18 30 34 44 50 42 36 44 48 7 48 19 51 36 44 23 31 39 37 22 32 43 33 22 13 20 37 49
8 31 7 19 29 38 7 14 13 31 27 36 34 27 6 14 13 26 37 9 25 43 9 28 33 7 24 22 16 28 10 25 24 35 24 33 9 8 13 41 16 15 19 37 27 14 7 24 7 6 23 28 31 36 16 0 10 24 26 15 15 30 32 31 14 24 30 19 11 22 17 5 32 17 37 23 16 33 15 30 21 19 18 13 24 20 15 37 23 16 19 26 32 9 18 31 30 22 37 11 31 29 21 8 11 30 33 18 21 28 33 15 20 31 13 12 30 9 38 22 19 22 23 8 16 32 29 39 26 20 33 37 14 32 6 38 20 28 21 15 23 23 12 17 27 24 11 12 4 21 38
18 41 17 18 39 48 4 18 15 33 23 39 36 34 7 23 22 24 40 19 35 49 2 24 29 3 20 30 26 29 14 31 25 45 33 43 16 4 22 47 26 25 21 47 37 10 9 34 16 7 23 38 35 38 20 10 0 34 34 8 11 40 34 27 23 22 40 24 21 32 25 14 41 19 47 28 26 39 9 40 23 24 27 8 22 21 10 43 32 22 29 33 33 1 20 28 40 18 47 1 27 39 17 3 16 26 43 14 23 37 30 25 30 27 9 16 40 1 48 32 29 31 33 2 10 42 31 43 22 16 40 44 16 28 16 40 16 28 31 11 21 25 2 12 27 34 21 9 9 17 42
17 8 17 36 18 18 30 28 31 40 45 41 44 28 29 14 13 42 42 15 1 39 33 46 53 31 41 23 9 40 27 28 38 24 4 23 22 32 16 36 9 15 32 19 7 37 29 15 18 29 37 4 35 44 25 24 34 0 24 38 38 8 38 48 20 39 6 28 13 5 22 20 25 31 14 31 9 33 38 14 33 27 8 36 39 34 38 34 3 21 13 29 43 33 32 44 12 43 14 35 52 5 40 32 25 47 13 39 33 4 46 19 21 47 36 28 8 33 15 2 4 4 5 32 39 11 40 40 47 43 34 37 32 48 21 45 40 40 2 38 38 32 36 40 40 20 18 34 27 43 40
24 23 22 22 7 18 32 36 21 17 30 17 21 4 27 27 25 24 18 20 24 19 32 30 37 32 26 4 18 18 34 5 18 11 27 9 29 30 28 16 17 13 16 15 18 31 33 9 24 27 19 27 11 20 36 26 34 24 0 34 32 20 14 33 12 23 28 11 21 19 9 25 7 18 27 10 17 9 34 12 15 11 24 31 23 18 32 12 26 34 12 5 21 33 18 25 15 32 24 35 37 27 27 31 32 32 16 29 16 28 25 10 5 30 30 35 19 33 25 23 20 25 19 33 35 17 18 16 35 34 10 14 39 33 19 21 29 21 22 31 23 13 36 34 21 4 14 37 26 32 16
23 45 21 13 39 49 12 26 13 28 15 35 31 33 9 29 28 17 35 23 39 46 6 16 21 9 14 30 30 24 22 30 20 45 38 43 23 7 28 45 29 26 18 47 40 3 17 34 21 9 18 42 32 33 28 15 8 38 34 0 3 43 31 19 23 16 44 23 25 35 25 19 41 16 50 25 29 37 1 40 20 23 32 3 16 17 2 41 37 29 30 32 28 8 16 22 41 10 50 7 19 43 10 7 23 18 44 7 19 42 24 25 30 19 4 24 43 9 51 36 33 36 36 10 2 43 26 40 14 8 38 41 24 20 18 35 8 22 35 3 15 22 7 4 21 34 22 17 11 9 39
23 45 21 10 37 47 15 29 11 25 12 32 28 31 9 29 28 14 32 23 39 44 9 13 18 12 10 28 30 21 25 28 17 43 38 41 24 9 28 43 29 25 16 45 39 1 20 33 21 9 15 42 30 30 31 15 11 38 32 3 0 42 29 16 21 12 44 21 25 35 23 19 39 14 50 23 29 35 2 39 18 21 32 3 12 14 1 39 37 31 29 30 24 11 14 18 40 7 49 10 16 43 7 10 26 15 43 4 17 42 20 23 28 16 2 27 42 12 50 36 33 36 36 13 3 42 23 38 11 5 36 39 27 17 17 32 5 19 35 1 12 20 10 2 17 32 21 20 11 6 37
24 3 23 37 14 10 37 35 32 37 46 37 41 24 34 21 20 42 38 21 7 35 39 47 54 37 42 20 14 37 34 25 37 18 12 18 29 37 23 32 14 17 32 11 3 41 36 12 25 34 37 8 31 40 32 30 40 8 20 43 42 0 34 49 21 39 8 28 19 8 22 27 21 32 9 29 14 29 43 9 33 27 15 40 39 34 42 30 11 28 13 25 41 39 34 44 6 45 7 41 53 7 42 38 32 48 5 41 33 9 44 19 19 47 40 35 1 39 8 9 11 11 7 38 44 4 38 36 49 46 30 33 39 49 25 41 42 40 9 42 39 32 42 44 40 17 21 41 32 45 36
34 37 31 19 21 31 36 46 20 4 24 4 7 10 29 38 36 18 5 30 38 16 33 24 30 34 21 15 31 9 42 10 12 21 41 19 38 31 39 15 30 24 13 27 32 28 38 23 33 28 14 41 3 6 45 32 34 38 14 31 29 34 0 26 19 18 42 12 31 33 16 33 16 15 41 8 30 8 31 26 11 12 37 28 18 15 29 11 40 44 25 9 8 33 15 15 29 28 38 35 31 41 23 31 41 26 30 26 12 42 15 20 17 22 27 44 33 33 39 37 34 39 33 34 32 31 7 9 30 30 8 11 45 25 25 7 25 12 36 28 18 10 36 31 13 18 22 41 28 28 8
38 53 35 13 41 52 31 45 19 22 4 29 22 31 25 44 42 9 29 35 50 42 25 3 4 28 8 31 40 17 41 28 15 44 50 42 40 25 43 41 39 34 17 48 46 17 36 38 37 25 14 52 28 26 47 31 27 48 33 19 16 49 26 0 29 10 54 22 37 44 27 35 39 18 58 23 39 33 18 44 18 22 44 19 10 15 17 37 49 47 36 30 19 27 16 11 45 9 56 26 5 53 10 26 42 1 48 13 17 52 12 30 31 4 18 43 49 28 57 47 44 48 44 29 17 47 19 35 6 11 34 37 43 1 29 28 11 14 46 16 10 20 26 15 13 35 30 36 27 10 34
14 24 11 16 16 25 21 26 11 21 25 23 25 13 16 19 17 21 24 10 21 29 21 26 33 20 21 8 12 20 23 10 17 22 22 20 18 19 19 26 11 5 12 24 18 20 21 11 13 16 17 24 17 25 25 14 23 20 12 23 21 21 19 29 0 19 26 8 12 16 3 14 18 11 30 12 11 18 23 17 13 8 18 20 19 14 21 22 21 24 8 12 24 22 13 24 18 24 28 24 33 25 21 20 21 28 21 20 13 24 26 2 7 27 19 24 21 22 29 18 15 20 16 21 24 20 21 25 28 25 19 23 28 29 8 26 21 21 17 21 19 13 25 23 20 11 3 26 14 24 24
30 44 27 5 31 42 25 38 11 14 6 21 15 21 18 36 34 2 21 27 41 34 20 7 14 22 3 21 31 9 34 18 6 34 41 32 33 19 36 33 30 24 7 38 36 13 29 28 29 18 4 43 20 18 40 24 22 39 23 16 12 39 18 10 19 0 45 12 29 34 17 28 29 8 48 13 30 25 14 34 8 12 36 14 0 5 13 29 40 40 26 20 12 22 7 7 35 10 46 22 14 44 5 20 35 9 38 8 8 43 9 20 21 8 13 36 39 22 47 37 34 39 34 23 15 37 11 27 12 12 26 29 36 10 21 20 7 6 36 11 1 10 22 13 5 25 21 30 20 10 26
23 5 23 42 22 17 36 33 37 44 51 45 48 32 35 19 18 47 46 21 5 43 39 52 59 37 47 27 15 44 32 32 43 26 8 26 27 38 21 40 15 21 38 19 10 43 34 19 24 35 43 2 39 48 30 30 40 6 28 44 44 8 42 54 26 45 0 33 19 10 27 26 29 37 9 36 15 37 44 17 38 32 13 42 45 40 44 38 8 26 18 33 48 39 38 49 14 49 10 41 58 1 46 38 30 53 13 45 38 3 51 24 26 53 42 33 9 39 11 8 10 9 10 38 45 12 45 44 53 49 38 41 37 54 27 49 46 45 8 44 44 37 42 46 45 24 24 39 33 49 44
21 31 18 11 18 29 24 33 10 13 19 16 17 10 18 27 25 14 17 18 28 25 22 19 26 23 15 8 20 12 29 7 9 22 30 20 25 21 27 23 19 13 5 26 25 20 26 16 20 18 10 31 12 17 32 19 24 28 11 23 21 28 12 22 8 12 33 0 20 23 5 20 18 7 36 4 19 15 23 21 5 0 26 20 12 7 21 19 29 31 14 9 16 24 7 16 23 21 34 25 26 32 16 22 28 21 26 18 6 32 18 9 9 20 19 31 27 24 35 26 23 28 22 24 24 25 13 20 24 23 16 20 33 22 13 19 18 13 25 20 12 5 26 23 12 13 11 30 17 21 19
5 20 4 24 20 27 18 17 18 33 33 35 37 23 16 7 5 31 36 2 14 39 20 34 41 18 29 18 5 32 15 22 29 27 13 25 10 19 8 37 5 8 23 26 16 24 17 15 6 16 28 17 29 37 17 11 21 13 21 25 25 19 31 37 12 29 19 20 0 11 15 8 26 21 26 24 5 29 25 19 25 20 7 23 29 25 25 33 12 14 10 24 36 20 23 36 19 31 26 22 40 18 28 19 13 36 22 26 25 17 38 11 16 36 23 16 19 20 27 11 8 11 12 19 26 21 33 36 35 30 30 34 20 37 8 38 28 33 10 25 28 25 23 27 32 18 9 22 14 30 36
16 9 15 32 14 16 29 27 27 35 41 36 39 23 26 13 12 37 37 13 5 35 31 42 49 29 37 18 6 34 26 23 32 21 8 19 21 29 15 32 6 11 27 17 5 34 28 10 17 26 32 8 30 39 24 22 32 5 19 35 35 8 33 44 16 34 10 23 11 0 17 19 21 27 15 26 6 28 35 11 28 22 8 33 34 29 35 30 7 21 8 24 38 31 29 39 9 40 15 33 48 10 37 30 24 43 11 36 28 9 41 14 16 42 33 27 8 31 16 4 3 6 1 30 36 10 35 35 44 40 29 33 31 44 18 40 37 35 3 35 34 27 34 37 35 15 15 33 24 40 35
17 25 14 15 14 25 24 29 12 18 24 20 22 10 18 22 20 19 21 13 22 25 23 24 31 23 20 5 15 17 26 7 14 20 25 18 21 21 22 23 14 8 10 22 19 22 24 11 16 18 15 25 14 22 28 17 25 22 9 25 23 22 16 27 3 17 27 5 15 17 0 17 16 10 31 9 14 15 25 17 10 5 21 22 17 12 23 19 24 27 9 9 21 24 12 21 18 25 29 26 31 27 20 22 24 26 21 21 11 26 23 4 5 25 21 27 22 24 30 21 18 23 17 24 26 20 18 22 28 26 16 20 31 27 11 23 21 18 20 22 17 10 27 25 17 9 6 29 17 24 21
3 28 4 23 27 35 10 12 17 33 31 37 37 27 10 9 8 30 38 6 21 43 14 32 37 12 28 22 13 31 9 24 28 34 19 32 5 13 8 40 13 13 22 34 24 18 9 21 2 10 27 24 31 38 12 5 14 20 25 19 19 27 33 35 14 28 26 20 8 19 17 0 31 20 34 24 13 32 19 27 24 20 13 17 28 24 19 36 18 12 16 26 35 14 22 35 27 26 34 15 35 25 25 13 8 34 30 22 24 23 37 15 20 35 17 11 27 13 35 18 16 17 20 12 20 29 32 39 30 24 33 37 14 36 7 39 24 32 18 19 27 25 16 21 31 23 11 14 8 25 38
30 24 28 29 7 14 39 42 28 20 36 16 23 8 34 32 30 30 17 26 25 14 39 36 43 38 32 11 22 23 40 11 24 5 29 3 35 37 32 11 21 18 23 11 19 38 39 12 29 34 25 28 13 20 41 32 41 25 7 41 39 21 16 39 18 29 29 18 26 21 16 31 0 25 27 16 21 8 41 12 21 18 28 38 29 25 39 9 28 38 16 9 24 40 25 30 15 39 24 42 43 28 34 38 37 38 16 36 22 29 30 16 11 36 37 40 20 40 24 25 24 27 21 39 42 17 23 15 41 41 9 12 44 39 25 20 36 26 24 38 29 19 43 41 27 8 20 43 32 39 15
22 35 19 5 24 35 20 31 4 14 14 19 17 17 13 28 26 10 20 19 32 30 17 15 22 18 10 14 23 11 27 14 8 29 33 27 25 15 28 29 22 16 2 32 29 13 23 21 21 13 7 35 16 19 32 17 19 31 18 16 14 32 15 18 11 8 37 7 21 27 10 20 25 0 41 9 22 21 16 27 4 7 28 13 8 4 14 25 32 32 19 16 15 18 2 15 28 14 39 20 22 36 10 16 28 17 31 11 4 35 17 13 15 16 12 29 32 18 40 29 26 31 27 19 17 30 12 24 18 16 22 25 30 18 13 21 11 12 28 13 8 6 21 16 11 19 13 26 13 14 23
31 6 30 46 20 13 44 42 41 44 55 43 48 31 42 28 27 51 44 28 13 41 46 56 63 44 51 29 21 46 41 32 45 24 17 24 36 45 30 38 21 26 41 16 12 49 43 20 32 41 46 11 38 47 39 37 47 14 27 50 50 9 41 58 30 48 9 36 26 15 31 34 27 41 0 37 21 35 50 16 41 36 22 48 48 43 50 36 17 35 22 32 48 46 43 52 13 54 3 48 62 9 51 45 39 57 11 50 42 12 52 28 27 56 48 42 9 46 3 16 18 18 14 45 51 11 45 42 58 55 36 39 46 58 33 47 51 48 16 50 48 40 49 52 48 24 30 48 39 54 42
25 32 22 13 17 28 28 37 13 9 19 12 13 8 22 31 29 14 13 22 31 22 26 20 27 27 16 9 24 8 33 5 8 21 34 19 29 24 31 20 23 17 7 25 26 22 30 17 24 22 9 34 8 13 36 23 28 31 10 25 23 29 8 23 12 13 36 4 24 26 9 24 16 9 37 0 23 12 25 22 5 4 30 22 13 9 23 16 33 35 18 7 12 27 9 15 24 23 34 29 27 35 18 25 32 22 26 20 6 35 15 13 11 20 21 35 28 27 35 30 27 32 26 28 26 26 9 16 25 25 13 17 37 23 17 15 20 11 29 22 13 3 30 25 11 13 15 34 21 23 15
10 15 9 26 15 22 23 22 21 32 35 33 36 20 20 10 8 32 34 7 10 36 25 36 43 23 31 15 1 31 20 20 28 22 11 20 15 23 11 33 0 6 23 21 11 28 22 10 11 20 28 13 27 36 20 16 26 9 17 29 29 14 30 39 11 30 15 19 5 6 14 13 21 22 21 23 0 26 29 14 24 19 7 27 30 25 29 29 10 17 5 21 35 25 23 35 14 34 21 27 43 14 31 24 18 38 17 30 24 13 37 10 13 38 27 21 14 25 22 8 5 9 7 24 30 16 32 33 38 34 27 31 25 39 12 37 31 32 7 29 29 24 28 31 31 13 9 27 18 34 33
33 32 30 25 15 22 39 45 25 12 31 8 15 6 33 36 34 25 9 28 33 10 37 31 37 37 28 11 27 16 42 8 19 13 36 11 37 35 37 8 26 21 19 19 27 34 40 18 32 33 21 36 5 12 44 33 39 33 9 37 35 29 8 33 18 25 37 15 29 28 15 32 8 21 35 12 26 0 37 20 17 15 33 34 25 21 35 4 35 42 21 6 16 38 21 23 23 35 32 40 38 36 30 36 39 33 24 32 18 37 23 18 13 29 33 42 28 38 32 32 29 34 28 38 38 25 15 7 37 37 1 5 46 32 26 12 32 19 31 34 25 15 41 37 20 13 21 44 32 35 7
23 45 21 12 39 48 13 27 13 27 14 34 30 33 9 29 28 16 34 23 39 46 7 15 20 10 12 30 30 23 23 30 19 45 38 43 24 8 28 45 29 26 18 47 40 3 18 34 21 9 17 42 32 32 29 15 9 38 34 1 2 43 31 18 23 14 44 23 25 35 25 19 41 16 50 25 29 37 0 40 20 23 32 3 14 16 2 41 37 30 30 32 26 9 16 20 41 9 50 8 18 43 9 8 24 17 44 6 19 42 22 25 30 18 4 25 43 10 51 36 33 36 36 11 1 43 25 40 13 7 38 41 25 19 18 34 7 20 35 3 14 22 8 3 19 34 22 18 11 8 39
24 12 23 32 5 8 37 36 28 29 41 28 33 16 33 24 22 36 29 21 13 26 38 41 48 37 37 14 15 30 34 17 30 10 18 9 29 36 25 23 14 15 27 7 7 38 36 6 25 33 31 16 23 32 34 30 40 14 12 40 39 9 26 44 17 34 17 21 19 11 17 27 12 27 16 22 14 20 40 0 26 21 18 37 33 28 38 21 17 31 11 17 33 39 28 37 3 41 13 41 47 16 37 37 32 42 5 37 27 17 37 15 12 41 36 35 8 39 14 14 14 16 10 38 41 5 30 27 45 42 21 24 39 43 24 32 38 33 13 38 33 25 42 40 33 9 19 41 31 41 27
26 36 23 8 22 33 24 35 8 10 14 15 13 13 17 32 30 10 16 23 33 26 21 15 22 22 11 13 25 7 31 10 4 26 35 24 29 19 32 25 24 18 2 30 30 17 27 21 25 17 5 36 12 15 36 21 23 33 15 20 18 33 11 18 13 8 38 5 25 28 10 24 21 4 41 5 24 17 20 26 0 5 31 17 8 4 18 21 34 36 19 12 11 22 4 11 28 18 39 24 22 37 13 20 32 17 31 15 1 36 13 14 14 16 16 33 32 22 40 31 28 33 27 23 21 30 8 20 20 20 18 21 34 18 17 17 15 8 30 17 8 2 25 20 7 18 16 30 17 18 19
21 30 18 11 18 29 24 33 10 13 19 16 17 10 18 27 25 14 17 18 27 25 22 19 26 23 15 8 20 12 29 7 9 22 30 20 25 21 27 23 19 13 5 26 24 20 26 16 20 18 10 30 12 17 32 19 24 27 11 23 21 27 12 22 8 12 32 0 20 22 5 20 18 7 36 4 19 15 23 21 5 0 26 20 12 7 21 19 29 31 14 9 16 24 7 16 23 21 34 25 26 32 16 22 28 21 26 18 6 31 18 9 9 20 19 31 27 24 35 26 23 28 22 24 24 25 13 20 24 23 16 20 33 22 13 19 18 13 25 20 12 5 26 23 12 13 11 30 17 21 19
10 16 11 31 21 24 23 20 25 39 40 40 43 27 23 6 5 38 41 9 9 42 27 41 48 25 36 22 6 38 19 27 35 28 6 26 14 26 8 39 7 13 29 24 12 31 21 16 11 23 34 11 34 43 17 18 27 8 24 32 32 15 37 44 18 36 13 26 7 8 21 13 28 28 22 30 7 33 32 18 31 26 0 30 36 31 32 36 5 13 12 28 42 27 29 42 16 38 22 28 47 13 35 26 17 43 18 33 31 10 44 17 20 43 30 20 15 26 23 6 5 4 8 25 33 17 39 40 42 37 34 38 24 44 15 44 35 39 6 32 35 31 29 34 38 20 15 26 21 37 40
21 43 19 11 36 45 12 26 10 26 15 32 29 30 7 27 26 16 33 21 37 43 6 16 21 9 12 27 27 22 22 27 18 42 36 40 22 6 26 42 27 23 15 44 37 2 17 31 19 7 16 40 29 31 28 13 8 36 31 3 3 40 28 19 20 14 42 20 23 33 22 17 38 13 48 22 27 34 3 37 17 20 30 0 14 14 2 38 35 29 27 29 26 8 14 20 38 10 47 8 19 41 9 7 23 18 41 6 17 40 22 22 27 19 1 24 40 9 48 34 31 34 34 10 4 40 24 37 14 8 35 38 24 20 15 33 8 20 33 3 13 19 8 4 19 31 19 17 9 9 36
30 43 27 5 30 41 25 38 11 14 6 21 15 21 18 36 34 2 21 27 40 34 20 7 14 22 3 21 31 9 34 18 6 34 41 32 33 19 36 33 30 24 7 38 36 13 29 28 29 18 4 43 20 18 40 24 22 39 23 16 12 39 18 10 19 0 45 12 29 34 17 28 29 8 48 13 30 25 14 33 8 12 36 14 0 5 13 29 40 40 26 20 12 22 7 7 35 10 46 22 14 44 5 20 35 9 38 8 8 43 9 20 21 8 13 36 39 22 47 37 34 39 34 23 15 37 11 27 12 12 26 29 36 10 21 20 7 6 36 11 1 10 22 13 5 25 21 30 20 10 26
26 38 23 4 25 36 23 34 7 12 11 19 15 17 16 32 30 7 19 23 35 30 19 12 19 21 8 15 26 8 30 14 4 29 36 27 29 18 32 29 25 19 2 33 31 14 26 23 25 16 3 38 16 17 36 20 21 34 18 17 14 34 15 15 14 5 40 7 25 29 12 24 25 4 43 9 25 21 16 28 4 7 31 14 5 0 14 25 35 36 21 16 12 21 2 11 30 14 41 22 19 39 9 19 31 14 33 11 3 38 13 15 16 13 13 32 34 21 42 32 29 34 29 22 17 32 10 24 17 16 22 25 33 15 17 19 11 8 31 13 5 6 22 16 7 20 16 29 16 14 23
23 45 21 10 37 47 14 28 11 25 13 32 28 31 9 29 28 15 32 23 39 44 8 14 19 11 11 28 29 21 24 28 17 43 38 41 24 8 28 43 29 25 16 45 39 1 19 33 21 9 15 42 30 30 30 15 10 38 32 2 1 42 29 17 21 13 44 21 25 35 23 19 39 14 50 23 29 35 2 38 18 21 32 2 13 14 0 39 37 31 29 30 25 10 14 19 39 8 49 9 17 43 8 9 25 16 42 4 17 42 21 23 28 17 2 26 42 11 50 36 33 36 36 12 3 41 23 38 12 6 36 39 26 18 17 32 6 19 35 1 12 20 9 2 18 32 21 19 11 7 37
36 33 34 29 16 23 43 48 29 15 35 10 17 10 37 39 37 29 11 32 34 7 41 35 41 41 32 15 30 20 46 12 23 12 38 12 41 39 40 4 29 25 23 20 28 38 44 20 36 37 25 37 9 14 48 37 43 34 12 41 39 30 11 37 22 29 38 19 33 30 19 36 9 25 36 16 29 4 41 21 21 19 36 38 29 25 39 0 37 46 23 10 19 42 25 26 24 39 33 44 42 37 34 40 43 37 25 36 22 38 26 22 17 33 37 46 29 42 33 34 31 36 30 42 42 26 18 6 41 41 3 3 50 36 30 13 36 23 33 38 29 19 45 41 24 15 25 48 36 39 6
15 11 16 36 21 21 28 25 30 42 45 43 46 30 28 11 10 42 44 14 4 42 32 46 53 30 41 25 9 41 24 30 38 27 1 26 19 31 13 39 10 16 33 22 10 36 26 17 16 28 38 6 37 46 22 23 32 3 26 37 37 11 40 49 21 40 8 29 12 7 24 18 28 32 17 33 10 35 37 17 34 29 5 35 40 35 37 37 0 18 15 31 45 32 33 45 15 43 17 33 52 8 40 31 22 48 16 38 34 5 47 20 23 48 35 25 11 31 18 3 6 1 7 30 38 14 42 42 47 42 36 39 29 49 20 47 40 42 4 37 39 34 34 39 41 22 19 31 26 42 42
10 29 13 35 33 37 18 7 29 44 43 48 48 36 22 8 9 42 49 14 22 52 23 44 49 20 40 31 16 43 8 35 40 39 18 37 7 23 6 50 17 21 34 37 25 30 13 27 11 22 39 24 42 49 4 16 22 21 34 29 31 28 44 47 24 40 26 31 14 21 27 12 38 32 35 35 17 42 30 31 36 31 13 29 40 36 31 46 18 0 22 36 47 22 34 47 29 38 35 23 47 26 37 22 6 46 31 34 36 23 49 24 29 47 29 8 28 21 36 19 18 17 21 20 31 30 44 49 42 36 43 47 11 48 19 50 36 44 19 31 39 36 24 33 43 30 21 16 20 37 48
14 16 12 24 10 19 26 26 19 27 33 28 31 15 22 15 13 28 29 10 13 30 27 33 40 26 29 10 6 26 24 15 23 17 16 15 19 25 16 27 5 4 19 18 10 28 25 5 14 22 24 16 22 31 25 19 29 13 12 30 29 13 25 36 8 26 18 14 10 8 9 16 16 19 22 18 5 21 30 11 19 14 12 27 26 21 29 23 15 22 0 16 30 28 21 30 11 32 20 30 40 17 29 26 22 35 14 28 20 17 32 6 8 34 27 25 13 28 21 12 9 14 8 27 31 13 27 28 36 33 22 26 29 36 13 32 29 27 11 29 26 19 31 31 26 8 8 30 20 32 28
26 28 23 20 12 23 33 38 19 12 26 12 16 1 27 31 29 21 13 22 29 16 31 27 34 31 23 6 22 14 35 2 15 14 32 12 30 29 31 14 21 16 14 20 23 29 33 14 25 27 16 32 6 15 37 26 33 29 5 32 30 25 9 30 12 20 33 9 24 24 9 26 9 16 32 7 21 6 32 17 12 9 28 29 20 16 30 10 31 36 16 0 16 32 16 21 20 30 29 34 34 32 25 30 33 29 21 27 13 33 21 13 8 27 28 36 24 32 30 28 25 30 24 32 33 22 14 13 32 32 7 11 40 30 20 16 27 17 27 29 20 10 35 32 18 9 15 38 26 30 12
37 44 34 15 28 39 35 46 19 4 17 10 3 17 28 43 41 11 10 34 43 23 31 17 23 33 14 21 36 4 42 16 8 29 46 27 40 30 43 22 35 29 13 35 38 25 38 29 36 28 10 46 11 7 47 32 33 43 21 28 24 41 8 19 24 12 48 16 36 38 21 35 24 15 48 12 35 16 26 33 11 16 42 26 12 12 25 19 45 47 30 16 0 33 14 8 35 21 45 34 24 47 17 31 43 19 37 20 11 47 7 25 23 15 25 44 40 33 46 42 39 44 38 34 27 37 3 16 23 23 16 18 45 18 28 9 19 5 41 23 12 11 34 25 6 24 27 41 28 21 15
17 40 16 18 38 47 4 18 14 33 23 38 36 33 6 23 22 24 39 18 34 48 2 24 29 2 20 29 25 29 14 30 25 44 33 42 16 3 22 46 25 24 20 46 36 10 9 33 16 6 23 37 34 37 20 9 1 33 33 8 11 39 33 27 22 22 39 24 20 31 24 14 40 18 46 27 25 38 9 39 22 24 27 8 22 21 10 42 32 22 28 32 33 0 19 28 39 18 46 2 27 38 17 2 16 26 42 14 22 37 30 24 29 27 9 16 39 1 47 31 28 31 32 2 10 41 30 42 22 16 39 43 16 28 15 39 16 28 30 11 21 24 3 12 27 33 20 9 8 17 41
24 37 21 4 25 36 21 32 5 13 13 19 16 17 14 30 28 8 20 21 34 30 18 13 20 19 9 15 24 10 28 14 6 29 34 27 27 16 30 29 23 18 2 33 31 13 24 23 23 14 5 36 16 18 34 18 20 32 18 16 14 34 15 16 13 7 38 7 23 29 12 22 25 2 43 9 23 21 16 28 4 7 29 14 7 2 14 25 33 34 21 16 14 19 0 13 30 14 41 21 20 37 9 17 29 15 33 11 3 36 15 15 16 14 13 30 34 19 42 31 28 32 29 20 17 32 11 24 17 16 22 25 31 17 15 20 11 10 30 13 6 6 22 16 9 20 14 27 14 14 23
37 47 34 12 32 43 32 45 18 11 9 18 11 22 25 43 41 5 18 34 44 31 27 9 15 29 8 24 36 7 41 20 7 35 46 33 40 26 43 30 35 29 13 40 41 19 36 32 36 25 8 47 18 15 47 31 28 44 25 22 18 44 15 11 24 7 49 16 36 39 21 35 30 15 52 15 35 23 20 37 11 16 42 20 7 11 19 26 45 47 30 21 8 28 13 0 39 15 49 28 16 47 11 27 42 11 41 14 11 47 2 25 25 7 19 43 43 29 50 42 39 44 38 30 21 41 8 24 15 17 23 26 43 10 28 17 13 4 41 17 8 12 28 19 4 28 27 37 27 15 23
24 9 23 33 8 8 37 36 29 32 42 31 36 19 33 22 21 37 32 21 11 29 38 42 49 37 38 15 14 32 34 19 32 13 16 12 29 36 24 26 14 15 28 8 5 39 36 7 25 33 33 13 26 35 33 30 40 12 15 41 40 6 29 45 18 35 14 23 19 9 18 27 15 28 13 24 14 23 41 3 28 23 16 38 35 30 39 24 15 29 11 20 35 39 30 39 0 42 10 41 49 13 38 37 32 44 3 38 29 14 39 16 14 43 37 35 5 39 11 12 12 14 8 38 42 2 32 30 46 43 24 27 39 45 24 35 39 35 11 39 35 27 42 41 35 11 19 41 31 42 30
30 49 28 10 39 50 22 36 13 24 6 31 24 31 16 36 35 10 31 29 45 44 16 7 11 19 7 29 35 19 32 28 16 43 44 41 31 16 35 43 34 29 16 47 42 8 27 35 28 16 14 47 30 28 38 22 18 43 32 10 7 45 28 9 24 10 49 21 31 40 25 26 39 14 54 23 34 35 9 41 18 21 38 10 10 14 8 39 43 38 32 30 21 18 14 15 42 0 52 17 9 48 5 17 33 8 45 5 17 47 17 26 29 10 9 34 45 19 53 42 39 42 40 20 8 44 21 37 4 2 36 39 34 10 23 30 3 16 41 7 10 20 17 6 15 33 25 27 18 1 36
31 6 30 44 17 10 44 42 39 41 53 40 45 28 41 28 27 48 41 28 13 38 46 53 60 44 49 26 21 43 41 29 42 21 17 21 36 44 30 35 21 24 39 13 10 48 43 18 32 41 43 11 35 44 39 37 47 14 24 50 49 7 38 56 28 46 10 34 26 15 29 34 24 39 3 34 21 32 50 13 39 34 22 47 46 41 49 33 17 35 20 29 45 46 41 49 10 52 0 48 59 9 48 45 39 54 8 48 39 12 49 26 24 53 47 42 8 46 1 16 18 18 14 45 51 8 42 39 56 53 33 36 46 55 32 44 49 45 16 49 45 37 49 51 45 21 28 48 39 52 39
19 42 18 19 40 49 5 19 16 34 22 39 37 35 8 24 23 23 40 20 36 50 3 23 28 4 20 31 27 30 15 32 26 46 34 44 17 5 23 48 27 26 22 48 38 9 10 35 17 8 24 39 36 39 21 11 1 35 35 7 10 41 35 26 24 22 41 25 22 33 26 15 42 20 48 29 27 40 8 41 24 25 28 8 22 22 9 44 33 23 30 34 34 2 21 28 41 17 48 0 26 40 16 4 17 25 44 13 24 38 30 26 31 26 9 17 41 2 49 33 30 32 34 3 9 43 32 44 21 15 41 45 17 27 17 41 15 28 32 10 21 26 1 11 27 35 22 10 10 16 43
39 57 37 17 44 55 31 45 22 27 8 34 27 35 25 45 44 13 34 38 54 47 25 7 2 28 12 35 44 22 41 32 19 48 53 46 40 25 44 46 43 38 21 52 50 17 36 42 37 25 18 56 33 31 47 31 27 52 37 19 16 53 31 5 33 14 58 26 40 48 31 35 43 22 62 27 43 38 18 47 22 26 47 19 14 19 17 42 52 47 40 34 24 27 20 16 49 9 59 26 0 57 12 26 42 5 52 14 21 56 17 34 35 9 18 43 53 28 60 51 48 51 48 29 17 51 24 40 5 11 39 42 43 6 32 33 12 19 50 16 14 24 26 15 18 39 34 36 27 10 39
22 5 22 41 21 17 35 33 36 43 50 44 47 31 34 19 18 46 45 20 5 42 38 51 58 36 46 26 14 43 32 31 41 25 8 25 27 37 21 39 14 20 37 18 9 42 34 18 23 34 42 2 38 47 30 29 39 5 27 43 43 7 41 53 25 44 1 32 18 10 27 25 28 36 9 35 14 36 43 16 37 32 13 41 44 39 43 37 8 26 17 32 47 38 37 47 13 48 9 40 57 0 45 37 30 52 12 44 37 3 49 23 25 51 41 33 8 38 10 7 9 9 9 37 44 11 44 43 52 48 37 40 37 53 26 48 45 44 7 43 43 36 41 45 43 23 23 39 32 48 43
28 45 26 5 34 45 21 35 10 19 6 26 20 26 15 34 33 6 26 26 41 39 15 7 13 18 3 24 32 14 31 23 11 38 41 36 30 15 33 38 31 26 11 42 39 7 26 31 27 15 9 44 25 23 37 21 17 40 27 10 7 42 23 10 21 5 46 16 28 37 20 25 34 10 51 18 31 30 9 37 13 16 35 9 5 9 8 34 40 37 29 25 17 17 9 11 38 5 48 16 12 45 0 16 32 9 41 3 12 44 13 23 25 10 8 33 42 18 49 39 36 39 37 19 10 40 16 32 8 7 31 34 33 11 20 25 2 11 38 6 5 15 17 8 10 29 22 26 17 5 31
16 39 15 16 36 45 5 19 12 31 22 36 34 31 4 22 21 22 37 17 33 46 1 23 28 2 19 27 24 27 15 28 23 42 32 40 16 1 21 44 24 22 18 44 35 9 10 31 15 4 21 36 32 35 21 8 3 32 31 7 10 38 31 26 20 20 38 22 19 30 22 13 38 16 45 25 24 36 8 37 20 22 26 7 20 19 9 40 31 22 26 30 31 2 17 27 37 17 45 4 26 37 16 0 16 25 40 13 20 36 29 22 27 26 8 17 38 2 46 30 27 30 31 3 9 39 28 40 21 15 37 41 17 27 13 37 15 26 29 10 19 22 5 11 25 31 18 10 6 16 39
8 33 10 30 33 40 12 4 24 41 38 45 45 34 17 11 12 37 46 12 26 50 17 39 44 14 35 29 18 39 2 32 35 40 22 38 3 17 9 48 18 19 30 39 29 25 7 27 8 17 34 28 39 46 5 11 16 25 32 23 26 32 41 42 21 35 30 28 13 24 24 8 37 28 39 32 18 39 24 32 32 28 17 23 35 31 25 43 22 6 22 33 43 16 29 42 32 33 39 17 42 30 32 16 0 41 35 29 32 27 44 22 27 42 24 3 32 15 40 23 21 21 25 14 25 34 40 46 37 31 40 44 7 43 15 47 31 39 23 26 34 33 18 27 38 29 18 10 15 32 45
37 52 34 12 40 51 30 44 18 22 3 29 22 30 24 43 41 8 29 34 49 42 24 2 5 27 7 30 39 17 40 27 14 43 49 41 39 24 42 41 38 33 16 47 45 16 35 37 36 24 13 51 28 26 46 30 26 47 32 18 15 48 26 1 28 9 53 21 36 43 26 34 38 17 57 22 38 33 17 42 17 21 43 18 9 14 16 37 48 46 35 29 19 26 15 11 44 8 54 25 5 52 9 25 41 0 47 12 16 51 12 29 30 4 17 42 48 27 55 46 43 47 43 28 16 46 19 35 5 10 34 37 42 2 28 28 10 14 45 15 9 19 25 14 13 34 29 35 26 9 34
27 8 26 36 9 5 40 38 32 33 45 32 37 20 36 24 23 40 33 24 12 30 41 45 52 40 41 18 17 35 37 21 34 13 17 13 32 39 26 27 17 18 31 6 6 42 39 10 28 36 35 13 27 36 35 33 43 13 16 44 43 5 30 48 21 38 13 26 22 11 21 30 16 31 11 26 17 24 44 5 31 26 18 41 38 33 42 25 16 31 14 21 37 42 33 41 3 45 8 44 52 12 41 40 35 47 0 41 32 14 41 19 17 46 40 38 4 42 9 13 14 15 10 41 45 1 34 31 49 46 25 28 42 48 27 36 42 37 13 42 38 29 45 44 37 14 22 44 34 45 31
26 45 24 7 35 46 18 32 9 22 9 29 23 28 12 32 31 9 29 24 40 41 12 10 15 15 6 25 30 17 28 25 14 40 39 38 27 12 31 40 30 25 13 43 38 4 23 31 24 12 12 43 27 26 34 18 14 39 29 7 4 41 26 13 20 8 45 18 26 36 21 22 36 11 50 20 30 32 6 37 15 18 33 6 8 11 4 36 38 34 28 27 20 14 11 14 38 5 48 13 14 44 3 13 29 12 41 0 14 43 16 22 26 13 5 30 41 15 49 37 34 37 36 16 7 40 19 35 9 5 33 36 30 14 18 28 2 14 36 3 8 17 13 5 13 30 21 23 14 4 34
26 36 23 7 23 34 24 35 8 10 14 16 13 14 17 32 30 9 17 23 33 27 21 14 21 22 10 14 25 7 31 11 4 27 35 25 29 19 32 26 24 18 2 31 30 16 27 22 25 17 4 36 13 15 36 21 23 33 16 19 17 33 12 17 13 8 38 6 25 28 11 24 22 4 42 6 24 18 19 27 1 6 31 17 8 3 17 22 34 36 20 13 11 22 3 11 29 17 39 24 21 37 12 20 32 16 32 14 0 37 13 15 15 15 16 33 33 22 40 31 28 33 28 23 20 31 8 21 19 19 19 22 34 18 17 17 14 8 30 16 7 3 25 19 7 19 16 30 17 17 20
20 7 21 40 22 19 33 30 35 44 49 45 48 32 33 16 15 46 46 19 4 43 37 50 57 35 45 27 13 43 29 32 41 26 5 26 24 36 18 40 13 19 36 20 10 41 31 19 21 33 41 1 39 48 27 28 37 4 28 42 42 9 42 52 24 43 3 32 17 9 26 23 29 35 12 35 13 37 42 17 36 31 10 40 43 38 42 38 5 23 17 33 47 37 36 47 14 47 12 38 56 3 44 36 27 51 14 43 37 0 49 23 25 50 40 30 9 36 13 6 8 6 9 35 43 12 44 44 51 47 38 41 34 52 25 49 44 44 6 42 42 36 39 44 43 24 22 36 31 47 44
39 48 36 14 33 44 34 47 20 11 11 17 10 22 27 45 43 7 17 36 46 30 29 11 16 31 10 24 38 7 43 20 9 35 48 33 42 28 45 29 37 31 15 40 41 21 38 32 38 27 10 49 18 14 49 33 30 46 25 24 20 44 15 12 26 9 51 18 38 41 23 37 30 17 52 15 37 23 22 37 13 18 44 22 9 13 21 26 47 49 32 21 7 30 15 2 39 17 49 30 17 49 13 29 44 12 41 16 13 49 0 27 26 8 21 45 43 31 50 44 41 46 40 32 23 41 8 23 17 19 23 25 45 11 30 16 15 5 43 19 10 13 29 21 6 28 29 39 29 17 22
14 22 12 18 14 23 22 26 13 22 27 24 26 12 18 18 16 22 25 10 19 28 23 27 34 22 23 7 11 21 24 11 18 20 21 18 19 21 19 26 10 4 13 22 16 22 23 9 14 18 18 22 18 26 26 15 25 19 10 25 23 19 20 30 2 20 24 9 11 14 4 15 16 13 28 13 10 18 25 15 14 9 17 22 20 15 23 22 20 24 6 13 25 24 15 25 16 26 26 26 34 23 23 22 22 29 19 22 15 23 27 0 5 28 21 25 19 24 27 17 14 19 14 23 26 18 22 25 30 27 19 23 29 30 9 27 23 22 16 23 20 14 27 25 21 9 4 27 16 26 25
19 22 17 20 9 20 27 31 17 19 28 20 23 7 23 23 21 23 21 15 21 23 28 28 35 27 24 2 14 19 29 7 18 15 24 13 24 26 24 21 13 8 14 17 16 27 28 7 19 23 19 24 14 23 31 20 30 21 5 30 28 19 17 31 7 21 26 9 16 16 5 20 11 15 27 11 13 13 30 12 14 9 20 27 21 16 28 17 23 29 8 8 23 29 16 25 14 29 24 31 35 25 25 27 27 30 17 26 15 25 26 5 0 29 26 30 18 29 25 20 17 22 16 28 31 16 20 20 33 31 14 18 34 31 14 24 26 21 19 27 21 13 32 30 21 4 9 32 21 29 20
37 51 34 12 37 48 31 45 18 18 4 25 18 28 25 43 41 6 25 34 48 38 25 3 8 28 7 28 39 13 41 25 12 41 49 39 40 25 43 37 38 32 15 45 44 17 36 36 36 25 11 51 24 22 47 31 27 47 30 19 16 47 22 4 27 8 53 20 36 42 25 35 36 16 56 20 38 29 18 41 16 20 43 19 8 13 17 33 48 47 34 27 15 27 14 7 43 10 53 26 9 51 10 26 42 4 46 13 15 50 8 28 29 0 18 43 47 28 54 45 42 46 42 29 18 45 15 31 9 12 30 33 43 3 28 24 11 10 44 16 8 17 26 16 9 33 28 36 27 11 30
21 42 19 10 35 44 13 27 9 25 14 31 28 29 7 27 26 14 32 21 37 42 7 15 20 10 11 26 27 21 23 26 17 41 36 39 22 7 26 41 27 23 14 43 37 1 18 30 19 7 15 40 28 30 29 13 9 36 30 4 2 40 27 18 19 13 42 19 23 33 21 17 37 12 48 21 27 33 4 36 16 19 30 1 13 13 2 37 35 29 27 28 25 9 13 19 37 9 47 9 18 41 8 8 24 17 40 5 16 40 21 21 26 18 0 25 40 10 48 34 31 34 34 11 5 39 23 36 13 7 34 37 25 19 15 32 7 19 33 2 12 18 9 4 18 30 19 18 9 8 35
11 36 13 31 36 43 12 2 25 44 39 48 47 37 18 14 15 38 49 15 29 53 18 40 45 15 36 32 21 40 2 35 36 43 25 41 6 18 12 51 21 22 31 42 32 26 7 30 11 18 35 31 42 48 5 12 16 28 35 24 27 35 44 43 24 36 33 31 16 27 27 11 40 29 42 35 21 42 25 35 33 31 20 24 36 32 26 46 25 8 25 36 44 16 30 43 35 34 42 17 43 33 33 17 3 42 38 30 33 30 45 25 30 43 25 0 35 15 43 26 24 24 28 14 26 37 41 49 38 32 43 47 4 44 18 50 32 40 26 27 35 35 18 28 39 32 21 9 16 33 48
24 4 23 37 13 9 37 35 32 36 46 36 40 23 34 21 20 41 37 21 7 34 39 46 53 37 42 19 14 36 34 24 36 17 12 17 29 37 23 31 14 17 32 10 3 41 36 11 25 34 37 8 30 39 32 30 40 8 19 43 42 1 33 49 21 39 9 27 19 8 22 27 20 32 9 28 14 28 43 8 32 27 15 40 39 34 42 29 11 28 13 24 40 39 34 43 5 45 8 41 53 8 42 38 32 48 4 41 33 9 43 19 18 47 40 35 0 39 8 9 11 11 7 38 44 3 37 35 49 46 29 32 39 49 25 40 42 39 9 42 39 31 42 44 39 16 21 41 32 45 35
16 40 16 18 38 47 3 17 14 33 24 38 36 33 6 22 21 24 39 18 34 48 3 25 30 2 21 29 25 29 13 30 25 44 32 42 15 3 21 46 25 24 20 46 36 11 8 33 15 6 23 37 34 37 19 9 1 33 33 9 12 39 33 28 22 22 39 24 20 31 24 13 40 18 46 27 25 38 10 39 22 24 26 9 22 21 11 42 31 21 28 32 33 1 19 29 39 19 46 2 28 38 18 2 15 27 42 15 22 36 31 24 29 28 10 15 39 0 47 31 28 30 32 1 11 41 30 42 23 17 39 43 15 29 15 39 17 28 30 12 21 24 3 13 27 33 20 8 8 18 41
32 7 31 45 18 10 45 43 40 42 54 41 46 29 42 29 28 49 42 29 14 38 47 54 61 45 50 27 22 44 42 30 43 21 18 21 37 45 31 35 22 25 40 13 11 49 44 19 33 42 44 12 36 45 40 38 48 15 25 51 50 8 39 57 29 47 11 35 27 16 30 35 24 40 3 35 22 32 51 14 40 35 23 48 47 42 50 33 18 36 21 30 46 47 42 50 11 53 1 49 60 10 49 46 40 55 9 49 40 13 50 27 25 54 48 43 8 47 0 17 19 19 15 46 52 9 43 39 57 54 33 36 47 56 33 44 50 46 17 50 46 38 50 52 46 22 29 49 40 53 39
15 10 15 34 18 18 28 26 29 39 43 40 43 27 27 12 11 40 41 13 3 39 31 44 51 29 39 22 7 38 25 27 35 24 4 23 20 30 14 36 8 13 30 19 7 35 27 14 16 27 35 6 34 43 23 22 32 2 23 36 36 9 37 47 18 37 8 26 11 4 21 18 25 29 16 30 8 32 36 14 31 26 6 34 37 32 36 34 3 19 12 28 42 31 31 42 12 42 16 33 51 7 39 30 23 46 13 37 31 6 44 17 20 45 34 26 9 31 17 0 3 2 4 30 37 12 39 39 46 41 33 36 30 47 19 44 39 39 1 36 37 31 34 38 38 19 17 32 25 41 39
13 12 12 31 17 19 26 24 26 36 40 37 40 24 24 10 9 36 38 10 5 38 28 41 48 26 36 19 4 35 23 24 32 24 7 22 18 27 12 35 5 10 27 20 8 32 25 12 14 24 32 8 31 40 21 19 29 4 20 33 33 11 34 44 15 34 10 23 8 3 18 16 24 26 18 27 5 29 33 14 28 23 5 31 34 29 33 31 6 18 9 25 39 28 28 39 12 39 18 30 48 9 36 27 21 43 14 34 28 8 41 14 17 42 31 24 11 28 19 3 0 5 4 27 34 13 36 36 43 38 30 34 28 44 16 41 36 36 2 33 34 28 31 35 35 16 14 30 22 38 36
14 12 15 35 20 20 27 24 29 41 44 42 45 29 27 10 9 41 43 13 5 41 31 45 52 29 40 24 8 40 23 29 37 26 2 25 18 30 12 38 9 15 32 21 9 35 25 16 15 27 37 7 36 45 21 22 31 4 25 36 36 11 39 48 20 39 9 28 11 6 23 17 27 31 18 32 9 34 36 16 33 28 4 34 39 34 36 36 1 17 14 30 44 31 32 44 14 42 18 32 51 9 39 30 21 47 15 37 33 6 46 19 22 46 34 24 11 30 19 2 5 0 6 29 37 14 41 41 46 41 35 38 28 48 19 46 39 41 3 36 38 33 33 38 40 21 18 30 25 41 41
17 8 16 32 14 15 30 28 27 35 41 36 39 23 27 14 13 36 37 14 5 35 32 41 48 30 37 18 7 34 27 23 31 20 8 19 22 30 16 32 7 12 27 16 4 35 29 10 18 27 32 8 30 39 25 23 33 5 19 36 36 7 33 44 16 34 10 22 12 1 17 20 21 27 14 26 7 28 36 10 27 22 8 34 34 29 36 30 7 21 8 24 38 32 29 38 8 40 14 34 48 9 37 31 25 43 10 36 28 9 40 14 16 42 34 28 7 32 15 4 4 6 0 31 37 9 35 35 44 41 29 32 32 44 19 40 37 35 3 36 34 27 35 38 34 15 16 34 25 40 35
15 39 15 19 37 46 2 16 15 33 25 38 36 33 6 21 20 25 39 17 33 49 4 26 31 1 22 29 24 30 12 30 26 43 31 41 14 4 20 46 24 23 21 45 35 12 7 32 14 6 24 36 35 38 18 8 2 32 33 10 13 38 34 29 21 23 38 24 19 30 24 12 39 19 45 28 24 38 11 38 23 24 25 10 23 22 12 42 30 20 27 32 34 2 20 30 38 20 45 3 29 37 19 3 14 28 41 16 23 35 32 23 28 29 11 14 38 1 46 30 27 29 31 0 12 40 31 43 24 18 39 43 14 30 14 40 18 29 29 13 22 25 4 14 28 32 19 7 7 19 42
24 46 22 13 40 49 14 28 14 28 14 35 30 34 10 30 29 16 35 24 40 47 8 15 19 11 13 31 31 24 24 31 20 46 39 44 25 9 29 46 30 27 19 48 41 4 19 35 22 10 18 43 33 33 30 16 10 39 35 2 3 44 32 17 24 15 45 24 26 36 26 20 42 17 51 26 30 38 1 41 21 24 33 4 15 17 3 42 38 31 31 33 27 10 17 21 42 8 51 9 17 44 10 9 25 16 45 7 20 43 23 26 31 18 5 26 44 11 52 37 34 37 37 12 0 44 26 41 12 6 39 42 26 18 19 35 8 21 36 4 15 23 9 2 20 35 23 19 12 7 40
26 7 25 35 10 6 39 37 31 34 44 33 38 21 35 23 22 39 34 23 10 31 40 44 51 39 40 17 16 34 36 21 34 14 15 14 31 38 25 28 16 17 30 7 5 41 38 9 27 35 35 11 28 37 34 32 42 11 17 43 42 4 31 47 20 37 12 25 21 10 20 29 17 30 11 26 16 25 43 5 30 25 17 40 37 32 41 26 14 30 13 22 37 41 32 41 2 44 8 43 51 11 40 39 34 46 1 40 31 12 41 18 16 45 39 37 3 41 9 12 13 14 9 40 44 0 34 32 48 45 26 29 41 47 26 37 41 37 12 41 37 29 44 43 37 13 21 43 33 44 32
34 41 31 13 25 36 32 43 16 3 17 10 5 15 25 40 38 11 10 31 40 23 29 17 23 30 14 18 33 2 39 13 6 28 43 26 37 27 40 22 32 26 10 33 35 23 35 26 33 25 8 43 10 8 44 29 31 40 18 26 23 38 7 19 21 11 45 13 33 35 18 32 23 12 45 9 32 15 25 30 8 13 39 24 11 10 23 18 42 44 27 14 3 30 11 8 32 21 42 32 24 44 16 28 40 19 34 19 8 44 8 22 20 15 23 41 37 30 43 39 36 41 35 31 26 34 0 16 23 23 15 18 42 18 25 10 18 5 38 22 11 8 32 24 6 21 24 38 25 21 15
39 39 36 28 22 29 44 51 28 13 33 6 13 13 37 43 41 27 6 35 40 7 41 33 39 42 30 18 34 18 48 15 21 18 43 18 43 39 44 7 33 28 22 26 34 37 46 25 38 37 23 43 8 9 50 39 43 40 16 40 38 36 9 35 25 27 44 20 36 35 22 39 15 24 42 16 33 7 40 27 20 20 40 37 27 24 38 6 42 49 28 13 16 42 24 24 30 37 39 44 40 43 32 40 46 35 31 35 21 44 23 25 20 31 36 49 35 42 39 39 36 41 35 43 41 32 16 0 39 39 6 3 53 34 33 8 34 21 38 37 27 18 45 40 22 20 28 50 37 37 1
34 53 32 13 42 53 26 40 17 26 6 33 26 33 20 40 39 12 33 33 49 46 20 6 7 23 9 32 39 21 36 30 18 46 48 44 35 20 39 45 38 33 19 50 46 12 31 39 32 20 16 51 32 30 42 26 22 47 35 14 11 49 30 6 28 12 53 24 35 44 28 30 41 18 58 25 38 37 13 45 20 24 42 14 12 17 12 41 47 42 36 32 23 22 17 15 46 4 56 21 5 52 8 21 37 5 49 9 19 51 17 30 33 9 13 38 49 23 57 46 43 46 44 24 12 48 23 39 0 6 38 41 38 7 27 32 7 18 45 11 12 22 21 10 17 37 29 31 22 5 38
28 50 26 12 40 51 20 34 14 26 8 33 26 33 14 34 33 12 33 28 44 46 14 9 13 17 9 30 35 21 30 30 18 45 43 43 29 14 33 45 34 30 18 48 43 6 25 36 26 14 16 47 32 30 36 20 16 43 34 8 5 46 30 11 25 12 49 23 30 40 26 24 41 16 55 25 34 37 7 42 20 23 37 8 12 16 6 41 42 36 33 32 23 16 16 17 43 2 53 15 11 48 7 15 31 10 46 5 19 47 19 27 31 12 7 32 46 17 54 41 38 41 41 18 6 45 23 39 6 0 38 41 32 12 22 32 5 18 40 5 12 22 15 4 17 35 26 25 16 2 38
33 33 30 26 16 23 40 45 26 12 32 8 15 7 34 37 35 26 9 29 34 9 38 32 38 38 29 12 28 17 42 9 20 13 37 12 37 36 38 7 27 22 20 20 28 35 40 19 32 34 22 37 6 12 44 33 40 34 10 38 36 30 8 34 19 26 38 16 30 29 16 33 9 22 36 13 27 1 38 21 18 16 34 35 26 22 36 3 36 43 22 7 16 39 22 23 24 36 33 41 39 37 31 37 40 34 25 33 19 38 23 19 14 30 34 43 29 39 33 33 30 35 29 39 39 26 15 6 38 38 0 4 47 33 27 12 33 20 32 35 26 16 42 38 21 14 22 45 33 36 6
37 36 34 29 19 26 44 49 29 15 35 8 15 11 38 41 39 29 9 33 37 5 42 35 41 42 32 16 32 20 46 13 23 15 40 15 41 40 42 4 31 26 23 23 31 38 44 23 36 38 25 40 9 12 48 37 44 37 14 41 39 33 11 37 23 29 41 20 34 33 20 37 12 25 39 17 31 5 41 24 21 20 38 38 29 25 39 3 39 47 26 11 18 43 25 26 27 39 36 45 42 40 34 41 44 37 28 36 22 41 25 23 18 33 37 47 32 43 36 36 34 38 32 43 42 29 18 3 41 41 4 0 51 36 31 11 36 23 35 38 29 19 46 41 24 18 26 49 37 39 4
15 40 17 31 40 47 12 4 26 45 39 50 48 41 18 18 19 38 51 19 33 57 18 40 45 15 36 36 25 41 5 38 37 47 29 45 10 18 16 54 25 26 32 46 36 26 7 34 15 18 36 35 45 49 7 14 16 32 39 24 27 39 45 43 28 36 37 33 20 31 31 14 44 30 46 37 25 46 25 39 34 33 24 24 36 33 26 50 29 11 29 40 45 16 31 43 39 34 46 17 43 37 33 17 7 42 42 30 34 34 45 29 34 43 25 4 39 15 47 30 28 28 32 14 26 41 42 53 38 32 47 51 0 44 20 51 32 41 30 27 35 36 17 28 40 36 25 7 17 33 52
38 53 35 13 40 51 32 46 19 21 5 28 21 31 26 44 42 9 28 35 50 41 26 4 5 29 8 31 40 16 42 28 15 44 50 42 41 26 44 40 39 34 17 48 46 18 37 38 37 26 14 52 27 25 48 32 28 48 33 20 17 49 25 1 29 10 54 22 37 44 27 36 39 18 58 23 39 32 19 43 18 22 44 20 10 15 18 36 49 48 36 30 18 28 17 10 45 10 55 27 6 53 11 27 43 2 48 14 18 52 11 30 31 3 19 44 49 29 56 47 44 48 44 30 18 47 18 34 7 12 33 36 44 0 29 27 12 13 46 17 11 20 27 16 12 35 30 37 28 11 33
9 27 6 16 23 32 13 19 10 26 25 29 30 21 9 15 13 23 30 6 22 36 14 26 33 13 21 16 12 24 16 18 21 29 21 27 12 12 15 34 12 9 15 31 22 16 13 18 8 9 20 25 25 30 19 6 16 21 19 18 17 25 25 29 8 21 27 13 8 18 11 7 25 13 33 17 12 26 18 24 17 13 15 15 21 17 17 30 20 19 13 20 28 15 15 28 24 23 32 17 32 26 20 13 15 28 27 18 17 25 30 9 14 28 15 18 25 15 33 19 16 19 19 14 19 26 25 33 27 22 27 31 20 29 0 32 20 25 18 17 20 18 18 19 24 18 5 18 7 22 32
40 44 37 22 27 35 41 52 25 7 26 4 6 17 34 45 43 20 3 37 45 15 38 26 32 39 23 22 38 12 48 17 15 25 48 24 44 36 46 15 37 31 19 32 39 32 44 30 39 34 17 48 10 2 51 38 40 45 21 35 32 41 7 28 26 20 49 19 38 40 23 39 20 21 47 15 37 12 34 32 17 19 44 33 20 19 32 13 47 50 32 16 9 39 20 17 35 30 44 41 33 48 25 37 47 28 36 28 17 49 16 27 24 24 32 50 40 39 44 44 41 46 40 40 35 37 10 8 32 32 12 11 51 27 32 0 27 14 43 31 21 15 41 33 15 25 29 47 34 30 7
27 46 25 7 35 46 20 34 10 21 7 28 22 28 14 33 32 8 28 26 41 41 14 8 13 17 5 25 32 16 30 25 13 40 41 38 29 14 33 40 31 26 13 43 39 6 25 32 26 14 11 44 27 25 36 20 16 40 29 8 5 42 25 11 21 7 46 18 28 37 21 24 36 11 51 20 31 32 7 38 15 18 35 8 7 11 6 36 40 36 29 27 19 16 11 13 39 3 49 15 12 45 2 15 31 10 42 2 14 44 15 23 26 11 7 32 42 17 50 39 36 39 37 18 8 41 18 34 7 5 33 36 32 12 20 27 0 13 38 5 7 17 15 6 12 30 22 25 16 3 33
34 43 31 10 28 39 30 42 15 8 12 15 8 18 23 40 38 6 15 31 40 28 26 12 18 28 9 20 33 3 38 16 4 31 43 29 37 25 40 27 32 26 10 36 37 19 34 28 33 23 5 43 14 12 44 28 28 40 21 22 19 40 12 14 21 6 45 13 33 35 18 32 26 12 48 11 32 19 20 33 8 13 39 20 6 8 19 23 42 44 27 17 5 28 10 4 35 16 45 28 19 44 11 26 39 14 37 14 8 44 5 22 21 10 19 40 39 28 46 39 36 41 35 29 21 37 5 21 18 18 20 23 41 13 25 14 13 0 38 17 7 8 27 19 1 24 24 36 24 16 20
15 10 14 33 17 18 28 26 28 38 42 39 42 26 26 12 11 38 40 12 3 38 30 43 50 28 38 21 6 37 25 26 34 23 5 22 20 29 14 35 7 12 29 19 7 34 27 13 16 26 34 6 33 42 23 21 31 2 22 35 35 9 36 46 17 36 8 25 10 3 20 18 24 28 16 29 7 31 35 13 30 25 6 33 36 31 35 33 4 19 11 27 41 30 30 41 11 41 16 32 50 7 38 29 23 45 13 36 30 6 43 16 19 44 33 26 9 30 17 1 2 3 3 29 36 12 38 38 45 40 32 35 30 46 18 43 38 38 0 35 36 30 33 37 37 18 16 32 24 40 38
23 44 21 9 36 46 15 29 10 24 12 31 26 30 9 29 28 12 31 23 39 43 9 13 18 12 9 27 29 20 25 27 16 42 38 40 24 9 28 42 29 25 15 44 39 1 20 32 21 9 14 42 29 29 31 15 11 38 31 3 1 42 28 16 21 11 44 20 25 35 22 19 38 13 50 22 29 34 3 38 17 20 32 3 11 13 1 38 37 31 29 29 23 11 13 17 39 7 49 10 16 43 6 10 26 15 42 3 16 42 19 23 27 16 2 27 42 12 50 36 33 36 36 13 4 41 22 37 11 5 35 38 27 17 17 31 5 17 35 0 11 19 10 3 16 31 21 20 11 6 36
29 43 26 4 30 41 24 37 10 14 7 21 15 21 17 35 33 3 21 26 40 34 19 7 14 21 3 20 30 9 33 18 6 34 40 32 32 18 35 33 29 24 7 38 36 12 28 28 28 17 4 42 20 19 39 23 21 38 23 15 12 39 18 10 19 1 44 12 28 34 17 27 29 8 48 13 29 25 14 33 8 12 35 13 1 5 12 29 39 39 26 20 12 21 6 8 35 10 45 21 14 43 5 19 34 9 38 8 7 42 10 20 21 8 12 35 39 21 46 37 34 38 34 22 15 37 11 27 12 12 26 29 35 11 20 21 7 7 36 11 0 10 21 13 6 25 20 29 19 10 26
26 35 23 10 20 31 26 37 10 8 16 14 12 11 19 32 30 11 14 23 32 24 23 17 24 24 13 12 25 7 33 8 5 24 35 22 30 21 32 23 24 18 4 28 29 19 29 20 25 19 6 35 10 13 37 23 25 32 13 22 20 32 10 20 13 10 37 5 25 27 10 25 19 6 40 3 24 15 22 25 2 5 31 19 10 6 20 19 34 36 19 10 11 24 6 12 27 20 37 26 24 36 15 22 33 19 29 17 3 36 13 14 13 17 18 35 31 24 38 31 28 33 27 25 23 29 8 18 22 22 16 19 36 20 18 15 17 8 30 19 10 0 27 22 8 16 16 32 19 20 17
19 43 19 19 41 50 6 20 17 34 22 40 37 36 9 25 24 23 41 21 37 51 4 23 28 5 20 32 28 30 16 33 26 47 35 45 18 6 24 49 28 27 23 49 39 10 11 36 18 9 24 40 37 39 22 12 2 36 36 7 10 42 36 26 25 22 42 26 23 34 27 16 43 21 49 30 28 41 8 42 25 26 29 8 22 22 9 45 34 24 31 35 34 3 22 28 42 17 49 1 26 41 17 5 18 25 45 13 25 39 29 27 32 26 9 18 42 3 50 34 31 33 35 4 9 44 32 45 21 15 42 46 17 27 18 41 15 27 33 10 21 27 0 11 26 36 23 10 11 16 44
25 47 23 12 39 49 16 30 13 27 12 34 28 33 11 31 30 14 34 25 41 46 10 13 17 13 11 30 31 22 26 30 19 45 40 43 26 10 30 45 31 27 18 47 41 3 21 35 23 11 17 44 32 31 32 17 12 40 34 4 2 44 31 15 23 13 46 23 27 37 25 21 41 16 52 25 31 37 3 40 20 23 34 4 13 16 2 41 39 33 31 32 25 12 16 19 41 6 51 11 15 45 8 11 27 14 44 5 19 44 21 25 30 16 4 28 44 13 52 38 35 38 38 14 2 43 24 40 10 4 38 41 28 16 19 33 6 19 37 3 13 22 11 0 18 34 23 21 13 5 39
33 43 30 9 28 39 29 41 14 9 11 16 9 19 22 39 37 5 16 30 40 29 25 11 17 27 8 20 32 4 37 16 3 32 42 30 36 24 39 28 31 25 9 36 37 18 33 28 32 22 4 43 15 13 43 27 27 40 21 21 17 40 13 13 20 5 45 12 32 35 17 31 27 11 48 11 31 20 19 33 7 12 38 19 5 7 18 24 41 43 26 18 6 27 9 4 35 15 45 27 18 43 10 25 38 13 37 13 7 43 6 21 21 9 18 39 39 27 46 38 35 40 34 28 20 37 6 22 17 17 21 24 40 12 24 15 12 1 37 16 6 8 26 18 0 24 23 35 23 15 21
21 20 19 24 5 16 31 33 21 20 32 21 24 8 27 23 21 27 22 17 20 22 32 32 39 31 28 5 14 21 31 8 21 11 23 9 26 30 24 19 13 10 18 13 14 31 31 5 21 27 22 23 15 24 33 24 34 20 4 34 32 17 18 35 11 25 24 13 18 15 9 23 8 19 24 13 13 13 34 9 18 13 20 31 25 20 32 15 22 30 8 9 24 33 20 28 11 33 21 35 39 23 29 31 29 34 14 30 19 24 28 9 4 33 30 32 16 33 22 19 16 21 15 32 35 13 21 20 37 35 14 18 36 35 18 25 30 24 18 31 25 16 36 34 24 0 13 36 25 33 20
11 24 8 17 18 27 18 22 12 24 26 26 28 16 14 16 14 22 27 7 19 32 19 27 34 18 22 11 10 23 20 13 20 24 20 22 15 17 16 29 9 4 14 26 18 20 18 13 10 14 19 22 20 28 22 11 21 18 14 22 21 21 22 30 3 21 24 11 9 15 6 11 20 13 30 15 9 21 22 19 16 11 15 19 21 16 21 25 19 21 8 15 27 20 14 27 19 25 28 22 34 23 22 18 18 29 22 21 16 22 29 4 9 28 19 21 21 20 29 17 14 18 16 19 23 21 24 28 29 26 22 26 25 30 5 29 22 24 16 21 20 16 23 23 23 13 0 23 12 25 27
17 42 18 26 40 49 6 10 22 40 32 45 43 39 13 20 21 32 46 20 35 54 11 33 38 8 29 34 27 37 8 36 33 47 31 45 12 11 18 52 27 26 28 48 38 19 5 35 16 13 31 37 42 45 13 12 9 34 37 17 20 41 41 36 26 30 39 30 22 33 29 14 43 26 48 34 27 44 18 41 30 30 26 17 30 29 19 48 31 16 30 38 41 9 27 37 41 27 48 10 36 39 26 10 10 35 44 23 30 36 39 27 32 36 18 9 41 8 49 32 30 30 34 7 19 43 38 50 31 25 45 49 7 37 18 47 25 36 32 20 29 32 10 21 35 36 23 0 13 26 49
11 33 10 15 30 39 7 18 9 27 23 32 30 26 2 17 16 22 33 12 28 42 7 24 29 6 20 22 19 24 14 24 20 36 27 34 13 5 16 40 18 16 15 38 29 10 10 25 10 2 19 31 29 32 20 4 9 27 26 11 11 32 28 27 14 20 33 17 14 24 17 8 32 13 39 21 18 32 11 31 17 17 21 9 20 16 11 36 26 20 20 26 28 8 14 27 31 18 39 10 27 32 17 6 15 26 34 14 17 31 29 16 21 27 9 16 32 8 40 25 22 25 25 7 12 33 25 37 22 16 33 37 17 28 7 34 16 24 24 11 19 19 11 13 23 25 12 13 0 17 36
29 49 27 10 38 49 21 35 13 24 7 31 24 31 15 35 34 10 31 28 44 44 15 8 12 18 7 28 34 19 31 28 16 43 43 41 30 15 34 43 34 29 16 46 42 7 26 35 27 15 14 47 30 28 37 21 17 43 32 9 6 45 28 10 24 10 49 21 30 40 24 25 39 14 54 23 34 35 8 41 18 21 37 9 10 14 7 39 42 37 32 30 21 17 14 15 42 1 52 16 10 48 5 16 32 9 45 4 17 47 17 26 29 11 8 33 45 18 53 41 38 41 40 19 7 44 21 37 5 2 36 39 33 11 22 30 3 16 40 6 10 20 16 5 15 33 25 26 17 0 36
38 39 35 27 22 29 43 50 27 12 32 5 12 13 36 43 41 26 5 34 40 8 40 32 38 41 29 18 34 17 47 14 20 18 43 18 42 38 43 8 33 28 21 26 34 36 45 25 37 36 22 43 7 8 49 38 42 40 16 39 37 36 8 34 24 26 44 19 36 35 21 38 15 23 42 15 33 7 39 27 19 19 40 36 26 23 37 6 42 48 28 12 15 41 23 23 30 36 39 43 39 43 31 39 45 34 31 34 20 44 22 25 20 30 35 48 35 41 39 39 36 41 35 42 40 32 15 1 38 38 6 4 52 33 32 7 33 20 38 36 26 17 44 39 21 20 27 49 36 36 0
0         1038     
246       374      
0         58       
102       219      
554       670      
733       854      
0         85       
441       569      
346       466      
659       779      
101       211      
172       289      
141       268      
596       720      
0         100      
430       558      
282       405      
610       748      
149       282      
0         65       
255       379      
854       964      
0         106      
65        182      
81        198      
0         82       
621       745      
203       320      
391       505      
139       251      
303       429      
214       322      
118       251      
550       669      
428       537      
570       698      
435       566      
0         113      
296       412      
701       833      
495       619      
385       503      
128       232      
539       662      
232       359      
8         134      
463       573      
218       344      
0         56       
10        113      
627       749      
263       371      
197       311      
144       279      
784       909      
0         90       
317       447      
262       396      
220       334      
28        139      
40        155      
245       366      
177       283      
73        178      
372       492      
622       741      
252       371      
358       462      
488       606      
421       539      
371       490      
0         68       
549       678      
617       719      
755       880      
359       472      
377       512      
718       825      
30        140      
238       346      
124       234      
363       472      
279       393      
11        128      
681       793      
114       234      
10        125      
194       297      
275       400      
298       405      
382       493      
201       318      
154       263      
0         103      
121       224      
639       771      
246       347      
88        204      
882       1007     
0         105      
54        188      
253       380      
111       231      
0         126      
297       422      
83        189      
232       348      
34        142      
125       235      
522       635      
135       270      
492       621      
561       676      
73        187      
21        140      
293       424      
402       527      
0         102      
749       875      
268       381      
382       505      
271       386      
399       508      
0         97       
28        139      
525       659      
631       752      
177       307      
51        171      
47        165      
185       312      
183       297      
316       430      
56        189      
465       596      
162       285      
38        158      
134       258      
401       504      
10        138      
618       733      
595       726      
0         92       
20        140      
135       243      
227       345      
376       483      
321       437      
0         113      
45        166      
848       968      
