151
0 19 24 29 11 29 11 19 32 33 19 33 43 9 21 7 32 14 36 30 26 40 15 33 27 29 30 9 12 23 32 28 18 13 35 8 34 21 6 35 25 35 20 8 34 26 31 16 35 42 27 11 35 11 19 29 34 18 31 33 34 12 15 10 24 16 10 24 19 13 8 10 28 28 10 9 14 14 6 22 9 33 6 36 30 12 5 8 6 17 18 36 18 19 7 33 24 23 36 14 33 26 30 6 40 14 29 35 28 45 29 20 30 29 28 14 36 31 35 19 11 28 29 30 8 11 28 41 35 16 20 16 28 36 33 29 30 28 5 24 8 7 5 11 24 33 29 34 28 18 16
19 0 10 24 27 29 30 15 17 28 21 14 24 15 19 23 17 30 17 20 25 21 34 17 8 14 15 9 24 26 22 13 1 31 16 23 20 3 24 30 28 21 17 10 17 8 29 35 16 24 9 28 18 26 24 14 28 9 26 19 19 31 16 28 10 27 25 18 8 8 19 26 12 13 28 27 8 5 19 13 27 15 23 19 15 27 24 21 14 25 27 30 24 7 20 19 22 4 19 31 18 13 12 24 22 4 24 32 17 26 11 5 17 11 14 25 21 18 22 13 30 10 11 16 25 26 25 23 18 6 7 9 20 31 19 11 16 10 22 17 26 21 22 8 19 19 17 25 15 15 13
24 10 0 34 34 20 35 25 24 38 31 15 24 16 29 25 25 37 18 10 18 16 39 9 8 5 25 15 23 20 12 22 11 37 17 26 29 12 30 40 38 11 11 16 22 13 20 40 17 26 15 32 12 29 34 5 38 19 17 9 29 36 26 34 20 37 28 28 18 18 20 29 20 22 32 33 10 13 27 5 31 17 29 13 24 28 29 22 18 35 37 40 19 5 21 9 15 10 24 37 27 23 17 29 26 12 15 23 7 27 16 5 27 16 24 35 29 8 12 8 35 16 17 6 31 34 17 25 13 16 17 8 30 41 9 16 6 16 26 9 32 23 26 17 29 9 7 35 25 25 23
29 24 34 0 28 53 37 10 19 4 11 32 38 31 8 36 18 30 33 44 48 42 39 39 30 37 14 26 40 47 46 16 24 32 34 37 12 24 30 6 10 43 39 26 24 26 52 38 34 34 25 40 39 40 13 37 5 15 50 42 13 37 14 31 15 20 39 6 16 19 35 39 19 16 39 32 29 24 24 37 38 31 29 40 16 41 34 36 29 16 17 7 43 31 35 42 44 25 25 33 15 12 25 35 30 24 47 55 41 39 25 29 11 27 14 21 16 42 45 35 36 24 24 38 31 25 48 36 39 18 18 30 5 7 41 26 39 24 34 40 32 35 34 22 5 41 41 5 10 11 13
11 27 34 28 0 40 9 20 37 31 17 41 51 20 20 15 36 3 44 41 37 48 11 43 35 39 33 19 21 34 43 32 26 4 43 16 35 29 5 33 20 45 31 18 40 34 42 10 43 50 35 14 45 17 15 39 33 22 42 43 35 9 16 3 28 8 16 23 23 20 19 15 33 32 12 4 24 23 8 33 12 41 5 46 33 18 9 18 17 12 12 35 28 29 17 43 35 31 42 5 36 28 37 10 47 24 40 46 39 53 36 30 31 37 30 7 38 42 46 30 8 35 36 40 4 3 39 49 45 23 26 26 27 34 43 37 40 35 12 35 5 16 12 19 23 43 40 33 29 19 18
29 29 20 53 40 0 38 41 44 56 45 35 43 21 45 26 45 43 38 12 3 33 42 27 28 23 44 25 20 7 11 42 29 42 37 26 49 30 35 58 52 23 12 26 42 33 2 43 37 46 35 32 30 27 46 23 57 36 5 20 48 39 39 39 39 45 27 46 37 32 21 29 39 41 33 38 22 27 34 16 32 37 35 31 43 25 32 22 24 45 46 58 12 22 23 23 6 30 44 43 46 42 37 32 46 26 6 6 15 46 36 24 46 36 42 42 48 19 19 15 38 36 37 23 37 40 3 45 31 32 35 20 47 58 24 36 21 36 29 11 37 25 29 29 46 25 16 53 44 40 37
11 30 35 37 9 38 0 27 43 40 26 44 54 19 29 12 43 8 47 39 35 51 4 44 38 40 39 20 18 31 41 38 29 6 46 12 42 32 7 42 29 46 29 19 45 37 40 5 46 53 38 6 46 11 24 40 42 28 40 44 43 1 23 6 34 17 11 32 29 24 17 9 39 38 5 5 25 25 13 32 6 44 8 47 40 13 6 16 16 21 21 44 26 30 15 44 33 34 47 6 42 35 41 6 51 25 38 44 38 56 40 31 38 40 37 16 45 41 45 29 1 39 40 41 6 12 37 52 46 27 31 26 36 43 44 40 40 39 9 33 5 13 9 22 32 44 39 42 36 26 24
19 15 25 10 20 41 27 0 17 14 6 26 34 21 4 26 16 22 27 35 38 36 30 32 23 29 13 15 29 36 37 13 14 24 28 27 15 16 20 16 13 36 28 16 21 20 41 30 28 31 19 30 33 30 9 29 15 6 39 34 15 27 4 22 10 15 29 5 7 8 24 29 15 13 29 22 18 13 14 26 28 25 19 34 14 31 24 26 19 11 13 17 32 21 24 34 33 18 23 25 16 9 20 25 28 14 37 45 31 36 19 20 11 21 11 14 18 33 37 25 26 18 19 31 21 17 37 33 33 9 10 20 9 17 34 20 31 18 24 30 22 25 24 11 5 34 32 15 9 1 3
32 17 24 19 37 44 43 17 0 22 23 14 19 32 19 39 1 39 14 34 41 23 47 23 16 23 5 26 41 42 36 5 17 41 15 40 8 14 36 23 27 28 33 27 5 11 44 47 15 15 9 43 22 43 26 23 20 14 40 28 7 43 21 38 8 32 42 16 13 19 36 42 5 5 42 38 25 21 29 28 41 13 34 22 3 44 37 38 31 28 30 21 41 22 37 27 38 14 6 42 4 8 7 38 11 21 39 46 30 20 8 20 8 9 5 31 5 28 31 29 41 8 7 25 36 34 41 17 22 16 12 26 14 23 26 8 25 8 37 32 37 38 37 22 16 25 30 17 9 17 18
33 28 38 4 31 56 40 14 22 0 14 35 41 35 12 40 21 33 36 48 52 45 42 42 34 41 17 29 43 50 50 19 27 35 37 41 14 27 33 2 11 47 42 30 27 29 55 41 37 37 28 43 42 44 16 40 2 19 53 45 15 40 18 34 18 23 43 10 20 22 38 42 22 19 42 35 32 27 27 40 41 34 32 43 19 45 37 40 33 19 19 4 46 34 38 45 47 28 28 36 18 15 28 38 33 28 51 59 45 42 28 33 14 30 17 24 18 45 48 39 39 27 27 41 34 28 51 39 42 22 21 34 8 3 44 29 42 27 37 44 35 39 37 25 9 44 45 5 13 15 17
19 21 31 11 17 45 26 6 23 14 0 32 40 24 3 26 22 19 33 40 42 42 28 38 29 35 18 19 31 40 42 18 20 21 34 27 18 22 19 16 7 42 32 19 26 26 45 27 34 36 25 29 39 30 3 35 16 12 43 40 19 26 5 20 16 10 29 6 13 13 26 28 21 18 28 21 22 18 13 31 27 31 18 40 19 31 23 27 21 6 7 18 35 26 26 40 37 24 28 22 20 14 26 24 33 19 41 49 36 41 25 26 15 27 16 10 22 39 43 29 25 24 25 37 20 14 41 38 39 15 16 24 10 17 40 26 37 24 23 34 21 26 23 15 6 40 37 16 13 6 8
33 14 15 32 41 35 44 26 14 35 32 0 9 28 30 37 15 44 3 23 33 10 48 10 7 12 18 23 36 35 24 16 15 45 2 37 22 11 38 36 39 14 26 24 10 6 34 49 2 11 7 42 8 40 35 12 33 20 30 17 21 45 27 42 17 39 39 28 19 21 32 40 13 16 42 41 20 19 33 20 41 2 37 8 16 40 38 34 28 36 38 34 34 15 33 14 30 10 11 45 18 20 7 38 11 18 29 35 20 12 7 13 21 5 18 38 19 16 18 22 44 8 8 13 39 39 32 10 8 18 16 19 27 36 13 6 14 8 36 24 40 35 36 22 29 12 19 30 22 26 24
43 24 24 38 51 43 54 34 19 41 40 9 0 37 37 46 20 53 7 31 41 10 57 16 16 20 24 32 45 43 32 22 24 54 7 46 27 20 47 42 45 20 35 33 14 15 42 58 7 4 15 51 13 49 43 20 39 29 38 23 26 54 36 51 24 48 48 34 27 30 41 49 19 22 51 50 29 28 42 29 50 9 46 12 22 49 47 43 37 45 46 40 43 24 42 20 38 19 13 54 23 26 14 47 8 27 37 43 28 3 14 22 27 13 24 47 23 24 24 31 53 15 15 20 48 48 40 2 12 27 24 28 33 42 19 13 22 15 45 32 49 44 45 31 35 18 27 36 28 34 32
9 15 16 31 20 21 19 21 32 35 24 28 37 0 25 8 32 23 31 21 18 32 23 25 21 21 30 6 9 16 23 28 15 22 30 9 34 18 15 37 31 27 11 5 32 23 23 24 30 39 24 15 28 12 25 21 36 18 22 24 34 20 19 19 24 23 11 26 19 13 4 12 27 28 15 18 8 11 13 13 14 30 15 29 30 12 13 6 3 24 25 38 12 13 5 25 15 19 34 23 33 26 27 13 37 11 20 27 19 40 26 14 30 26 28 21 36 22 26 10 19 25 26 22 17 20 19 38 29 16 20 8 30 38 25 26 22 25 10 15 17 7 10 10 26 25 20 36 28 20 18
21 19 29 8 20 45 29 4 19 12 3 30 37 25 0 28 18 22 31 39 42 40 31 36 27 33 14 19 32 40 41 15 18 24 32 29 15 20 22 14 9 40 32 20 23 24 45 30 32 33 23 32 37 32 6 33 13 10 43 38 15 29 6 23 13 13 31 3 11 12 27 31 18 15 31 24 22 17 16 30 30 29 21 38 15 33 26 29 22 9 10 15 36 25 27 38 37 22 24 25 17 11 23 27 29 18 41 49 35 38 23 24 12 25 13 13 18 37 41 29 28 22 22 35 23 17 41 35 37 13 14 24 7 15 38 24 35 22 26 34 24 28 26 15 3 38 36 13 10 5 7
7 23 25 36 15 26 12 26 39 40 26 37 46 8 28 0 39 17 39 27 23 40 16 33 29 29 37 13 6 19 29 35 22 16 38 1 41 25 10 42 32 35 17 12 39 30 28 17 38 46 31 7 36 4 26 29 41 25 28 32 41 13 22 13 31 22 3 31 26 20 5 4 34 35 7 12 16 18 13 21 6 37 10 37 37 5 6 4 8 24 25 43 14 21 3 33 21 27 41 17 40 33 34 6 44 18 26 32 26 48 33 22 37 33 35 20 43 30 34 18 12 32 33 30 11 16 25 45 37 23 27 16 35 43 33 33 30 32 3 21 11 1 3 17 31 33 27 41 35 25 23
32 17 25 18 36 45 43 16 1 21 22 15 20 32 18 39 0 38 15 35 42 24 46 24 17 24 4 26 41 43 37 4 17 40 16 40 7 14 35 22 26 29 33 27 6 12 45 46 16 16 10 43 23 43 24 24 19 14 41 29 6 43 20 38 8 31 42 15 13 19 36 42 5 4 42 38 25 21 29 29 41 13 34 23 2 44 37 38 31 27 28 20 41 22 37 28 38 15 7 41 3 7 8 38 12 21 39 47 31 21 9 21 7 10 4 30 5 29 32 29 41 9 8 26 36 33 41 18 23 16 12 26 13 22 27 9 26 9 37 32 37 38 37 22 15 26 31 16 8 16 17
14 30 37 30 3 43 8 22 39 33 19 44 53 23 22 17 38 0 47 44 40 51 9 46 38 42 35 22 23 36 46 35 29 2 46 17 37 32 8 35 22 48 34 21 43 37 45 8 46 53 38 14 48 18 17 42 35 25 45 46 37 7 18 4 31 10 18 25 26 23 22 16 36 35 12 5 27 26 11 36 13 44 8 49 36 20 11 21 20 14 14 37 31 32 20 46 38 34 45 3 38 31 40 11 50 27 43 49 42 56 39 33 33 40 33 9 40 45 49 33 7 38 39 43 6 5 42 52 48 26 29 29 29 36 46 40 43 38 14 38 6 18 14 22 25 46 43 35 31 21 21
36 17 18 33 44 38 47 27 14 36 33 3 7 31 31 39 15 47 0 26 36 9 51 11 10 15 19 26 39 38 27 17 17 47 1 40 22 14 41 37 40 16 29 27 9 9 37 52 1 8 8 45 9 43 36 15 34 22 33 18 21 48 29 44 18 41 42 29 21 24 35 43 14 17 45 44 23 21 35 23 44 2 40 9 17 43 41 37 31 38 40 35 37 18 36 15 33 13 10 48 18 21 8 41 8 21 32 38 23 10 8 16 22 6 19 40 18 19 20 25 47 9 9 15 42 42 35 7 8 20 17 22 28 37 14 7 17 9 39 27 43 38 39 24 30 13 22 31 23 27 25
30 20 10 44 41 12 39 35 34 48 40 23 31 21 39 27 35 44 26 0 10 21 43 15 17 11 35 22 23 14 2 32 21 43 25 28 39 22 36 50 47 11 10 23 31 22 11 44 25 34 24 34 18 30 42 11 48 29 7 8 39 40 34 40 30 44 30 38 28 26 22 31 30 32 34 39 17 21 34 8 33 25 36 19 34 28 33 23 24 42 44 50 17 14 24 11 9 20 33 44 37 33 26 33 34 20 6 13 3 34 25 15 37 25 34 42 39 7 8 11 39 25 26 11 38 41 9 33 19 26 27 15 40 51 12 25 9 25 30 6 38 26 30 24 39 13 4 45 35 34 31
26 25 18 48 37 3 35 38 41 52 42 33 41 18 42 23 42 40 36 10 0 31 39 25 26 21 40 22 17 4 10 38 26 39 35 23 45 27 32 54 49 21 8 22 40 30 5 40 35 44 32 29 28 24 43 21 53 32 5 18 44 36 36 36 35 41 24 42 33 28 18 26 36 38 30 35 18 23 31 13 29 35 32 29 40 22 29 19 21 42 43 54 9 19 20 21 3 27 42 40 43 38 35 29 44 22 5 9 13 44 34 21 42 34 39 39 45 17 18 12 35 33 34 21 34 37 2 43 29 28 31 16 43 54 22 34 19 33 26 9 34 22 26 25 42 23 14 49 40 36 33
40 21 16 42 48 33 51 36 23 45 42 10 10 32 40 40 24 51 9 21 31 0 55 6 13 11 28 30 39 34 22 26 22 52 8 41 31 20 45 46 49 10 26 31 18 16 32 56 8 14 17 47 3 44 45 11 43 30 28 13 30 52 37 49 27 48 43 38 29 29 36 44 23 26 47 48 25 25 40 20 46 11 44 2 26 44 45 38 34 46 48 44 34 19 37 10 28 18 19 52 27 30 17 45 17 24 27 33 18 13 17 18 31 15 28 46 27 14 14 23 50 18 18 10 46 47 30 12 3 27 26 24 37 46 9 16 12 18 42 23 47 39 42 29 39 8 17 40 32 36 34
15 34 39 39 11 42 4 30 47 42 28 48 57 23 31 16 46 9 51 43 39 55 0 48 42 44 43 24 22 35 45 42 33 7 50 16 45 36 10 44 31 50 33 23 49 41 44 1 50 57 42 10 50 15 26 44 44 31 44 47 45 3 26 8 37 19 15 34 32 27 21 13 42 41 9 8 29 29 16 36 10 48 11 51 43 17 10 20 20 23 23 46 30 34 19 48 37 38 51 6 46 38 45 10 55 29 42 48 42 60 44 35 41 44 40 18 48 45 49 33 4 43 44 45 9 14 41 56 50 30 34 30 38 45 48 44 44 42 13 37 8 17 13 26 34 48 43 44 39 29 27
33 17 9 39 43 27 44 32 23 42 38 10 16 25 36 33 24 46 11 15 25 6 48 0 9 5 26 23 32 27 16 23 18 45 10 34 30 16 38 43 45 4 20 24 20 13 26 49 10 19 14 40 3 37 41 5 41 26 22 7 30 45 33 42 24 44 36 34 25 25 29 37 20 23 40 41 18 20 35 14 39 12 37 4 24 37 38 31 27 42 44 42 28 13 30 4 22 14 21 45 27 27 16 38 19 19 21 27 12 19 15 13 28 14 25 42 28 8 8 17 44 15 16 4 39 42 24 18 4 23 22 17 34 43 3 15 6 15 35 17 40 32 35 24 35 2 11 37 29 32 30
27 8 8 30 35 28 38 23 16 34 29 7 16 21 27 29 17 38 10 17 26 13 42 9 0 7 18 17 28 28 19 16 9 39 9 30 23 7 32 35 36 13 19 18 14 5 28 43 9 18 7 36 10 33 32 7 33 17 24 12 22 39 24 36 15 35 32 25 16 16 24 33 13 16 36 35 13 13 27 13 35 9 31 11 17 32 32 26 22 33 35 35 27 8 26 12 23 5 16 39 20 18 9 32 18 12 23 30 14 19 8 6 21 8 18 33 21 12 15 15 38 8 9 9 33 34 25 17 10 14 13 12 25 36 11 8 9 8 30 17 34 28 30 16 26 11 14 30 20 23 21
29 14 5 37 39 23 40 29 23 41 35 12 20 21 33 29 24 42 15 11 21 11 44 5 7 0 25 19 27 23 12 23 15 41 14 30 30 13 34 42 42 7 15 20 21 12 22 45 14 23 14 36 8 33 38 0 40 23 18 5 29 41 30 38 22 41 32 31 22 22 25 33 20 23 36 37 14 17 31 9 35 14 33 9 24 32 34 27 23 39 41 42 23 9 26 5 18 12 23 41 27 25 16 34 23 16 17 23 8 23 15 9 28 15 25 39 28 4 8 12 40 15 16 2 35 38 20 22 8 20 19 13 32 43 5 15 2 15 31 12 36 28 31 21 32 5 7 37 27 29 27
30 15 25 14 33 44 39 13 5 17 18 18 24 30 14 37 4 35 19 35 40 28 43 26 18 25 0 24 39 41 37 2 15 37 20 38 5 13 32 18 22 30 32 25 10 13 44 43 20 20 11 41 25 41 20 25 15 12 41 30 4 40 17 35 6 27 40 11 11 17 34 40 5 2 40 35 23 19 26 28 39 17 31 26 2 42 35 36 29 23 24 16 39 21 35 29 37 14 11 38 3 4 11 36 16 19 38 46 31 25 11 20 3 13 2 27 6 29 33 28 38 10 10 27 33 30 40 22 25 14 10 24 9 18 29 12 27 10 35 31 34 36 35 20 12 28 31 12 4 14 14
9 9 15 26 19 25 20 15 26 29 19 23 32 6 19 13 26 22 26 22 22 30 24 23 17 19 24 0 15 21 24 22 9 22 25 14 28 12 15 31 26 26 13 1 26 17 26 25 25 33 18 19 26 17 21 19 30 12 24 24 28 21 14 19 18 22 16 20 13 7 10 17 21 22 19 18 5 5 12 14 18 24 14 27 24 18 14 12 5 21 23 32 17 10 11 24 18 13 28 22 27 20 21 15 31 5 22 30 20 35 20 11 24 20 22 20 30 23 27 11 20 19 20 21 16 19 22 32 26 10 14 7 24 32 24 20 21 19 13 16 17 12 13 4 20 24 21 30 22 14 12
12 24 23 40 21 20 18 29 41 43 31 36 45 9 32 6 41 23 39 23 17 39 22 32 28 27 39 15 0 13 25 37 24 22 37 6 43 27 16 45 37 32 13 14 41 31 22 23 37 46 33 12 35 7 31 27 44 27 22 29 43 19 26 19 33 28 7 34 28 22 5 9 36 37 13 18 16 20 18 18 12 37 16 36 39 5 12 3 10 29 30 46 8 21 4 30 15 27 43 23 42 35 36 12 45 20 20 26 23 47 35 22 39 35 37 26 45 27 31 15 18 34 35 28 17 22 19 45 35 25 29 16 38 46 31 35 27 34 9 17 17 5 9 19 34 31 24 44 37 28 25
23 26 20 47 34 7 31 36 42 50 40 35 43 16 40 19 43 36 38 14 4 34 35 27 28 23 41 21 13 0 14 39 26 35 37 19 46 28 28 52 47 25 9 21 42 32 9 36 37 46 34 25 30 20 41 23 51 32 9 22 45 32 35 32 36 39 20 41 33 28 15 22 37 39 26 31 19 24 29 15 25 37 29 31 41 18 25 15 19 40 41 53 5 20 16 24 5 28 44 36 44 39 37 25 46 23 9 13 15 46 36 22 43 36 40 37 46 20 22 13 31 35 36 23 30 34 6 45 31 29 32 17 44 53 24 36 21 35 22 11 30 18 22 25 41 25 16 50 41 35 33
32 22 12 46 43 11 41 37 36 50 42 24 32 23 41 29 37 46 27 2 10 22 45 16 19 12 37 24 25 14 0 34 23 45 26 29 41 24 38 52 49 12 12 25 33 24 10 46 26 35 26 35 19 32 44 12 50 31 6 9 41 42 36 42 32 46 31 40 30 28 24 32 32 34 36 41 19 23 36 10 35 26 38 20 36 30 35 25 26 44 46 52 18 16 26 12 10 22 35 46 39 35 28 35 35 22 5 11 5 35 27 17 39 27 36 44 40 8 8 13 41 27 28 12 40 43 8 34 20 28 29 17 42 53 13 27 10 27 32 8 40 28 32 26 41 14 5 47 37 36 33
28 13 22 16 32 42 38 13 5 19 18 16 22 28 15 35 4 35 17 32 38 26 42 23 16 23 2 22 37 39 34 0 13 36 18 36 7 11 31 20 23 27 30 23 8 11 42 42 18 18 9 39 23 39 21 23 17 10 39 28 6 39 17 34 4 28 38 12 9 15 32 38 3 0 38 34 21 17 25 26 37 15 30 24 2 40 33 34 27 24 25 18 37 19 33 27 35 12 10 37 5 4 9 34 15 17 36 44 29 23 9 18 5 11 2 27 8 27 31 26 37 8 8 25 32 30 38 20 23 12 8 22 11 20 26 10 25 8 33 29 33 34 33 18 13 25 29 14 6 14 14
18 1 11 24 26 29 29 14 17 27 20 15 24 15 18 22 17 29 17 21 26 22 33 18 9 15 15 9 24 26 23 13 0 30 17 23 20 3 23 29 27 22 17 10 17 8 29 34 17 24 9 28 19 26 23 15 27 8 26 20 19 30 15 27 10 26 25 18 8 7 19 26 12 13 28 26 8 4 18 13 27 15 22 20 15 27 23 21 14 24 26 29 24 7 20 20 22 5 19 30 18 13 12 24 22 4 24 32 18 27 11 6 17 11 14 24 21 19 23 13 29 10 11 17 24 25 26 23 19 5 6 9 19 30 20 11 17 10 22 17 25 21 22 7 18 20 18 25 15 14 12
13 31 37 32 4 42 6 24 41 35 21 45 54 22 24 16 40 2 47 43 39 52 7 45 39 41 37 22 22 35 45 36 30 0 47 16 39 33 7 37 24 48 33 20 44 38 44 6 47 54 39 12 48 16 19 41 37 26 44 45 39 5 20 3 32 12 16 27 27 24 21 14 37 36 10 4 26 26 12 35 11 45 7 49 37 18 10 20 19 16 16 39 30 31 19 45 37 35 46 1 40 32 41 10 51 27 42 48 41 57 40 33 35 41 34 11 42 44 48 32 5 39 40 42 5 7 41 53 48 27 30 28 31 38 45 41 42 39 13 37 5 17 13 22 27 45 42 37 33 23 22
35 16 17 34 43 37 46 28 15 37 34 2 7 30 32 38 16 46 1 25 35 8 50 10 9 14 20 25 37 37 26 18 17 47 0 39 23 13 40 38 41 14 28 26 10 8 36 50 0 9 9 44 8 42 37 14 35 22 32 17 22 46 29 44 19 41 41 30 21 23 33 42 15 18 44 43 22 21 35 22 43 3 39 8 18 41 39 35 30 38 40 36 36 17 35 14 32 12 11 47 19 22 9 40 9 20 31 37 22 10 9 15 23 7 20 40 19 18 18 24 45 10 10 14 41 41 34 8 7 20 18 21 29 38 13 8 16 10 38 26 42 37 38 24 31 12 21 32 24 28 26
8 23 26 37 16 26 12 27 40 41 27 37 46 9 29 1 40 17 40 28 23 41 16 34 30 30 38 14 6 19 29 36 23 16 39 0 42 26 11 43 33 36 17 13 40 31 28 17 39 47 32 6 37 3 27 30 42 26 28 33 42 13 23 13 32 23 2 32 27 21 6 3 35 36 7 12 17 19 14 22 6 38 11 38 38 4 6 4 9 25 26 44 14 22 4 34 21 27 42 17 41 34 35 6 45 19 26 32 27 49 34 23 38 34 36 21 44 31 35 19 12 33 34 31 11 17 25 46 38 24 28 17 36 44 34 34 31 33 4 21 11 2 4 18 32 34 28 42 36 26 24
34 20 29 12 35 49 42 15 8 14 18 22 27 34 15 41 7 37 22 39 45 31 45 30 23 30 5 28 43 46 41 7 20 39 23 42 0 18 35 15 21 34 37 29 13 18 49 45 23 23 16 45 30 45 21 30 12 16 46 35 1 42 19 37 10 28 44 12 15 21 38 44 10 7 44 37 27 23 29 33 43 20 34 30 6 46 39 40 33 24 25 13 43 26 39 34 42 19 14 40 4 8 15 40 19 23 43 51 36 28 15 25 4 17 6 28 4 34 38 33 41 15 14 32 36 32 45 25 29 18 14 29 8 15 33 16 32 15 39 36 37 40 39 24 12 32 36 9 6 16 18
21 3 12 24 29 30 32 16 14 27 22 11 20 18 20 25 14 32 14 22 27 20 36 16 7 13 13 12 27 28 24 11 3 33 13 26 18 0 26 29 29 20 19 13 14 5 31 37 13 20 6 31 17 29 25 13 27 10 27 18 17 33 17 30 9 29 28 18 9 10 22 29 9 11 31 29 11 7 21 14 30 12 25 18 13 30 26 24 17 26 28 29 27 8 23 18 24 2 16 33 16 12 9 27 18 7 25 33 19 23 8 7 15 8 12 27 18 17 21 15 32 7 8 15 27 28 27 20 17 7 6 12 19 30 18 8 15 7 25 18 28 24 25 10 19 18 19 24 14 16 14
6 24 30 30 5 35 7 20 36 33 19 38 47 15 22 10 35 8 41 36 32 45 10 38 32 34 32 15 16 28 38 31 23 7 40 11 35 26 0 35 23 41 26 14 38 31 37 10 39 46 32 10 41 12 17 34 35 21 37 39 35 7 16 4 27 12 11 25 22 17 14 10 32 31 9 3 20 20 6 28 8 38 1 42 33 13 5 13 12 15 15 37 23 25 12 39 30 28 40 8 35 28 35 5 44 20 35 41 34 49 34 26 31 34 30 10 38 37 41 25 6 33 34 36 2 7 34 46 41 20 24 22 29 36 39 34 36 32 7 30 2 11 7 16 25 39 35 35 29 19 17
35 30 40 6 33 58 42 16 23 2 16 36 42 37 14 42 22 35 37 50 54 46 44 43 35 42 18 31 45 52 52 20 29 37 38 43 15 29 35 0 13 47 44 32 28 31 57 43 38 38 29 45 43 46 18 42 3 21 55 47 16 42 20 36 20 25 45 12 22 24 40 44 23 20 44 37 34 29 29 42 43 35 34 44 20 47 39 42 35 21 21 2 48 36 40 47 49 30 29 38 19 17 29 40 34 30 53 61 47 43 29 35 15 31 18 26 19 46 50 41 41 28 28 43 36 30 53 40 43 24 23 36 10 1 46 30 44 28 39 46 37 41 39 27 11 45 47 6 15 17 19
25 28 38 10 20 52 29 13 27 11 7 39 45 31 9 32 26 22 40 47 49 49 31 45 36 42 22 26 37 47 49 23 27 24 41 33 21 29 23 13 0 49 39 26 31 33 52 30 41 41 32 33 46 35 6 42 13 19 50 47 22 29 12 23 22 12 34 11 20 20 33 33 26 23 32 24 29 25 19 38 31 38 22 47 24 36 27 33 28 8 8 15 42 33 32 47 44 31 33 25 24 19 32 28 38 26 48 56 43 46 32 33 19 34 21 13 25 46 50 36 28 31 31 44 23 17 48 43 46 22 23 31 13 14 47 33 44 31 29 41 24 32 29 22 10 47 44 15 18 13 15
35 21 11 43 45 23 46 36 28 47 42 14 20 27 40 35 29 48 16 11 21 10 50 4 13 7 30 26 32 25 12 27 22 48 14 36 34 20 41 47 49 0 19 27 24 17 22 51 14 23 18 42 7 39 45 7 44 30 18 3 33 47 37 45 28 48 38 38 29 29 30 39 24 27 42 44 21 24 38 14 41 16 40 8 28 37 40 32 29 46 48 45 27 16 32 2 20 18 25 48 31 31 20 40 23 23 17 23 9 23 19 16 32 18 29 46 32 4 4 17 46 19 20 5 42 45 20 22 8 27 26 19 38 47 2 19 5 19 37 14 43 34 37 28 39 2 7 41 33 36 34
20 17 11 39 31 12 29 28 33 42 32 26 35 11 32 17 33 34 29 10 8 26 33 20 19 15 32 13 13 9 12 30 17 33 28 17 37 19 26 44 39 19 0 14 33 23 13 34 28 37 25 23 23 20 34 15 43 24 11 15 36 30 27 30 27 34 19 33 24 20 12 20 28 30 24 29 10 15 24 6 23 28 26 24 32 18 23 13 14 34 36 45 8 11 14 18 5 19 35 34 35 30 28 23 37 14 9 17 9 38 27 13 34 27 31 32 37 14 17 4 29 26 27 16 28 31 9 36 23 20 23 8 35 45 18 27 15 26 20 4 28 16 20 17 33 19 10 41 32 27 25
8 10 16 26 18 26 19 16 27 30 19 24 33 5 20 12 27 21 27 23 22 31 23 24 18 20 25 1 14 21 25 23 10 20 26 13 29 13 14 32 26 27 14 0 27 18 27 24 26 33 19 18 27 16 21 20 31 13 25 25 29 20 14 17 19 21 15 21 14 8 9 16 22 23 18 17 6 6 11 15 17 25 13 28 25 17 13 11 4 20 22 33 17 11 10 25 19 14 29 21 28 21 22 14 31 6 23 31 21 36 21 12 25 21 23 19 31 24 28 12 19 20 21 22 15 18 23 33 27 11 15 8 25 33 25 21 22 20 12 17 16 11 12 5 21 25 22 31 23 15 13
34 17 22 24 40 42 45 21 5 27 26 10 14 32 23 39 6 43 9 31 40 18 49 20 14 21 10 26 41 42 33 8 17 44 10 40 13 14 38 28 31 24 33 27 0 10 42 48 10 10 8 45 18 43 29 21 25 18 38 26 12 45 25 42 12 36 42 20 17 21 36 43 7 8 44 41 25 21 33 27 43 8 38 18 8 44 39 38 31 32 33 26 41 22 37 24 37 14 2 45 9 12 5 40 7 21 37 44 28 15 6 20 13 6 10 35 9 25 28 29 44 7 6 22 40 38 39 12 17 18 14 26 19 28 23 6 23 7 39 31 40 38 39 24 21 22 28 22 14 22 22
26 8 13 26 34 33 37 20 11 29 26 6 15 23 24 30 12 37 9 22 30 16 41 13 5 12 13 17 31 32 24 11 8 38 8 31 18 5 31 31 33 17 23 18 10 0 33 41 8 16 2 36 13 34 29 12 28 14 29 17 17 38 21 35 11 33 33 22 13 15 27 34 8 11 36 34 15 12 26 17 35 7 30 14 12 35 31 29 22 30 32 29 31 12 28 16 27 4 12 38 15 14 5 32 14 12 28 35 19 18 4 10 16 4 13 32 16 16 20 19 37 3 4 14 32 33 29 16 13 12 10 16 21 31 16 4 14 3 30 21 33 29 30 15 23 15 19 25 16 20 18
31 29 20 52 42 2 40 41 44 55 45 34 42 23 45 28 45 45 37 11 5 32 44 26 28 22 44 26 22 9 10 42 29 44 36 28 49 31 37 57 52 22 13 27 42 33 0 45 36 45 35 34 29 29 47 22 56 37 4 19 48 41 40 41 39 46 29 46 37 33 23 31 40 42 35 40 23 28 36 16 34 36 37 30 44 27 34 24 26 47 48 58 14 22 25 22 7 30 44 45 47 42 37 34 45 27 5 4 14 45 36 24 46 36 43 44 49 18 18 16 40 36 37 22 39 42 3 44 30 33 35 21 48 58 23 36 20 36 31 11 39 27 31 30 46 24 15 54 44 40 38
16 35 40 38 10 43 5 30 47 41 27 49 58 24 30 17 46 8 52 44 40 56 1 49 43 45 43 25 23 36 46 42 34 6 50 17 45 37 10 43 30 51 34 24 48 41 45 0 49 56 42 11 51 16 25 44 43 31 45 48 45 4 25 8 37 18 16 33 32 27 22 14 42 41 10 7 30 30 16 37 11 48 11 52 43 18 11 21 21 22 22 45 31 35 20 49 38 38 50 5 45 38 45 11 54 30 43 49 43 59 44 36 41 44 40 17 48 46 50 34 5 43 44 46 8 13 42 56 51 30 34 31 37 44 49 44 45 42 14 38 8 18 14 26 33 49 44 43 38 28 27
35 16 17 34 43 37 46 28 15 37 34 2 7 30 32 38 16 46 1 25 35 8 50 10 9 14 20 25 37 37 26 18 17 47 0 39 23 13 39 38 41 14 28 26 10 8 36 49 0 9 9 44 8 42 37 14 35 22 32 17 22 46 29 43 19 41 41 30 21 23 33 42 15 18 44 42 22 20 34 22 43 3 38 8 18 41 39 35 30 38 40 36 36 17 35 14 32 12 11 46 19 22 9 40 9 20 31 37 22 10 9 15 23 7 20 40 19 18 18 24 45 10 10 14 40 41 34 8 7 20 18 21 29 38 13 8 16 10 38 26 41 37 38 23 31 12 21 32 24 28 26
42 24 26 34 50 46 53 31 15 37 36 11 4 39 33 46 16 53 8 34 44 14 57 19 18 23 20 33 46 46 35 18 24 54 9 47 23 20 46 38 41 23 37 33 10 16 45 56 9 0 14 51 16 49 39 23 35 27 41 26 22 53 34 50 22 46 48 30 26 30 42 49 17 18 51 49 31 27 41 31 50 9 45 16 18 50 46 44 37 42 43 36 45 26 43 23 41 20 9 53 19 22 12 47 4 27 40 46 31 5 13 24 23 12 20 45 19 27 27 33 52 14 13 23 47 47 43 2 15 26 23 30 29 38 22 12 25 14 45 35 48 44 45 30 31 21 30 32 24 32 31
27 9 15 25 35 35 38 19 9 28 25 7 15 24 23 31 10 38 8 24 32 17 42 14 7 14 11 18 33 34 26 9 9 39 9 32 16 6 32 29 32 18 25 19 8 2 35 42 9 14 0 37 14 35 28 14 26 13 31 19 15 39 20 36 10 32 34 21 12 15 28 35 6 9 37 35 17 13 27 19 36 6 31 15 10 36 32 30 23 29 31 27 33 14 29 18 29 6 10 39 13 13 3 33 12 13 30 37 21 17 2 12 14 2 11 31 14 18 22 21 38 1 2 16 33 33 31 14 14 12 9 18 20 29 17 2 16 1 31 23 34 30 31 16 22 16 21 23 15 19 17
11 28 32 40 14 32 6 30 43 43 29 42 51 15 32 7 43 14 45 34 29 47 10 40 36 36 41 19 12 25 35 39 28 12 44 6 45 31 10 45 33 42 23 18 45 36 34 11 44 51 37 0 43 5 27 36 45 29 34 38 45 7 26 11 35 22 5 35 30 24 12 3 39 39 1 9 23 24 16 28 2 43 11 44 41 7 6 10 14 25 25 47 20 28 10 40 27 32 47 12 44 37 40 5 49 24 32 38 32 54 39 29 41 39 39 20 47 37 40 25 6 38 39 37 9 15 31 51 44 27 31 23 39 46 40 39 37 38 6 27 9 8 6 22 35 40 33 45 39 29 27
35 18 12 39 45 30 46 33 22 42 39 8 13 28 37 36 23 48 9 18 28 3 50 3 10 8 25 26 35 30 19 23 19 48 8 37 30 17 41 43 46 7 23 27 18 13 29 51 8 16 14 43 0 40 42 8 40 27 25 10 29 47 34 44 24 45 39 35 26 26 32 40 20 23 43 44 21 22 37 17 42 10 40 1 24 40 40 34 30 43 45 41 31 16 33 7 25 15 19 48 26 27 15 41 17 21 24 30 15 16 15 15 28 13 25 43 27 11 11 20 46 15 16 7 42 44 27 15 1 24 23 20 34 43 6 14 9 15 38 20 43 35 38 26 36 5 14 37 29 33 31
11 26 29 40 17 27 11 30 43 44 30 40 49 12 32 4 43 18 43 30 24 44 15 37 33 33 41 17 7 20 32 39 26 16 42 3 45 29 12 46 35 39 20 16 43 34 29 16 42 49 35 5 40 0 29 33 45 29 29 35 45 12 26 14 35 24 1 35 30 24 9 2 38 39 6 13 20 22 16 25 5 41 12 41 41 2 7 7 12 26 27 47 15 25 7 37 22 30 45 16 44 37 38 7 47 22 27 33 29 52 37 26 41 37 39 22 47 34 37 22 11 36 37 34 12 18 26 49 41 27 31 20 39 47 37 37 34 36 6 24 12 5 6 21 35 37 30 45 39 29 27
19 24 34 13 15 46 24 9 26 16 3 35 43 25 6 26 24 17 36 42 43 45 26 41 32 38 20 21 31 41 44 21 23 19 37 27 21 25 17 18 6 45 34 21 29 29 47 25 37 39 28 27 42 29 0 38 18 15 45 43 21 24 8 18 19 7 28 9 16 16 27 27 24 21 26 19 25 21 13 34 25 34 16 43 21 30 21 27 22 3 4 20 36 29 26 43 39 27 30 20 23 17 29 22 35 22 43 51 39 44 28 29 18 30 19 8 24 42 46 32 23 27 28 40 18 12 43 41 42 18 19 27 13 19 43 29 40 27 23 37 19 26 23 18 9 43 40 18 16 9 11
29 14 5 37 39 23 40 29 23 40 35 12 20 21 33 29 24 42 15 11 21 11 44 5 7 0 25 19 27 23 12 23 15 41 14 30 30 13 34 42 42 7 15 20 21 12 22 44 14 23 14 36 8 33 38 0 40 23 18 5 29 40 30 37 22 41 32 31 22 22 25 33 20 23 36 37 14 17 31 9 35 14 33 9 24 32 33 27 23 39 41 41 23 9 26 5 18 12 23 41 27 25 16 34 23 16 17 23 8 23 15 9 28 15 25 39 28 4 8 12 39 15 16 2 35 38 20 22 8 20 19 13 32 43 5 15 2 15 31 12 36 28 31 21 32 5 7 37 27 29 27
34 28 38 5 33 57 42 15 20 2 16 33 39 36 13 41 19 35 34 48 53 43 44 41 33 40 15 30 44 51 50 17 27 37 35 42 12 27 35 3 13 44 43 31 25 28 56 43 35 35 26 45 40 45 18 40 0 20 53 45 13 42 19 36 18 25 44 11 20 23 39 44 20 17 44 37 33 28 29 40 43 32 34 41 17 46 39 41 34 21 21 2 47 34 39 44 48 28 26 38 16 14 26 40 31 29 51 59 45 40 26 33 12 28 15 26 16 44 48 40 41 25 25 41 36 30 52 37 40 23 21 35 8 3 43 27 42 25 39 44 37 40 39 26 10 42 45 3 12 16 18
18 9 19 15 22 36 28 6 14 19 12 20 29 18 10 25 14 25 22 29 32 30 31 26 17 23 12 12 27 32 31 10 8 26 22 26 16 10 21 21 19 30 24 13 18 14 37 31 22 27 13 29 27 29 15 23 20 0 34 28 16 28 7 24 6 19 28 10 1 5 22 28 11 10 28 24 13 8 15 21 27 19 20 28 12 30 23 24 17 16 18 22 29 15 23 28 29 12 20 27 15 8 15 24 25 9 32 40 26 30 14 14 12 15 10 18 18 27 31 20 27 13 14 25 22 20 33 27 27 3 4 15 12 22 28 15 25 13 23 25 23 24 23 8 10 28 26 18 10 6 4
31 26 17 50 42 5 40 39 40 53 43 30 38 22 43 28 41 45 33 7 5 28 44 22 24 18 41 24 22 9 6 39 26 44 32 28 46 27 37 55 50 18 11 25 38 29 4 45 32 41 31 34 25 29 45 18 53 34 0 15 44 41 38 41 36 45 29 44 34 31 23 31 36 38 35 40 21 26 35 13 34 32 37 26 40 27 34 24 25 45 47 55 14 19 25 18 7 27 40 45 43 39 33 34 41 25 2 6 10 41 32 21 42 32 39 43 45 14 14 14 40 32 33 18 39 42 3 40 26 31 32 19 45 56 19 32 16 32 31 9 39 27 31 28 44 20 11 51 41 38 36
33 19 9 42 43 20 44 34 28 45 40 17 23 24 38 32 29 46 18 8 18 13 47 7 12 5 30 24 29 22 9 28 20 45 17 33 35 18 39 47 47 3 15 25 26 17 19 48 17 26 19 38 10 35 43 5 45 28 15 0 34 44 35 42 27 46 34 36 27 27 27 35 25 28 39 42 19 22 36 10 38 19 38 11 29 33 36 28 26 44 46 46 23 14 28 3 16 17 28 46 32 30 21 37 26 21 14 20 6 26 20 14 33 20 30 44 33 1 3 13 42 20 21 4 40 43 17 25 11 25 24 17 37 48 4 20 3 20 33 11 40 30 33 26 37 5 4 42 32 34 32
34 19 29 13 35 48 43 15 7 15 19 21 26 34 15 41 6 37 21 39 44 30 45 30 22 29 4 28 43 45 41 6 19 39 22 42 1 17 35 16 22 33 36 29 12 17 48 45 22 22 15 45 29 45 21 29 13 16 44 34 0 42 19 37 10 28 44 12 15 21 38 44 9 6 44 37 27 23 29 31 43 19 34 29 5 46 39 40 33 24 25 14 43 25 39 33 41 18 13 40 3 8 14 40 18 23 42 50 35 27 14 24 4 16 6 28 3 33 37 32 41 14 13 31 36 32 44 24 28 18 14 28 9 16 32 15 31 14 39 35 37 40 39 24 13 31 35 10 6 16 18
12 31 36 37 9 39 1 27 43 40 26 45 54 20 29 13 43 7 48 40 36 52 3 45 39 41 40 21 19 32 42 39 30 5 46 13 42 33 7 42 29 47 30 20 45 38 41 4 46 53 39 7 47 12 24 40 42 28 41 44 42 0 23 6 34 17 12 32 29 24 18 10 39 38 6 5 26 26 13 33 7 45 8 48 40 14 7 17 17 21 21 44 27 31 16 45 34 34 47 5 42 35 42 7 51 26 39 45 39 56 41 32 38 41 37 16 45 42 46 30 1 40 41 42 6 12 38 53 47 27 31 27 36 43 45 41 41 39 10 34 5 14 10 23 32 45 40 42 36 26 24
15 16 26 14 16 39 23 4 21 18 5 27 36 19 6 22 20 18 29 34 36 37 26 33 24 30 17 14 26 35 36 17 15 20 29 23 19 17 16 20 12 37 27 14 25 21 40 25 29 34 20 26 34 26 8 30 19 7 38 35 19 23 0 18 13 12 25 9 8 8 21 25 18 17 25 18 17 13 10 26 24 26 15 35 17 27 20 22 16 9 11 21 30 21 21 35 32 19 26 21 20 13 22 21 31 14 36 44 31 37 21 21 15 22 15 11 22 34 38 24 22 20 21 32 17 13 36 34 34 10 11 19 13 21 35 22 32 20 20 29 18 22 20 10 9 35 32 19 13 3 3
10 28 34 31 3 39 6 22 38 34 20 42 51 19 23 13 38 4 44 40 36 49 8 42 36 38 35 19 19 32 42 34 27 3 44 13 37 30 4 36 23 45 30 17 42 35 41 8 43 50 36 11 44 14 18 37 36 24 41 42 37 6 18 0 30 11 14 26 25 21 18 12 35 34 9 1 23 23 9 32 9 42 4 45 35 16 7 17 16 15 15 38 27 28 16 42 34 31 44 4 38 30 38 7 48 23 39 45 38 53 38 29 33 38 32 10 40 41 45 29 5 36 37 39 2 6 38 50 44 24 28 25 30 37 42 38 39 36 10 34 2 14 10 19 26 42 39 36 31 21 20
24 10 20 15 28 39 34 10 8 18 16 17 24 24 13 31 8 31 18 30 35 27 37 24 15 22 6 18 33 36 32 4 10 32 19 32 10 9 27 20 22 28 27 19 12 11 39 37 19 22 10 35 24 35 19 22 18 6 36 27 10 34 13 30 0 25 34 11 5 11 28 34 5 4 34 30 17 13 21 23 33 16 26 25 6 36 29 30 23 21 23 20 33 17 29 26 32 10 14 33 9 3 10 30 19 13 34 42 27 26 10 15 7 12 4 24 12 26 30 23 33 9 9 23 28 26 35 23 24 8 4 19 10 21 26 11 24 9 29 27 29 30 29 14 12 26 27 15 5 10 10
16 27 37 20 8 45 17 15 32 23 10 39 48 23 13 22 31 10 41 44 41 48 19 44 35 41 27 22 28 39 46 28 26 12 41 23 28 29 12 25 12 48 34 21 36 33 46 18 41 46 32 22 45 24 7 41 25 19 45 46 28 17 12 11 25 0 23 16 20 19 24 22 30 28 20 12 27 24 10 36 20 38 11 46 28 25 16 24 20 4 4 27 34 32 23 46 38 31 37 13 30 24 34 17 42 25 43 50 42 49 33 32 25 34 26 2 31 45 49 33 16 32 33 43 11 5 42 46 45 22 23 29 20 26 46 34 43 32 18 38 12 22 18 20 16 46 43 25 23 15 15
10 25 28 39 16 27 11 29 42 43 29 39 48 11 31 3 42 18 42 30 24 43 15 36 32 32 40 16 7 20 31 38 25 16 41 2 44 28 11 45 34 38 19 15 42 33 29 16 41 48 34 5 39 1 28 32 44 28 29 34 44 12 25 14 34 23 0 34 29 23 8 2 37 38 6 12 19 21 15 24 5 40 12 40 40 2 7 6 11 26 26 46 15 24 6 36 22 29 44 16 43 36 37 6 46 21 27 33 28 51 36 25 40 36 38 21 46 33 36 21 11 35 36 33 12 18 26 48 40 26 30 19 38 46 36 36 33 35 5 23 11 4 5 20 34 36 29 44 38 28 26
24 18 28 6 23 46 32 5 16 10 6 28 34 26 3 31 15 25 29 38 42 38 34 34 25 31 11 20 34 41 40 12 18 27 30 32 12 18 25 12 11 38 33 21 20 22 46 33 30 30 21 35 35 35 9 31 11 10 44 36 12 32 9 26 11 16 34 0 10 13 29 34 15 12 34 27 23 18 19 31 33 27 24 36 12 36 29 31 24 12 13 13 37 25 29 36 38 20 21 28 14 8 21 30 26 19 42 50 35 35 21 23 9 23 10 16 15 35 39 30 31 20 20 33 26 20 42 32 35 13 12 25 4 13 36 22 33 20 29 35 27 30 29 16 1 36 35 10 7 6 8
19 8 18 16 23 37 29 7 13 20 13 19 27 19 11 26 13 26 21 28 33 29 32 25 16 22 11 13 28 33 30 9 8 27 21 27 15 9 22 22 20 29 24 14 17 13 37 32 21 26 12 30 26 30 16 22 20 1 34 27 15 29 8 25 5 20 29 10 0 6 23 29 10 9 29 25 13 8 16 21 28 18 21 27 11 31 24 25 18 17 19 22 29 15 24 27 29 11 19 28 14 7 14 25 24 9 32 40 25 29 13 13 11 14 9 19 17 26 30 20 28 12 13 24 23 21 33 26 26 3 3 15 12 23 27 14 24 12 24 25 24 25 24 9 11 27 25 18 9 7 5
13 8 18 19 20 32 24 8 19 22 13 21 30 13 12 20 19 23 24 26 28 29 27 25 16 22 17 7 22 28 28 15 7 24 23 21 21 10 17 24 20 29 20 8 21 15 33 27 23 30 15 24 26 24 16 22 23 5 31 27 21 24 8 21 11 19 23 13 6 0 17 23 14 15 23 20 10 5 12 18 22 21 17 27 17 25 18 19 12 17 19 25 24 13 18 27 25 12 23 25 20 13 17 19 27 6 29 37 23 32 17 13 17 17 15 17 23 26 30 17 23 15 16 24 19 18 29 29 26 3 7 12 17 25 27 17 24 15 18 22 19 19 18 3 13 27 24 23 15 7 5
8 19 20 35 19 21 17 24 36 38 26 32 41 4 27 5 36 22 35 22 18 36 21 29 24 25 34 10 5 15 24 32 19 21 33 6 38 22 14 40 33 30 12 9 36 27 23 22 33 42 28 12 32 9 27 25 39 22 23 27 38 18 21 18 28 24 8 29 23 17 0 9 31 32 12 17 12 15 14 16 11 33 14 33 34 8 11 2 5 25 26 41 10 17 2 28 16 23 38 22 37 30 31 11 40 15 21 27 21 43 30 18 34 30 32 22 40 25 29 13 17 29 30 26 16 19 20 41 33 20 24 12 33 41 29 30 25 29 8 16 16 4 8 14 29 29 22 39 32 23 21
10 26 29 39 15 29 9 29 42 42 28 40 49 12 31 4 42 16 43 31 26 44 13 37 33 33 40 17 9 22 32 38 26 14 42 3 44 29 10 44 33 39 20 16 43 34 31 14 42 49 35 3 40 2 27 33 44 28 31 35 44 10 25 12 34 22 2 34 29 23 9 0 37 38 4 11 20 22 15 25 3 41 10 41 40 4 5 7 12 24 25 46 17 25 7 37 24 30 45 14 43 36 38 5 47 22 29 35 29 52 37 26 40 37 38 20 46 34 37 22 9 36 37 34 10 16 28 49 41 26 30 20 38 45 37 37 34 36 5 24 10 5 5 20 34 37 30 44 38 28 26
28 12 20 19 33 39 39 15 5 22 21 13 19 27 18 34 5 36 14 30 36 23 42 20 13 20 5 21 36 37 32 3 12 37 15 35 10 9 32 23 26 24 28 22 7 8 40 42 15 17 6 39 20 38 24 20 20 11 36 25 9 39 18 35 5 30 37 15 10 14 31 37 0 3 37 34 20 16 26 23 36 12 31 21 4 39 32 33 26 26 28 21 36 17 32 24 33 10 9 38 7 7 6 33 14 16 34 42 27 21 6 16 8 8 5 29 9 24 28 24 37 5 5 22 33 31 36 18 20 11 7 21 14 23 23 7 22 5 32 27 33 33 32 17 16 22 27 17 9 15 15
28 13 22 16 32 41 38 13 5 19 18 16 22 28 15 35 4 35 17 32 38 26 41 23 16 23 2 22 37 39 34 0 13 36 18 36 7 11 31 20 23 27 30 23 8 11 42 41 18 18 9 39 23 39 21 23 17 10 38 28 6 38 17 34 4 28 38 12 9 15 32 38 3 0 38 34 21 17 25 25 37 15 30 24 2 40 33 34 27 24 25 18 37 19 33 27 35 12 10 37 5 4 9 34 15 17 36 44 29 23 9 18 5 11 2 27 8 27 31 26 37 8 8 25 32 30 38 20 23 12 8 22 11 20 26 10 25 8 33 29 33 34 33 18 13 25 29 14 6 14 14
10 28 32 39 12 33 5 29 42 42 28 42 51 15 31 7 42 12 45 34 30 47 9 40 36 36 40 19 13 26 36 38 28 10 44 7 44 31 9 44 32 42 24 18 44 36 35 10 44 51 37 1 43 6 26 36 44 28 35 39 44 6 25 9 34 20 6 34 29 23 12 4 37 38 0 8 23 24 15 28 1 43 10 44 40 8 5 11 14 23 24 46 21 28 10 40 28 32 46 10 43 36 40 4 49 24 33 39 33 54 39 29 40 39 38 18 46 37 41 25 5 38 39 37 8 14 32 51 44 26 30 23 38 45 40 39 37 38 6 28 8 8 6 21 34 40 34 44 38 28 26
9 27 33 32 4 38 5 22 38 35 21 41 50 18 24 12 38 5 44 39 35 48 8 41 35 37 35 18 18 31 41 34 26 4 43 12 37 29 3 37 24 44 29 17 41 34 40 7 42 49 35 9 44 13 19 37 37 24 40 42 37 5 18 1 30 12 12 27 25 20 17 11 34 34 8 0 23 23 9 31 8 41 3 45 35 14 6 16 15 16 16 39 26 28 15 42 33 31 43 5 38 30 37 6 47 23 38 44 37 52 37 29 33 37 32 11 40 40 44 28 4 35 36 39 1 7 37 49 44 23 27 24 31 38 42 37 38 35 9 33 1 13 9 18 27 42 38 37 31 21 20
14 8 10 29 24 22 25 18 25 32 22 20 29 8 22 16 25 27 23 17 18 25 29 18 13 14 23 5 16 19 19 21 8 26 22 17 27 11 20 34 29 21 10 6 25 15 23 30 22 31 17 23 21 20 25 14 33 13 21 19 27 26 17 23 17 27 19 23 13 10 12 20 20 21 23 23 0 5 17 9 22 22 19 22 23 20 19 14 9 25 27 35 16 5 13 19 15 11 27 27 26 20 20 20 29 4 19 27 15 32 19 7 24 19 21 25 29 18 22 7 25 18 19 16 21 24 19 30 22 10 13 2 25 35 19 19 16 18 17 12 22 15 17 7 23 19 16 31 22 17 15
14 5 13 24 23 27 25 13 21 27 18 19 28 11 17 18 21 26 21 21 23 25 29 20 13 17 19 5 20 24 23 17 4 26 21 19 23 7 20 29 25 24 15 6 21 12 28 30 20 27 13 24 22 22 21 17 28 8 26 22 23 26 13 23 13 24 21 18 8 5 15 22 16 17 24 23 5 0 15 13 23 19 19 23 19 23 19 17 10 22 24 30 21 8 16 22 20 9 23 27 22 15 16 20 25 1 24 32 18 30 15 8 19 15 17 22 25 21 25 12 25 14 15 19 21 22 24 27 23 5 9 7 20 30 22 15 19 14 18 17 22 17 18 4 18 22 19 26 17 12 10
6 19 27 24 8 34 13 14 29 27 13 33 42 13 16 13 29 11 35 34 31 40 16 35 27 31 26 12 18 29 36 25 18 12 35 14 29 21 6 29 19 38 24 11 33 26 36 16 34 41 27 16 37 16 13 31 29 15 35 36 29 13 10 9 21 10 15 19 16 12 14 15 26 25 15 9 17 15 0 26 14 33 5 38 27 17 10 14 10 11 12 31 24 22 13 36 28 23 35 13 29 21 29 11 39 16 33 40 32 44 29 23 25 29 23 8 31 35 39 23 12 27 28 33 7 7 32 41 37 15 19 19 23 30 36 29 33 27 10 28 8 13 10 11 19 36 33 29 23 13 11
22 13 5 37 33 16 32 26 28 40 31 20 29 13 30 21 29 36 23 8 13 20 36 14 13 9 28 14 18 15 10 26 13 35 22 22 33 14 28 42 38 14 6 15 27 17 16 37 22 31 19 28 17 25 34 9 40 21 13 10 31 33 26 32 23 36 24 31 21 18 16 25 23 25 28 31 9 13 26 0 27 22 28 18 27 23 26 18 16 34 36 42 14 6 18 12 10 14 29 36 30 26 22 26 31 12 11 19 6 32 21 8 29 21 26 34 32 9 13 3 32 20 21 10 30 33 12 30 17 18 19 7 32 43 13 21 9 20 23 4 30 20 23 16 31 13 7 38 28 25 23
9 27 31 38 12 32 6 28 41 41 27 41 50 14 30 6 41 13 44 33 29 46 10 39 35 35 39 18 12 25 35 37 27 11 43 6 43 30 8 43 31 41 23 17 43 35 34 11 43 50 36 2 42 5 25 35 43 27 34 38 43 7 24 9 33 20 5 33 28 22 11 3 36 37 1 8 22 23 14 27 0 42 9 43 39 7 4 10 13 23 23 45 20 27 9 39 27 31 45 11 42 35 39 3 48 23 32 38 32 53 38 28 39 38 37 18 45 36 40 24 6 37 38 36 8 14 31 50 43 25 29 22 37 44 39 38 36 37 5 27 7 7 5 20 33 39 33 43 37 27 25
33 15 17 31 41 37 44 25 13 34 31 2 9 30 29 37 13 44 2 25 35 11 48 12 9 14 17 24 37 37 26 15 15 45 3 38 20 12 38 35 38 16 28 25 8 7 36 48 3 9 6 43 10 41 34 14 32 19 32 19 19 45 26 42 16 38 40 27 18 21 33 41 12 15 43 41 22 19 33 22 42 0 37 10 15 41 38 35 29 35 37 33 36 17 35 16 32 11 9 45 16 19 6 39 9 19 31 37 22 12 6 15 20 4 17 37 17 18 20 24 44 7 7 15 39 39 34 9 10 18 15 21 26 35 15 5 16 7 37 26 40 36 37 22 28 14 21 29 21 25 23
6 23 29 29 5 35 8 19 34 32 18 37 46 15 21 10 34 8 40 36 32 44 11 37 31 33 31 14 16 29 38 30 22 7 39 11 34 25 1 34 22 40 26 13 38 30 37 11 38 45 31 11 40 12 16 33 34 20 37 38 34 8 15 4 26 11 12 24 21 17 14 10 31 30 10 3 19 19 5 28 9 37 0 41 32 14 5 14 12 14 15 36 24 24 13 38 30 27 40 8 34 26 34 6 43 19 35 41 34 48 33 25 30 33 28 10 36 37 41 25 7 32 33 35 2 6 34 45 40 20 24 21 28 35 38 33 35 32 7 30 3 11 7 15 24 38 35 34 28 18 16
36 19 13 40 46 31 47 34 22 43 40 8 12 29 38 37 23 49 9 19 29 2 51 4 11 9 26 27 36 31 20 24 20 49 8 38 30 18 42 44 47 8 24 28 18 14 30 52 8 16 15 44 1 41 43 9 41 28 26 11 29 48 35 45 25 46 40 36 27 27 33 41 21 24 44 45 22 23 38 18 43 10 41 0 24 41 41 35 31 44 46 42 32 17 34 8 26 16 19 49 26 28 15 42 17 22 25 31 16 15 15 16 29 13 26 44 27 12 12 21 47 16 16 8 43 45 28 14 1 25 24 21 35 44 7 14 10 16 39 21 44 36 39 27 37 6 15 38 30 34 32
30 15 24 16 33 43 40 14 3 19 19 16 22 30 15 37 2 36 17 34 40 26 43 24 17 24 2 24 39 41 36 2 15 37 18 38 6 13 33 20 24 28 32 25 8 12 44 43 18 18 10 41 24 41 21 24 17 12 40 29 5 40 17 35 6 28 40 12 11 17 34 40 4 2 40 35 23 19 27 27 39 15 32 24 0 42 35 36 29 24 25 18 39 21 35 28 37 14 9 38 3 4 9 36 14 19 38 46 31 23 9 20 5 11 2 28 6 28 32 28 39 9 8 26 34 30 39 20 23 14 10 24 11 20 27 10 26 9 35 31 35 36 35 20 13 26 31 14 6 14 14
12 27 28 41 18 25 13 31 44 45 31 40 49 12 33 5 44 20 43 28 22 44 17 37 32 32 42 18 5 18 30 40 27 18 41 4 46 30 13 47 36 37 18 17 44 35 27 18 41 50 36 7 40 2 30 32 46 30 27 33 46 14 27 16 36 25 2 36 31 25 8 4 39 40 8 14 20 23 17 23 7 41 14 41 42 0 9 6 13 28 28 48 13 25 7 35 20 31 46 18 45 38 39 8 48 23 25 31 27 51 38 26 42 38 40 23 48 32 35 20 13 37 38 33 14 20 24 49 40 28 32 20 40 47 36 38 32 37 7 22 13 6 7 22 36 36 28 46 40 30 28
5 24 29 34 9 32 6 24 37 37 23 38 47 13 26 6 37 11 41 33 29 45 10 38 32 34 35 14 12 25 35 33 23 10 39 6 39 26 5 39 27 40 23 13 39 31 34 11 39 46 32 6 40 7 21 33 39 23 34 36 39 7 20 7 29 16 7 29 24 18 11 5 32 33 5 6 19 19 10 26 4 38 5 41 35 9 0 10 10 19 20 41 20 24 9 38 27 27 41 11 38 31 35 1 44 19 32 38 32 49 34 25 35 34 33 15 41 35 39 23 6 33 34 35 5 11 31 46 40 21 25 20 33 40 38 34 34 33 3 27 5 7 3 16 29 38 33 39 33 23 21
8 21 22 36 18 22 16 26 38 40 27 34 43 6 29 4 38 21 37 23 19 38 20 31 26 27 36 12 3 15 25 34 21 20 35 4 40 24 13 42 33 32 13 11 38 29 24 21 35 44 30 10 34 7 27 27 41 24 24 28 40 17 22 17 30 24 6 31 25 19 2 7 33 34 11 16 14 17 14 18 10 35 14 35 36 6 10 0 7 25 26 43 10 19 1 30 17 25 40 21 39 32 33 10 42 17 22 28 22 45 32 20 36 32 34 22 42 27 30 15 16 31 32 28 15 19 21 43 35 22 26 14 35 43 31 32 27 31 7 17 15 3 7 16 31 31 23 41 34 25 22
6 14 18 29 17 24 16 19 31 33 21 28 37 3 22 8 31 20 31 24 21 34 20 27 22 23 29 5 10 19 26 27 14 19 30 9 33 17 12 35 28 29 14 4 31 22 26 21 30 37 23 14 30 12 22 23 34 17 25 26 33 17 16 16 23 20 11 24 18 12 5 12 26 27 14 15 9 10 10 16 13 29 12 31 29 13 10 7 0 21 22 36 14 14 6 27 18 18 33 20 32 25 26 11 35 10 23 30 22 40 25 16 29 25 27 18 35 25 29 13 16 24 25 24 14 17 22 37 31 15 19 10 28 36 27 25 24 24 8 18 14 7 8 9 24 27 23 34 27 18 16
17 25 35 16 12 45 21 11 28 19 6 36 45 24 9 24 27 14 38 42 42 46 23 42 33 39 23 21 29 40 44 24 24 16 38 25 24 26 15 21 8 46 34 20 32 30 47 22 38 42 29 25 43 26 3 39 21 16 45 44 24 21 9 15 21 4 26 12 17 17 25 24 26 24 23 16 25 22 11 34 23 35 14 44 24 28 19 25 21 0 2 23 35 30 24 44 39 28 33 17 26 20 31 20 38 23 43 51 40 46 30 30 21 31 22 5 27 43 47 32 20 29 30 41 15 9 43 43 43 19 20 27 16 22 44 31 41 29 21 37 16 24 21 18 12 44 41 21 19 11 12
18 27 37 17 12 46 21 13 30 19 7 38 46 25 10 25 28 14 40 44 43 48 23 44 35 41 24 23 30 41 46 25 26 16 40 26 25 28 15 21 8 48 36 22 33 32 48 22 40 43 31 25 45 27 4 41 21 18 47 46 25 21 11 15 23 4 26 13 19 19 26 25 28 25 24 16 27 24 12 36 23 37 15 46 25 28 20 26 22 2 0 23 36 32 25 46 40 30 34 17 27 21 33 20 39 25 45 52 42 48 32 32 22 33 23 5 28 45 49 34 20 31 32 43 15 9 44 45 45 21 22 29 17 22 46 33 43 31 22 39 16 25 22 20 13 46 43 22 20 13 14
36 30 40 7 35 58 44 17 21 4 18 34 40 38 15 43 20 37 35 50 54 44 46 42 35 42 16 32 46 53 52 18 29 39 36 44 13 29 37 2 15 45 45 33 26 29 58 45 36 36 27 47 41 47 20 41 2 22 55 46 14 44 21 38 20 27 46 13 22 25 41 46 21 18 46 39 35 30 31 42 45 33 36 42 18 48 41 43 36 23 23 0 49 36 41 45 50 30 27 40 17 16 27 42 32 31 53 61 47 41 27 35 13 29 16 28 17 45 49 42 43 26 26 43 38 32 54 38 41 25 23 37 10 2 44 28 43 26 41 46 39 42 41 28 12 43 47 4 14 18 20
18 24 19 43 28 12 26 32 41 46 35 34 43 12 36 14 41 31 37 17 9 34 30 28 27 23 39 17 8 5 18 37 24 30 36 14 43 27 23 48 42 27 8 17 41 31 14 31 36 45 33 20 31 15 36 23 47 29 14 23 43 27 30 27 33 34 15 37 29 24 10 17 36 37 21 26 16 21 24 14 20 36 24 32 39 13 20 10 14 35 36 49 0 19 11 25 8 27 43 31 42 36 36 20 45 20 13 18 17 46 35 21 40 35 37 32 45 22 25 12 26 34 35 24 25 29 11 44 31 26 29 15 41 49 26 35 23 34 17 12 25 13 17 21 37 27 18 47 38 31 29
19 7 5 31 29 22 30 21 22 34 26 15 24 13 25 21 22 32 18 14 19 19 34 13 8 9 21 10 21 20 16 19 7 31 17 22 26 8 25 36 33 16 11 11 22 12 22 35 17 26 14 28 16 25 29 9 34 15 19 14 25 31 21 28 17 32 24 25 15 13 17 25 17 19 28 28 5 8 22 6 27 17 24 17 21 25 24 19 14 30 32 36 19 0 18 14 16 8 24 32 24 20 17 25 26 7 17 25 11 27 16 2 23 16 20 30 26 13 17 7 30 15 16 11 26 29 18 25 17 12 13 5 26 37 14 16 11 15 22 10 27 20 22 12 25 14 11 32 22 20 18
7 20 21 35 17 23 15 24 37 38 26 33 42 5 27 3 37 20 36 24 20 37 19 30 26 26 35 11 4 16 26 33 20 19 35 4 39 23 12 40 32 32 14 10 37 28 25 20 35 43 29 10 33 7 26 26 39 23 25 28 39 16 21 16 29 23 6 29 24 18 2 7 32 33 10 15 13 16 13 18 9 35 13 34 35 7 9 1 6 24 25 41 11 18 0 30 18 24 39 20 38 31 32 9 41 16 23 29 23 45 31 19 35 31 33 21 41 27 31 15 15 30 31 27 14 18 22 43 34 21 25 13 33 41 30 31 27 30 6 18 14 2 6 15 29 30 24 39 33 23 21
33 19 9 42 43 23 44 34 27 45 40 14 20 25 38 33 28 46 15 11 21 10 48 4 12 5 29 24 30 24 12 27 20 45 14 34 34 18 39 47 47 2 18 25 24 16 22 49 14 23 18 40 7 37 43 5 44 28 18 3 33 45 35 42 26 46 36 36 27 27 28 37 24 27 40 42 19 22 36 12 39 16 38 8 28 35 38 30 27 44 46 45 25 14 30 0 18 16 25 46 31 29 20 38 23 21 17 23 8 23 19 14 32 18 29 44 32 4 5 15 43 19 20 3 40 43 20 22 8 25 24 17 36 47 1 19 3 19 35 13 41 32 35 26 37 2 7 41 31 34 32
24 22 15 44 35 6 33 33 38 47 37 30 38 15 37 21 38 38 33 9 3 28 37 22 23 18 37 18 15 5 10 35 22 37 32 21 42 24 30 49 44 20 5 19 37 27 7 38 32 41 29 27 25 22 39 18 48 29 7 16 41 34 32 34 32 38 22 38 29 25 16 24 33 35 28 33 15 20 28 10 27 32 30 26 37 20 27 17 18 39 40 50 8 16 18 18 0 24 39 38 40 35 32 27 41 19 5 11 10 41 31 18 39 31 36 36 42 15 17 9 33 30 31 18 32 35 4 40 26 25 28 13 40 50 19 31 16 30 24 6 32 20 24 22 38 20 11 46 37 32 30
23 4 10 25 31 30 34 18 14 28 24 10 19 19 22 27 15 34 13 20 27 18 38 14 5 12 14 13 27 28 22 12 5 35 12 27 19 2 28 30 31 18 19 14 14 4 30 38 12 20 6 32 15 30 27 12 28 12 27 17 18 34 19 31 10 31 29 20 11 12 23 30 10 12 32 31 11 9 23 14 31 11 27 16 14 31 27 25 18 28 30 30 27 8 24 16 24 0 16 35 17 13 9 28 18 8 25 33 17 22 8 6 17 8 14 29 19 16 20 15 33 7 8 13 29 30 26 20 15 9 8 12 20 31 16 8 14 7 26 18 30 25 26 12 21 16 17 25 15 18 16
36 19 24 25 42 44 47 23 6 28 28 11 13 34 24 41 7 45 10 33 42 19 51 21 16 23 11 28 43 44 35 10 19 46 11 42 14 16 40 29 33 25 35 29 2 12 44 50 11 9 10 47 19 45 30 23 26 20 40 28 13 47 26 44 14 37 44 21 19 23 38 45 9 10 46 43 27 23 35 29 45 9 40 19 9 46 41 40 33 33 34 27 43 24 39 25 39 16 0 47 10 13 7 42 5 23 39 46 30 14 8 22 14 8 11 37 10 27 29 31 46 9 8 24 42 39 41 11 18 20 16 28 20 29 24 8 25 9 41 33 42 40 41 26 22 23 30 23 15 23 23
14 31 37 33 5 43 6 25 42 36 22 45 54 23 25 17 41 3 48 44 40 52 6 45 39 41 38 22 23 36 46 37 30 1 47 17 40 33 8 38 25 48 34 21 45 38 45 5 46 53 39 12 48 16 20 41 38 27 45 46 40 5 21 4 33 13 16 28 28 25 22 14 38 37 10 5 27 27 13 36 11 45 8 49 38 18 11 21 20 17 17 40 31 32 20 46 38 35 47 0 41 33 42 11 51 27 43 49 42 56 41 33 36 41 35 12 43 45 49 33 5 40 41 43 6 8 42 53 48 28 31 29 32 39 46 41 43 40 14 38 6 18 14 23 28 46 43 38 34 24 23
33 18 27 15 36 46 42 16 4 18 20 18 23 33 17 40 3 38 18 37 43 27 46 27 20 27 3 27 42 44 39 5 18 40 19 41 4 16 35 19 24 31 35 28 9 15 47 45 19 19 13 44 26 44 23 27 16 15 43 32 3 42 20 38 9 30 43 14 14 20 37 43 7 5 43 38 26 22 29 30 42 16 34 26 3 45 38 39 32 26 27 17 42 24 38 31 40 17 10 41 0 7 11 39 15 22 41 49 34 24 12 23 5 13 5 30 3 31 35 31 41 12 11 29 36 33 42 21 26 17 13 27 11 19 30 12 29 12 38 34 37 39 38 23 15 29 34 13 7 17 17
26 13 23 12 28 42 35 9 8 15 14 20 26 26 11 33 7 31 21 33 38 30 38 27 18 25 4 20 35 39 35 4 13 32 22 34 8 12 28 17 19 31 30 21 12 14 42 38 22 22 13 37 27 37 17 25 14 8 39 30 8 35 13 30 3 24 36 8 7 13 30 36 7 4 36 30 20 15 21 26 35 19 26 28 4 38 31 32 25 20 21 16 36 20 31 29 35 13 13 33 7 0 13 32 18 16 37 45 30 27 13 18 4 15 2 23 10 29 33 26 33 12 12 26 28 26 38 24 27 10 7 22 7 17 29 14 27 12 31 30 29 32 31 16 9 29 30 12 2 10 10
30 12 17 25 37 37 41 20 7 28 26 7 14 27 23 34 8 40 8 26 35 17 45 16 9 16 11 21 36 37 28 9 12 41 9 35 15 9 35 29 32 20 28 22 5 5 37 45 9 12 3 40 15 38 29 16 26 15 33 21 14 42 22 38 10 34 37 21 14 17 31 38 6 9 40 37 20 16 29 22 39 6 34 15 9 39 35 33 26 31 33 27 36 17 32 20 32 9 7 42 11 13 0 36 10 16 32 39 23 16 1 15 14 2 11 33 12 20 24 24 40 2 1 18 36 35 34 13 14 14 11 21 20 29 19 1 18 2 34 26 36 33 34 19 22 18 23 23 15 20 19
6 24 29 35 10 32 6 25 38 38 24 38 47 13 27 6 38 11 41 33 29 45 10 38 32 34 36 15 12 25 35 34 24 10 40 6 40 27 5 40 28 40 23 14 40 32 34 11 40 47 33 5 41 7 22 34 40 24 34 37 40 7 21 7 30 17 6 30 25 19 11 5 33 34 4 6 20 20 11 26 3 39 6 42 36 8 1 10 11 20 20 42 20 25 9 38 27 28 42 11 39 32 36 0 45 20 32 38 32 50 35 26 36 35 34 15 42 35 39 23 6 34 35 35 6 12 31 47 41 22 26 21 34 41 38 35 35 34 3 27 5 7 3 17 30 38 33 40 34 24 22
40 22 26 30 47 46 51 28 11 33 33 11 8 37 29 44 12 50 8 34 44 17 55 19 18 23 16 31 45 46 35 15 22 51 9 45 19 18 44 34 38 23 37 31 7 14 45 54 9 4 12 49 17 47 35 23 31 25 41 26 18 51 31 48 19 42 46 26 24 27 40 47 14 15 49 47 29 25 39 31 48 9 43 17 14 48 44 42 35 38 39 32 45 26 41 23 41 18 5 51 15 18 10 45 0 25 40 46 31 9 11 24 19 10 16 41 15 27 27 33 50 12 11 23 45 44 43 6 16 24 21 30 25 34 22 10 25 12 43 35 46 42 43 28 27 21 30 28 20 28 28
14 4 12 24 24 26 25 14 21 28 19 18 27 11 18 18 21 27 21 20 22 24 29 19 12 16 19 5 20 23 22 17 4 27 20 19 23 7 20 30 26 23 14 6 21 12 27 30 20 27 13 24 21 22 22 16 29 9 25 21 23 26 14 23 13 25 21 19 9 6 15 22 16 17 24 23 4 1 16 12 23 19 19 22 19 23 19 17 10 23 25 31 20 7 16 21 19 8 23 27 22 16 16 20 25 0 23 30 18 30 15 7 20 15 17 23 25 20 24 11 25 14 15 18 21 23 23 27 22 6 9 6 21 31 21 15 18 14 18 16 22 17 18 5 19 21 18 27 18 13 11
29 24 15 47 40 6 38 37 39 51 41 29 37 20 41 26 39 43 32 6 5 27 42 21 23 17 38 22 20 9 5 36 24 42 31 26 43 25 35 53 48 17 9 23 37 28 5 43 31 40 30 32 24 27 43 17 51 32 2 14 42 39 36 39 34 43 27 42 32 29 21 29 34 36 33 38 19 24 33 11 32 31 35 25 38 25 32 22 23 43 45 53 13 17 23 17 5 25 39 43 41 37 32 32 40 23 0 8 9 40 31 19 40 31 37 41 43 13 13 12 38 31 32 17 37 40 3 39 25 29 30 17 43 54 18 31 15 31 29 7 37 25 29 26 42 19 10 49 39 36 34
35 32 23 55 46 6 44 45 46 59 49 35 43 27 49 32 47 49 38 13 9 33 48 27 30 23 46 30 26 13 11 44 32 48 37 32 51 33 41 61 56 23 17 31 44 35 4 49 37 46 37 38 30 33 51 23 59 40 6 20 50 45 44 45 42 50 33 50 40 37 27 35 42 44 39 44 27 32 40 19 38 37 41 31 46 31 38 28 30 51 52 61 18 25 29 23 11 33 46 49 49 45 39 38 46 30 8 0 16 46 38 27 48 38 45 47 51 19 19 20 44 38 39 23 43 46 7 45 31 36 38 24 51 61 24 38 21 38 35 15 43 31 35 33 49 25 16 57 47 43 41
28 17 7 41 39 15 38 31 30 45 36 20 28 19 35 26 31 42 23 3 13 18 42 12 14 8 31 20 23 15 5 29 18 41 22 27 36 19 34 47 43 9 9 21 28 19 14 43 22 31 21 32 15 29 39 8 45 26 10 6 35 39 31 38 27 42 28 35 25 23 21 29 27 29 33 37 15 18 32 6 32 22 34 16 31 27 32 22 22 40 42 47 17 11 23 8 10 17 30 42 34 30 23 32 31 18 9 16 0 31 22 12 34 22 31 40 35 4 7 9 38 22 23 8 36 39 12 30 16 23 24 13 37 47 9 22 6 22 29 5 36 25 29 22 36 10 1 42 32 30 28
45 26 27 39 53 46 56 36 20 42 41 12 3 40 38 48 21 56 10 34 44 13 60 19 19 23 25 35 47 46 35 23 27 57 10 49 28 23 49 43 46 23 38 36 15 18 45 59 10 5 17 54 16 52 44 23 40 30 41 26 27 56 37 53 26 49 51 35 29 32 43 52 21 23 54 52 32 30 44 32 53 12 48 15 23 51 49 45 40 46 48 41 46 27 45 23 41 22 14 56 24 27 16 50 9 30 40 46 31 0 17 25 28 15 25 48 24 27 27 34 55 18 17 23 50 50 43 3 15 29 26 31 34 43 22 16 25 18 48 35 51 47 48 33 36 21 30 37 29 36 34
29 11 16 25 36 36 40 19 8 28 25 7 14 26 23 33 9 39 8 25 34 17 44 15 8 15 11 20 35 36 27 9 11 40 9 34 15 8 34 29 32 19 27 21 6 4 36 44 9 13 2 39 15 37 28 15 26 14 32 20 14 41 21 38 10 33 36 21 13 17 30 37 6 9 39 37 19 15 29 21 38 6 33 15 9 38 34 32 25 30 32 27 35 16 31 19 31 8 8 41 12 13 1 35 11 15 31 38 22 17 0 14 14 2 11 32 13 19 23 23 40 1 1 17 35 34 33 14 14 13 10 20 20 29 18 1 17 1 33 25 36 32 33 18 22 17 22 23 15 20 18
20 5 5 29 30 24 31 20 20 33 26 13 22 14 24 22 21 33 16 15 21 18 35 13 6 9 20 11 22 22 17 18 6 33 15 23 25 7 26 35 33 16 13 12 20 10 24 36 15 24 12 29 15 26 29 9 33 14 21 14 24 32 21 29 15 32 25 23 13 13 18 26 16 18 29 29 7 8 23 8 28 15 25 16 20 26 25 20 16 30 32 35 21 2 19 14 18 6 22 33 23 18 15 26 24 7 19 27 12 25 14 0 22 14 19 30 25 13 17 9 31 13 14 11 27 30 20 23 15 11 12 6 25 35 14 14 11 13 24 12 28 21 24 12 24 14 12 30 20 20 18
30 17 27 11 31 46 38 11 8 14 15 21 27 30 12 37 7 33 22 37 42 31 41 28 21 28 3 24 39 43 39 5 17 35 23 38 4 15 31 15 19 32 34 25 13 16 46 41 23 23 14 41 28 41 18 28 12 12 42 33 4 38 15 33 7 25 40 9 11 17 34 40 8 5 40 33 24 19 25 29 39 20 30 29 5 42 35 36 29 21 22 13 40 23 35 32 39 17 14 36 5 4 14 36 19 20 40 48 34 28 14 22 0 16 3 25 7 32 36 30 37 13 13 30 32 28 41 25 28 14 11 26 6 15 31 15 30 13 35 33 33 36 35 20 10 30 34 9 2 12 14
29 11 16 27 37 36 40 21 9 30 27 5 13 26 25 33 10 40 6 25 34 15 44 14 8 15 13 20 35 36 27 11 11 41 7 34 17 8 34 31 34 18 27 21 6 4 36 44 7 12 2 39 13 37 30 15 28 15 32 20 16 41 22 38 12 34 36 23 14 17 30 37 8 11 39 37 19 15 29 21 38 4 33 13 11 38 34 32 25 31 33 29 35 16 31 18 31 8 8 41 13 15 2 35 10 15 31 38 22 15 2 14 16 0 13 33 14 19 22 23 40 3 3 16 35 35 33 12 13 14 11 20 22 31 17 1 17 3 33 25 36 32 33 18 24 16 22 25 17 21 19
28 14 24 14 30 42 37 11 5 17 16 18 24 28 13 35 4 33 19 34 39 28 40 25 18 25 2 22 37 40 36 2 14 34 20 36 6 12 30 18 21 29 31 23 10 13 43 40 20 20 11 39 25 39 19 25 15 10 39 30 6 37 15 32 4 26 38 10 9 15 32 38 5 2 38 32 21 17 23 26 37 17 28 26 2 40 33 34 27 22 23 16 37 20 33 29 36 14 11 35 5 2 11 34 16 17 37 45 31 25 11 19 3 13 0 25 8 29 33 27 35 10 10 27 30 28 38 22 25 12 8 23 9 18 28 12 27 10 33 30 31 34 33 18 11 27 31 12 4 12 12
14 25 35 21 7 42 16 14 31 24 10 38 47 21 13 20 30 9 40 42 39 46 18 42 33 39 27 20 26 37 44 27 24 11 40 21 28 27 10 26 13 46 32 19 35 32 44 17 40 45 31 20 43 22 8 39 26 18 43 44 28 16 11 10 24 2 21 16 19 17 22 20 29 27 18 11 25 22 8 34 18 37 10 44 28 23 15 22 18 5 5 28 32 30 21 44 36 29 37 12 30 23 33 15 41 23 41 47 40 48 32 30 25 33 25 0 31 43 47 31 15 31 32 41 10 4 40 45 43 20 22 27 20 27 44 33 41 31 17 36 11 21 17 18 16 44 41 26 23 14 14
36 21 29 16 38 48 45 18 5 18 22 19 23 36 18 43 5 40 18 39 45 27 48 28 21 28 6 30 45 46 40 8 21 42 19 44 4 18 38 19 25 32 37 31 9 16 49 48 19 19 14 47 27 47 24 28 16 18 45 33 3 45 22 40 12 31 46 15 17 23 40 46 9 8 46 40 29 25 31 32 45 17 36 27 6 48 41 42 35 27 28 17 45 26 41 32 42 19 10 43 3 10 12 42 15 25 43 51 35 24 13 25 7 14 8 31 0 32 36 33 43 13 12 30 38 35 44 21 26 20 16 30 12 19 31 13 30 13 41 36 39 42 41 26 16 30 35 13 9 19 20
31 18 8 42 42 19 41 33 28 45 39 16 24 22 37 30 29 45 19 7 17 14 45 8 12 4 29 23 27 20 8 27 19 44 18 31 34 17 37 46 46 4 14 24 25 16 18 46 18 27 18 37 11 34 42 4 44 27 14 1 33 42 34 41 26 45 33 35 26 26 25 34 24 27 37 40 18 21 35 9 36 18 37 12 28 32 35 27 25 43 45 45 22 13 27 4 15 16 27 45 31 29 20 35 27 20 13 19 4 27 19 13 32 19 29 43 32 0 4 12 41 19 20 4 39 42 16 26 12 24 23 16 36 46 5 19 2 19 32 9 39 29 32 25 36 6 3 41 31 33 31
35 22 12 45 46 19 45 37 31 48 43 18 24 26 41 34 32 49 20 8 18 14 49 8 15 8 33 27 31 22 8 31 23 48 18 35 38 21 41 50 50 4 17 28 28 20 18 50 18 27 22 40 11 37 46 8 48 31 14 3 37 46 38 45 30 49 36 39 30 30 29 37 28 31 41 44 22 25 39 13 40 20 41 12 32 35 39 30 29 47 49 49 25 17 31 5 17 20 29 49 35 33 24 39 27 24 13 19 7 27 23 17 36 22 33 47 36 4 0 16 45 23 24 7 43 46 16 26 12 28 27 20 40 50 5 23 6 23 36 12 43 32 36 29 40 6 6 45 35 37 35
19 13 8 35 30 15 29 25 29 39 29 22 31 10 29 18 29 33 25 11 12 23 33 17 15 12 28 11 15 13 13 26 13 32 24 19 33 15 25 41 36 17 4 12 29 19 16 34 24 33 21 25 20 22 32 12 40 20 14 13 32 30 24 29 23 33 21 30 20 17 13 22 24 26 25 28 7 12 23 3 24 24 25 21 28 20 23 15 13 32 34 42 12 7 15 15 9 15 31 33 31 26 24 23 33 11 12 20 9 34 23 9 30 23 27 31 33 12 16 0 29 22 23 13 27 30 13 32 20 17 19 5 32 42 16 23 12 22 20 5 27 17 20 14 30 16 10 38 28 24 22
11 30 35 36 8 38 1 26 41 39 25 44 53 19 28 12 41 7 47 39 35 50 4 44 38 40 38 20 18 31 41 37 29 5 45 12 41 32 6 41 28 46 29 19 44 37 40 5 45 52 38 6 46 11 23 39 41 27 40 42 41 1 22 5 33 16 11 31 28 23 17 9 37 37 5 4 25 25 12 32 6 44 7 47 39 13 6 16 16 20 20 43 26 30 15 43 33 33 46 5 41 33 40 6 50 25 38 44 38 55 40 31 37 40 35 15 43 41 45 29 0 38 39 40 5 11 37 52 46 26 30 26 35 42 43 40 40 38 9 33 4 13 9 22 31 43 39 41 35 25 23
28 10 16 24 35 36 39 18 8 27 24 8 15 25 22 32 9 38 9 25 33 18 43 15 8 15 10 19 34 35 27 8 10 39 10 33 15 7 33 28 31 19 26 20 7 3 36 43 10 14 1 38 15 36 27 15 25 13 32 20 14 40 20 36 9 32 35 20 12 15 29 36 5 8 38 35 18 14 27 20 37 7 32 16 9 37 33 31 24 29 31 26 34 15 30 19 30 7 9 40 12 12 2 34 12 14 31 38 22 18 1 13 13 3 10 31 13 19 23 22 38 0 1 17 34 33 32 15 15 12 9 19 19 28 18 2 17 0 32 24 34 31 32 17 21 17 22 22 14 19 17
29 11 17 24 36 37 40 19 7 27 25 8 15 26 22 33 8 39 9 26 34 18 44 16 9 16 10 20 35 36 28 8 11 40 10 34 14 8 34 28 31 20 27 21 6 4 37 44 10 13 2 39 16 37 28 16 25 14 33 21 13 41 21 37 9 33 36 20 13 16 30 37 5 8 39 36 19 15 28 21 38 7 33 16 8 38 34 32 25 30 32 26 35 16 31 20 31 8 8 41 11 12 1 35 11 15 32 39 23 17 1 14 13 3 10 32 12 20 24 23 39 1 0 18 35 34 33 14 15 13 10 20 19 28 19 2 18 1 33 25 35 32 33 18 21 18 23 22 14 19 18
30 16 6 38 40 23 41 31 25 41 37 13 20 22 35 30 26 43 15 11 21 10 45 4 9 2 27 21 28 23 12 25 17 42 14 31 32 15 36 43 44 5 16 22 22 14 22 46 14 23 16 37 7 34 40 2 41 25 18 4 31 42 32 39 23 43 33 33 24 24 26 34 22 25 37 39 16 19 33 10 36 15 35 8 26 33 35 28 24 41 43 43 24 11 27 3 18 13 24 43 29 26 18 35 23 18 17 23 8 23 17 11 30 16 27 41 30 4 7 13 40 17 18 0 37 40 20 22 8 22 21 14 33 43 3 17 2 17 32 13 38 29 32 23 34 3 7 38 28 31 29
8 25 31 31 4 37 6 21 36 34 20 39 48 17 23 11 36 6 42 38 34 46 9 39 33 35 33 16 17 30 40 32 24 5 41 11 36 27 2 36 23 42 28 15 40 32 39 8 40 47 33 9 42 12 18 35 36 22 39 40 36 6 17 2 28 11 12 26 23 19 16 10 33 32 8 1 21 21 7 30 8 39 2 43 34 14 5 15 14 15 15 38 25 26 14 40 32 29 42 6 36 28 36 6 45 21 37 43 36 50 35 27 32 35 30 10 38 39 43 27 5 34 35 37 0 6 36 47 42 22 26 23 30 37 40 35 37 34 8 32 1 12 8 17 26 40 37 36 30 20 18
11 26 34 25 3 40 12 17 34 28 14 39 48 20 17 16 33 5 42 41 37 47 14 42 34 38 30 19 22 34 43 30 25 7 41 17 32 28 7 30 17 45 31 18 38 33 42 13 41 47 33 15 44 18 12 38 30 20 42 43 32 12 13 6 26 5 18 20 21 18 19 16 31 30 14 7 24 22 7 33 14 39 6 45 30 20 11 19 17 9 9 32 29 29 18 43 35 30 39 8 33 26 35 12 44 23 40 46 39 50 34 30 28 35 28 4 35 42 46 30 11 33 34 40 6 0 39 47 44 21 24 26 24 31 43 35 40 33 13 35 7 17 13 18 20 43 40 30 26 16 16
28 25 17 48 39 3 37 37 41 51 41 32 40 19 41 25 41 42 35 9 2 30 41 24 25 20 40 22 19 6 8 38 26 41 34 25 45 27 34 53 48 20 9 23 39 29 3 42 34 43 31 31 27 26 43 20 52 33 3 17 44 38 36 38 35 42 26 42 33 29 20 28 36 38 32 37 19 24 32 12 31 34 34 28 39 24 31 21 22 43 44 54 11 18 22 20 4 26 41 42 42 38 34 31 43 23 3 7 12 43 33 20 41 33 38 40 44 16 16 13 37 32 33 20 36 39 0 42 28 29 31 17 44 54 21 33 18 32 28 8 36 24 28 26 42 22 13 50 40 36 34
41 23 25 36 49 45 52 33 17 39 38 10 2 38 35 45 18 52 7 33 43 12 56 18 17 22 22 32 45 45 34 20 23 53 8 46 25 20 46 40 43 22 36 33 12 16 44 56 8 2 14 51 15 49 41 22 37 27 40 25 24 53 34 50 23 46 48 32 26 29 41 49 18 20 51 49 30 27 41 30 50 9 45 14 20 49 46 43 37 43 45 38 44 25 43 22 40 20 11 53 21 24 13 47 6 27 39 45 30 3 14 23 25 12 22 45 21 26 26 32 52 15 14 22 47 47 42 0 14 26 23 29 31 40 21 13 24 15 45 34 48 44 45 30 33 20 29 34 26 33 31
35 18 13 39 45 31 46 33 22 42 39 8 12 29 37 37 23 48 8 19 29 3 50 4 10 8 25 26 35 31 20 23 19 48 7 38 29 17 41 43 46 8 23 27 17 13 30 51 7 15 14 44 1 41 42 8 40 27 26 11 28 47 34 44 24 45 40 35 26 26 33 41 20 23 44 44 22 23 37 17 43 10 40 1 23 40 40 35 31 43 45 41 31 17 34 8 26 15 18 48 26 27 14 41 16 22 25 31 16 15 14 15 28 13 25 43 26 12 12 20 46 15 15 8 42 44 28 14 0 24 23 21 34 43 7 13 10 15 39 20 43 36 39 26 36 6 15 37 29 33 31
16 6 16 18 23 32 27 9 16 22 15 18 27 16 13 23 16 26 20 26 28 27 30 23 14 20 14 10 25 29 28 12 5 27 20 24 18 7 20 24 22 27 20 11 18 12 33 30 20 26 12 27 24 27 18 20 23 3 31 25 18 27 10 24 8 22 26 13 3 3 20 26 11 12 26 23 10 5 15 18 25 18 20 25 14 28 21 22 15 19 21 25 26 12 21 25 25 9 20 28 17 10 14 22 24 6 29 36 23 29 13 11 14 14 12 20 20 24 28 17 26 12 13 22 22 21 29 26 24 0 4 12 15 25 25 14 22 12 21 22 22 22 21 6 13 25 23 21 12 9 7
20 7 17 18 26 35 31 10 12 21 16 16 24 20 14 27 12 29 17 27 31 26 34 22 13 19 10 14 29 32 29 8 6 30 18 28 14 6 24 23 23 26 23 15 14 10 35 34 18 23 9 31 23 31 19 19 21 4 32 24 14 31 11 28 4 23 30 12 3 7 24 30 7 8 30 27 13 9 19 19 29 15 24 24 10 32 25 26 19 20 22 23 29 13 25 24 28 8 16 31 13 7 11 26 21 9 30 38 24 26 10 12 11 11 8 22 16 23 27 19 30 9 10 21 26 24 31 23 23 4 0 15 13 24 24 11 21 9 25 23 26 26 25 10 13 24 24 19 9 10 8
16 9 8 30 26 20 26 20 26 34 24 19 28 8 24 16 26 29 22 15 16 24 30 17 12 13 24 7 16 17 17 22 9 28 21 17 29 12 22 36 31 19 8 8 26 16 21 31 21 30 18 23 20 20 27 13 35 15 19 17 28 27 19 25 19 29 19 25 15 12 12 20 21 22 23 24 2 7 19 7 22 21 21 21 24 20 20 14 10 27 29 37 15 5 13 17 13 12 28 29 27 22 21 21 30 6 17 24 13 31 20 6 26 20 23 27 30 16 20 5 26 19 20 14 23 26 17 29 21 12 15 0 27 37 17 20 14 19 18 10 24 15 18 9 25 17 14 33 24 19 17
28 20 30 5 27 47 36 9 14 8 10 27 33 30 7 35 13 29 28 40 43 37 38 34 25 32 9 24 38 44 42 11 19 31 29 36 8 19 29 10 13 38 35 25 19 21 48 37 29 29 20 39 34 39 13 32 8 12 45 37 9 36 13 30 10 20 38 4 12 17 33 38 14 11 38 31 25 20 23 32 37 26 28 35 11 40 33 35 28 16 17 10 41 26 33 36 40 20 20 32 11 7 20 34 25 21 43 51 37 34 20 25 6 22 9 20 12 36 40 32 35 19 19 33 30 24 44 31 34 15 13 27 0 11 36 21 34 19 33 36 31 34 33 20 4 36 37 6 5 10 12
36 31 41 7 34 58 43 17 23 3 17 36 42 38 15 43 22 36 37 51 54 46 45 43 36 43 18 32 46 53 53 20 30 38 38 44 15 30 36 1 14 47 45 33 28 31 58 44 38 38 29 46 43 47 19 43 3 22 56 48 16 43 21 37 21 26 46 13 23 25 41 45 23 20 45 38 35 30 30 43 44 35 35 44 20 47 40 43 36 22 22 2 49 37 41 47 50 31 29 39 19 17 29 41 34 31 54 61 47 43 29 35 15 31 18 27 19 46 50 42 42 28 28 43 37 31 54 40 43 25 24 37 11 0 46 30 44 28 40 47 38 42 40 28 12 45 47 6 15 18 20
33 19 9 41 43 24 44 34 26 44 40 13 19 25 38 33 27 46 14 12 22 9 48 3 11 5 29 24 31 24 13 26 20 45 13 34 33 18 39 46 47 2 18 25 23 16 23 49 13 22 17 40 6 37 43 5 43 28 19 4 32 45 35 42 26 46 36 36 27 27 29 37 23 26 40 42 19 22 36 13 39 15 38 7 27 36 38 31 27 44 46 44 26 14 30 1 19 16 24 46 30 29 19 38 22 21 18 24 9 22 18 14 31 17 28 44 31 5 5 16 43 18 19 3 40 43 21 21 7 25 24 17 36 46 0 18 4 18 35 14 41 32 35 26 37 1 8 40 31 34 32
29 11 16 26 37 36 40 20 8 29 26 6 13 26 24 33 9 40 7 25 34 16 44 15 8 15 12 20 35 36 27 10 11 41 8 34 16 8 34 30 33 19 27 21 6 4 36 44 8 12 2 39 14 37 29 15 27 15 32 20 15 41 22 38 11 34 36 22 14 17 30 37 7 10 39 37 19 15 29 21 38 5 33 14 10 38 34 32 25 31 33 28 35 16 31 19 31 8 8 41 12 14 1 35 10 15 31 38 22 16 1 14 15 1 12 33 13 19 23 23 40 2 2 17 35 35 33 13 13 14 11 20 21 30 18 0 17 2 33 25 36 32 33 18 23 17 22 24 16 21 19
30 16 6 39 40 21 40 31 25 42 37 14 22 22 35 30 26 43 17 9 19 12 44 6 9 2 27 21 27 21 10 25 17 42 16 31 32 15 36 44 44 5 15 22 23 14 20 45 16 25 16 37 9 34 40 2 42 25 16 3 31 41 32 39 24 43 33 33 24 24 25 34 22 25 37 38 16 19 33 9 36 16 35 10 26 32 34 27 24 41 43 43 23 11 27 3 16 14 25 43 29 27 18 35 25 18 15 21 6 25 17 11 30 17 27 41 30 2 6 12 40 17 18 2 37 40 18 24 10 22 21 14 34 44 4 17 0 17 32 11 38 29 32 23 34 5 5 39 29 31 29
28 10 16 24 35 36 39 18 8 27 24 8 15 25 22 32 9 38 9 25 33 18 42 15 8 15 10 19 34 35 27 8 10 39 10 33 15 7 32 28 31 19 26 20 7 3 36 42 10 14 1 38 15 36 27 15 25 13 32 20 14 39 20 36 9 32 35 20 12 15 29 36 5 8 38 35 18 14 27 20 37 7 32 16 9 37 33 31 24 29 31 26 34 15 30 19 30 7 9 40 12 12 2 34 12 14 31 38 22 18 1 13 13 3 10 31 13 19 23 22 38 0 1 17 34 33 32 15 15 12 9 19 19 28 18 2 17 0 32 24 34 31 32 17 21 17 22 22 14 19 17
5 22 26 34 12 29 9 24 37 37 23 36 45 10 26 3 37 14 39 30 26 42 13 35 30 31 35 13 9 22 32 33 22 13 38 4 39 25 7 39 29 37 20 12 39 30 31 14 38 45 31 6 38 6 23 31 39 23 31 33 39 10 20 10 29 18 5 29 24 18 8 5 32 33 6 9 17 18 10 23 5 37 7 39 35 7 3 7 8 21 22 41 17 22 6 35 24 26 41 14 38 31 34 3 43 18 29 35 29 48 33 24 35 33 33 17 41 32 36 20 9 32 33 32 8 13 28 45 39 21 25 18 33 40 35 33 32 32 0 24 8 4 0 16 29 35 30 39 33 23 21
24 17 9 40 35 11 33 30 32 44 34 24 32 15 34 21 32 38 27 6 9 23 37 17 17 12 31 16 17 11 8 29 17 37 26 21 36 18 30 46 41 14 4 17 31 21 11 38 26 35 23 27 20 24 37 12 44 25 9 11 35 34 29 34 27 38 23 35 25 22 16 24 27 29 28 33 12 17 28 4 27 26 30 21 31 22 27 17 18 37 39 46 12 10 18 13 6 18 33 38 34 30 26 27 35 16 7 15 5 35 25 12 33 25 30 36 36 9 12 5 33 24 25 13 32 35 8 34 20 22 23 10 36 47 14 25 11 24 24 0 32 20 24 19 35 15 6 42 32 29 27
8 26 32 32 5 37 5 22 37 35 21 40 49 17 24 11 37 6 43 38 34 47 8 40 34 36 34 17 17 30 40 33 25 5 42 11 37 28 2 37 24 43 28 16 40 33 39 8 41 48 34 9 43 12 19 36 37 23 39 40 37 5 18 2 29 12 11 27 24 19 16 10 33 33 8 1 22 22 8 30 7 40 3 44 35 13 5 15 14 16 16 39 25 27 14 41 32 30 42 6 37 29 36 5 46 22 37 43 36 51 36 28 33 36 31 11 39 39 43 27 4 34 35 38 1 7 36 48 43 22 26 24 31 38 41 36 38 34 8 32 0 12 8 18 27 41 37 37 31 21 19
7 21 23 35 16 25 13 25 38 39 26 35 44 7 28 1 38 18 38 26 22 39 17 32 28 28 36 12 5 18 28 34 21 17 37 2 40 24 11 41 32 34 16 11 38 29 27 18 37 44 30 8 35 5 26 28 40 24 27 30 40 14 22 14 30 22 4 30 25 19 4 5 33 34 8 13 15 17 13 20 7 36 11 36 36 6 7 3 7 24 25 42 13 20 2 32 20 25 40 18 39 32 33 7 42 17 25 31 25 47 32 21 36 32 34 21 42 29 32 17 13 31 32 29 12 17 24 44 36 22 26 15 34 42 32 32 29 31 4 20 12 0 4 16 30 32 26 40 34 24 22
5 22 26 34 12 29 9 24 37 37 23 36 45 10 26 3 37 14 39 30 26 42 13 35 30 31 35 13 9 22 32 33 22 13 38 4 39 25 7 39 29 37 20 12 39 30 31 14 38 45 31 6 38 6 23 31 39 23 31 33 39 10 20 10 29 18 5 29 24 18 8 5 32 33 6 9 17 18 10 23 5 37 7 39 35 7 3 7 8 21 22 41 17 22 6 35 24 26 41 14 38 31 34 3 43 18 29 35 29 48 33 24 35 33 33 17 41 32 36 20 9 32 33 32 8 13 28 45 39 21 25 18 33 40 35 33 32 32 0 24 8 4 0 16 29 35 30 39 33 23 21
11 8 17 22 19 29 22 11 22 25 15 22 31 10 15 17 22 22 24 24 25 29 26 24 16 21 20 4 19 25 26 18 7 22 24 18 24 10 16 27 22 28 17 5 24 15 30 26 23 30 16 22 26 21 18 21 26 8 28 26 24 23 10 19 14 20 20 16 9 3 14 20 17 18 21 18 7 4 11 16 20 22 15 27 20 22 16 16 9 18 20 28 21 12 15 26 22 12 26 23 23 16 19 17 28 5 26 33 22 33 18 12 20 18 18 18 26 25 29 14 22 17 18 23 17 18 26 30 26 6 10 9 20 28 26 18 23 17 16 19 18 16 16 0 16 26 23 26 18 10 8
24 19 29 5 23 46 32 5 16 9 6 29 35 26 3 31 15 25 30 39 42 39 34 35 26 32 12 20 34 41 41 13 18 27 31 32 12 19 25 11 10 39 33 21 21 23 46 33 31 31 22 35 36 35 9 32 10 10 44 37 13 32 9 26 12 16 34 1 11 13 29 34 16 13 34 27 23 18 19 31 33 28 24 37 13 36 29 31 24 12 13 12 37 25 29 37 38 21 22 28 15 9 22 30 27 19 42 49 36 36 22 24 10 24 11 16 16 36 40 30 31 21 21 34 26 20 42 33 36 13 13 25 4 12 37 23 34 21 29 35 27 30 29 16 0 37 36 10 8 6 8
33 19 9 41 43 25 44 34 25 44 40 12 18 25 38 33 26 46 13 13 23 8 48 2 11 5 28 24 31 25 14 25 20 45 12 34 32 18 39 45 47 2 19 25 22 15 24 49 12 21 16 40 5 37 43 5 42 28 20 5 31 45 35 42 26 46 36 36 27 27 29 37 22 25 40 42 19 22 36 13 39 14 38 6 26 36 38 31 27 44 46 43 27 14 30 2 20 16 23 46 29 29 18 38 21 21 19 25 10 21 17 14 30 16 27 44 30 6 6 16 43 17 18 3 40 43 22 20 6 25 24 17 36 45 1 17 5 17 35 15 41 32 35 26 37 0 9 39 31 34 32
29 17 7 41 40 16 39 32 30 45 37 19 27 20 36 27 31 43 22 4 14 17 43 11 14 7 31 21 24 16 5 29 18 42 21 28 36 19 35 47 44 7 10 22 28 19 15 44 21 30 21 33 14 30 40 7 45 26 11 4 35 40 32 39 27 43 29 35 25 24 22 30 27 29 34 38 16 19 33 7 33 21 35 15 31 28 33 23 23 41 43 47 18 11 24 7 11 17 30 43 34 30 23 33 30 18 10 16 1 30 22 12 34 22 31 41 35 3 6 10 39 22 23 7 37 40 13 29 15 23 24 14 37 47 8 22 5 22 30 6 37 26 30 23 36 9 0 42 32 31 29
34 25 35 5 33 53 42 15 17 5 16 30 36 36 13 41 16 35 31 45 49 40 44 37 30 37 12 30 44 50 47 14 25 37 32 42 9 24 35 6 15 41 41 31 22 25 54 43 32 32 23 45 37 45 18 37 3 18 51 42 10 42 19 36 15 25 44 10 18 23 39 44 17 14 44 37 31 26 29 38 43 29 34 38 14 46 39 41 34 21 22 4 47 32 39 41 46 25 23 38 13 12 23 40 28 27 49 57 42 37 23 30 9 25 12 26 13 41 45 38 41 22 22 38 36 30 50 34 37 21 19 33 6 6 40 24 39 22 39 42 37 40 39 26 10 39 42 0 10 16 18
28 15 25 10 29 44 36 9 9 13 13 22 28 28 10 35 8 31 23 35 40 32 39 29 20 27 4 22 37 41 37 6 15 33 24 36 6 14 29 15 18 33 32 23 14 16 44 38 24 24 15 39 29 39 16 27 12 10 41 32 6 36 13 31 5 23 38 7 9 15 32 38 9 6 38 31 22 17 23 28 37 21 28 30 6 40 33 34 27 19 20 14 38 22 33 31 37 15 15 34 7 2 15 34 20 18 39 47 32 29 15 20 2 17 4 23 9 31 35 28 35 14 14 28 30 26 40 26 29 12 9 24 5 15 31 16 29 14 33 32 31 34 33 18 8 31 32 10 0 10 12
18 15 25 11 19 40 26 1 17 15 6 26 34 20 5 25 16 21 27 34 36 36 29 32 23 29 14 14 28 35 36 14 14 23 28 26 16 16 19 17 13 36 27 15 22 20 40 28 28 32 19 29 33 29 9 29 16 6 38 34 16 26 3 21 10 15 28 6 7 7 23 28 15 14 28 21 17 12 13 25 27 25 18 34 14 30 23 25 18 11 13 18 31 20 23 34 32 18 23 24 17 10 20 24 28 13 36 43 30 36 20 20 12 21 12 14 19 33 37 24 25 19 19 31 20 16 36 33 33 9 10 19 10 18 34 21 31 19 23 29 21 24 23 10 6 34 31 16 10 0 2
16 13 23 13 18 37 24 3 18 17 8 24 32 18 7 23 17 21 25 31 33 34 27 30 21 27 14 12 25 33 33 14 12 22 26 24 18 14 17 19 15 34 25 13 22 18 38 27 26 31 17 27 31 27 11 27 18 4 36 32 18 24 3 20 10 15 26 8 5 5 21 26 15 14 26 20 15 10 11 23 25 23 16 32 14 28 21 22 16 12 14 20 29 18 21 32 30 16 23 23 17 10 19 22 28 11 34 41 28 34 18 18 14 19 12 14 20 31 35 22 23 17 18 29 18 16 34 31 31 7 8 17 12 20 32 19 29 17 21 27 19 22 21 8 8 32 29 18 12 2 0
0         978      
200       322      
126       248      
552       674      
16        133      
90        224      
16        146      
581       717      
388       542      
558       680      
579       731      
362       513      
477       619      
0         85       
574       711      
0         84       
457       571      
18        156      
186       310      
275       421      
80        210      
150       303      
6         161      
153       297      
239       399      
118       255      
411       558      
835       959      
48        189      
70        203      
93        228      
470       589      
245       378      
4         148      
155       318      
0         125      
441       594      
206       344      
0         146      
729       886      
610       752      
127       299      
316       427      
0         107      
382       534      
196       346      
92        224      
686       820      
177       304      
470       621      
379       516      
0         119      
374       522      
0         112      
587       743      
254       395      
558       675      
214       350      
96        261      
144       272      
402       544      
18        154      
585       719      
0         156      
436       593      
601       763      
695       806      
533       667      
209       342      
232       382      
0         80       
0         128      
428       585      
437       566      
47        173      
24        165      
333       468      
231       381      
645       762      
109       250      
0         116      
150       323      
655       783      
131       294      
418       557      
29        161      
0         82       
0         109      
0         86       
591       752      
596       734      
536       710      
64        193      
303       464      
0         75       
123       276      
76        206      
179       352      
462       623      
645       802      
393       561      
431       580      
176       316      
0         119      
489       623      
302       460      
87        250      
75        232      
282       414      
513       647      
189       316      
224       370      
409       553      
190       331      
417       574      
613       779      
432       547      
261       402      
281       401      
319       465      
3         158      
188       304      
198       331      
117       253      
0         125      
654       796      
60        230      
764       934      
167       305      
210       341      
188       340      
321       429      
531       659      
569       686      
363       501      
168       329      
114       282      
187       331      
0         64       
99        244      
9         151      
0         70       
0         78       
336       446      
572       690      
137       286      
247       406      
574       711      
521       686      
710       874      
806       934      
