151
0 14 6 30 6 36 30 35 20 21 7 24 41 10 15 12 41 41 48 14 36 2 19 22 2 44 35 25 46 11 13 17 24 15 17 29 25 42 39 36 29 18 18 9 34 4 28 22 27 15 43 24 28 26 15 7 28 42 41 26 32 22 32 36 33 33 42 33 44 8 24 15 31 40 30 31 22 23 6 43 33 16 22 18 22 29 8 9 26 25 32 29 19 6 37 37 29 10 22 35 48 10 23 8 29 30 33 32 32 42 36 19 5 40 31 23 18 5 38 3 20 15 45 13 18 31 20 4 20 19 20 11 30 39 8 32 34 41 30 28 37 8 40 38 32 29 25 15 6 14 25
14 0 19 33 7 31 16 35 7 34 21 10 36 3 5 25 34 33 36 9 40 11 10 9 11 32 27 35 48 2 23 12 13 26 4 35 31 30 31 32 32 5 30 15 37 17 35 30 33 3 36 11 33 32 5 20 17 31 40 20 28 34 22 29 32 19 40 35 46 21 30 8 19 40 34 33 23 13 13 42 21 10 9 10 9 22 8 4 13 11 36 36 26 19 33 30 32 23 35 23 36 3 36 15 30 28 25 20 38 35 24 32 16 33 29 22 31 8 32 14 10 5 33 18 10 34 29 17 25 10 7 17 30 31 7 23 37 41 20 22 30 18 29 29 25 16 12 2 8 10 15
6 19 0 34 10 42 35 41 25 19 5 28 47 14 18 12 47 47 54 16 40 8 21 27 7 50 41 28 50 15 16 23 30 17 21 32 29 48 45 42 33 22 19 15 38 8 30 24 31 19 49 29 32 30 18 3 33 47 47 32 38 23 38 42 39 38 48 37 48 10 28 21 37 44 34 36 28 25 12 49 39 22 25 20 27 35 11 14 28 29 36 31 23 5 43 43 34 9 20 41 54 15 24 14 34 36 39 38 36 48 42 18 10 46 37 29 17 10 44 3 26 21 50 19 24 35 22 7 25 25 24 17 36 45 14 38 39 47 36 34 43 13 46 44 38 34 30 19 10 16 27
30 33 34 0 31 14 39 7 33 31 32 39 16 32 37 26 21 28 38 39 7 29 42 34 29 36 26 15 16 32 19 21 30 19 37 7 7 39 28 12 2 37 20 21 5 26 10 12 6 36 23 33 4 5 37 34 29 33 13 16 10 18 29 21 7 40 14 3 14 25 7 25 35 10 3 2 10 45 24 15 35 23 41 42 32 24 34 31 45 38 5 11 12 31 11 21 1 29 27 38 40 31 21 22 3 8 27 35 7 24 38 27 25 26 7 11 25 30 16 32 28 28 37 16 25 2 15 27 9 26 38 18 5 29 27 30 5 13 31 16 22 21 38 33 18 40 38 35 31 39 47
6 7 10 31 0 34 23 35 14 27 13 17 39 4 9 18 39 38 43 8 38 4 13 16 4 39 32 30 47 5 17 15 20 20 11 31 27 37 36 35 30 12 23 10 35 10 31 25 29 9 41 18 30 28 9 12 23 37 41 24 31 27 28 34 33 26 42 34 45 14 26 12 26 40 32 32 22 17 7 43 28 14 16 12 16 27 3 4 20 18 34 32 22 12 36 35 31 16 28 30 43 5 29 9 29 29 30 27 34 40 31 25 9 38 30 22 24 1 36 7 16 11 40 14 15 32 23 10 21 15 14 12 30 36 5 29 35 41 26 26 35 12 36 35 30 23 19 9 1 9 19
36 31 42 14 34 0 29 10 28 43 40 34 5 32 36 35 6 14 24 39 19 34 41 28 35 23 13 29 22 32 27 19 22 29 34 21 20 26 15 3 16 34 32 27 18 34 24 24 20 34 8 26 18 19 36 42 19 20 12 10 5 31 17 8 8 29 11 14 20 33 19 22 24 15 17 13 14 42 30 13 23 20 38 41 26 12 37 31 41 31 18 25 22 39 6 7 13 37 40 25 27 30 34 28 12 7 14 23 20 9 25 38 32 12 7 13 36 34 2 39 22 25 24 23 21 16 27 35 18 21 34 25 9 16 29 17 16 13 19 8 9 29 25 20 6 31 31 32 35 39 44
30 16 35 39 23 29 0 37 9 50 36 9 34 19 19 40 29 23 24 23 45 27 21 7 27 20 18 47 50 18 35 20 9 38 15 44 40 17 20 31 39 15 42 28 44 32 46 41 42 17 28 6 41 40 18 35 10 19 40 23 30 46 12 22 35 3 40 40 48 35 39 17 6 42 41 38 30 21 27 42 8 18 16 22 8 17 24 20 17 6 43 47 37 35 34 23 38 38 49 9 23 18 48 28 36 31 15 7 45 26 10 46 30 23 32 28 44 24 28 30 12 15 21 29 15 41 41 32 34 14 12 29 34 20 21 13 42 42 10 23 22 31 16 17 23 2 5 15 24 23 22
35 35 41 7 35 10 37 0 34 38 39 40 9 36 40 33 15 24 34 43 9 34 45 35 35 33 23 22 13 35 26 22 29 26 38 14 14 36 25 7 9 39 27 26 8 33 17 19 13 38 17 33 11 12 40 41 27 30 6 15 7 25 26 18 2 38 7 5 10 32 14 26 32 5 9 5 13 47 29 8 32 24 43 45 32 21 38 34 47 38 9 18 19 38 4 17 7 36 34 35 37 34 28 27 7 6 24 32 10 18 35 34 31 22 4 12 32 34 12 38 27 29 34 22 25 8 22 34 16 26 39 24 5 26 30 27 6 6 28 13 19 28 35 30 15 38 37 36 35 42 49
20 7 25 33 14 28 9 34 0 40 27 6 33 10 11 30 29 27 30 15 39 17 15 2 18 26 21 39 47 9 27 12 7 30 8 36 32 23 25 29 32 8 34 19 37 23 38 33 34 9 31 4 34 32 11 26 11 25 38 18 26 38 16 24 31 12 38 35 44 26 31 9 12 39 34 32 23 15 18 40 14 10 10 16 3 17 15 10 13 6 36 39 29 26 31 25 32 29 40 16 29 9 40 19 30 26 19 13 38 30 17 37 21 27 27 22 35 15 28 21 5 6 27 21 8 34 33 23 26 7 6 21 29 25 12 17 36 39 14 19 25 22 22 23 22 9 6 7 15 16 16
21 34 19 31 27 43 50 38 40 0 14 44 47 31 36 10 49 54 63 35 35 23 40 42 23 60 49 18 45 32 16 32 42 13 38 26 24 60 53 41 29 39 11 21 33 17 23 19 26 36 51 43 27 26 36 16 44 56 44 36 38 13 47 47 37 52 45 34 44 14 24 32 49 41 30 33 28 44 22 46 50 32 43 39 41 44 29 30 47 45 32 23 20 15 41 47 31 11 4 53 64 31 10 21 32 35 48 50 31 51 53 4 19 52 36 30 6 26 45 21 37 34 60 22 35 31 16 17 23 36 41 22 34 53 28 48 35 44 47 37 47 18 57 54 41 49 46 36 27 35 46
7 21 5 32 13 40 36 39 27 14 0 30 45 17 22 7 45 47 55 21 37 9 26 29 9 51 42 23 47 18 13 23 31 14 24 28 25 49 46 40 30 25 14 13 34 6 26 21 27 22 47 31 28 27 22 2 35 48 45 30 36 18 39 41 37 39 46 35 45 7 25 22 38 42 31 34 26 30 11 47 40 23 29 25 29 36 15 16 33 31 33 27 20 1 41 41 32 4 15 42 55 17 19 12 32 34 40 39 32 46 43 13 8 46 35 27 12 12 42 7 27 22 52 17 25 32 18 5 23 26 27 15 34 46 15 39 36 45 37 32 42 11 47 45 36 36 32 22 13 21 32
24 10 28 39 17 34 9 40 6 44 30 0 39 13 10 35 35 30 33 14 45 21 12 5 21 29 25 45 53 12 33 18 11 36 7 42 38 26 28 35 38 6 40 25 43 27 44 39 40 9 35 8 40 38 10 29 15 28 44 24 32 44 19 28 37 12 44 41 50 31 37 15 15 45 40 38 29 12 23 46 17 16 7 13 7 21 17 14 8 3 42 45 35 29 37 29 38 33 45 18 32 13 46 25 36 32 22 16 44 33 19 42 26 30 33 28 41 18 33 24 11 12 30 27 14 40 39 27 32 13 4 27 35 28 17 20 42 45 17 25 29 28 25 26 27 7 4 8 18 14 13
41 36 47 16 39 5 34 9 33 47 45 39 0 37 41 39 7 16 26 44 18 39 46 33 40 25 15 31 20 37 32 24 27 33 39 23 23 28 17 5 18 39 35 32 17 39 26 28 22 39 9 31 20 21 41 47 24 22 9 15 9 34 20 10 9 33 8 14 18 38 22 27 27 13 18 14 19 47 35 10 26 25 43 46 31 17 42 36 46 36 18 27 26 44 5 9 15 42 43 28 29 35 37 33 14 11 17 26 19 10 28 42 37 14 10 18 40 39 5 44 27 30 26 28 26 17 30 40 22 26 39 30 12 18 34 20 15 11 22 13 11 34 27 22 11 34 35 37 40 44 49
10 3 14 32 4 32 19 36 10 31 17 13 37 0 5 22 37 36 39 7 39 8 10 12 8 35 30 33 48 1 20 13 16 23 7 34 29 33 34 33 32 8 27 12 37 14 33 27 31 5 39 14 32 30 5 16 20 34 41 22 30 31 25 32 33 22 42 35 46 18 28 10 22 41 34 33 23 13 10 43 24 12 12 10 12 25 5 1 16 14 36 34 24 16 35 33 32 20 32 26 39 2 33 12 30 29 28 23 36 38 27 29 13 36 30 22 28 5 34 11 13 8 36 16 13 34 26 14 23 13 10 14 30 34 4 26 37 42 23 24 33 15 32 32 28 19 15 5 5 8 15
15 5 18 37 9 36 19 40 11 36 22 10 41 5 0 27 39 38 41 4 44 13 5 12 13 37 32 38 53 5 25 17 18 28 3 39 34 34 36 37 37 4 32 17 42 19 38 32 36 2 41 15 37 35 0 20 22 36 45 25 33 36 27 34 37 22 45 40 50 23 33 13 23 45 39 38 27 8 15 47 25 15 7 5 14 27 7 6 11 13 41 39 29 21 38 35 36 25 37 27 40 6 38 17 34 33 30 24 41 40 28 34 18 38 34 27 33 10 37 15 15 10 38 21 15 38 31 19 28 15 6 19 35 36 9 28 41 46 25 27 35 20 33 34 30 17 13 4 9 5 10
12 25 12 26 18 35 40 33 30 10 7 35 39 22 27 0 41 45 53 26 30 14 31 32 14 50 40 15 40 23 7 22 32 7 29 21 19 50 44 34 24 30 7 11 28 8 19 14 21 27 43 33 22 21 27 9 34 47 39 27 30 11 37 38 31 42 40 29 39 4 19 22 39 36 25 28 20 35 12 41 40 22 34 30 31 34 20 21 38 36 27 20 14 7 35 38 26 3 10 43 54 22 12 11 26 28 38 40 26 43 43 7 9 43 29 22 6 17 37 13 27 24 50 13 25 26 11 8 17 26 32 12 28 44 18 38 30 39 37 29 39 8 47 44 33 39 36 27 18 26 37
41 34 47 21 39 6 29 15 29 49 45 35 7 37 39 41 0 9 19 43 24 39 44 29 40 18 10 35 27 36 33 24 22 35 37 27 26 21 10 9 22 37 38 32 23 39 30 30 26 37 2 26 24 25 39 47 19 15 16 15 11 37 15 5 14 28 15 20 25 39 25 27 22 20 23 19 20 44 35 17 21 25 39 44 26 12 42 36 42 31 24 31 28 44 11 4 19 43 46 23 22 35 40 33 18 13 12 21 25 3 22 44 37 7 13 19 42 39 4 44 24 29 19 29 24 22 33 40 24 24 35 31 15 11 34 15 21 18 17 13 5 35 20 15 9 29 30 35 40 44 45
41 33 47 28 38 14 23 24 27 54 47 30 16 36 38 45 9 0 10 42 33 39 42 26 40 9 6 43 36 35 38 24 20 40 35 35 33 12 2 17 30 35 43 34 32 41 38 37 34 36 7 23 32 32 38 48 16 6 25 17 18 44 11 6 22 21 24 28 34 42 32 26 16 29 31 26 25 42 36 26 14 24 37 43 24 11 41 35 38 27 32 39 34 46 20 7 27 46 51 15 13 34 47 35 25 20 8 15 34 6 14 50 39 2 20 23 47 38 12 44 23 28 10 31 23 29 39 42 30 23 33 33 22 2 33 10 30 27 13 15 5 37 11 6 11 24 26 34 39 43 43
48 36 54 38 43 24 24 34 30 63 55 33 26 39 41 53 19 10 0 45 43 45 45 29 46 4 14 52 46 38 47 31 24 49 38 45 43 7 10 27 40 38 53 41 42 48 48 47 44 39 17 26 42 42 41 55 20 6 35 26 28 54 15 16 32 21 34 38 44 49 42 32 18 39 41 36 34 45 43 36 16 30 40 46 27 18 44 40 41 30 42 49 43 53 30 17 37 53 61 15 3 38 57 42 35 30 14 17 44 16 14 59 45 12 30 32 56 44 22 50 27 32 3 39 28 39 48 48 39 28 36 41 32 9 38 14 40 37 17 25 15 44 8 8 21 26 29 37 44 46 46
14 9 16 39 8 39 23 43 15 35 21 14 44 7 4 26 43 42 45 0 46 12 5 16 12 41 36 38 55 7 25 20 22 28 7 39 35 38 40 40 38 8 31 18 43 18 39 33 37 6 45 19 38 36 4 19 26 40 48 29 37 35 31 38 40 26 49 42 53 22 34 16 27 48 40 40 29 9 15 50 29 18 9 4 18 31 6 8 12 16 42 40 30 20 42 39 38 24 36 31 44 8 37 17 36 36 34 28 42 44 32 33 17 42 37 29 32 9 40 14 19 14 42 22 19 40 31 18 29 19 10 20 37 40 11 32 43 49 29 30 39 20 37 38 34 21 17 8 8 1 11
36 40 40 7 38 19 45 9 39 35 37 45 18 39 44 30 24 33 43 46 0 35 49 41 36 42 32 17 10 39 23 27 36 23 43 9 11 45 34 16 7 44 24 27 2 32 12 16 9 43 26 40 8 9 44 38 35 39 12 22 16 22 35 27 11 46 13 5 9 29 11 31 41 7 5 7 16 52 30 12 41 29 48 49 38 30 40 38 52 44 3 12 16 35 13 26 8 33 31 44 46 37 25 28 9 14 33 41 4 27 44 31 31 31 13 17 29 36 21 38 34 34 43 23 31 5 19 33 15 32 44 24 11 35 34 36 3 10 37 22 28 27 44 39 24 46 44 41 37 45 54
2 11 8 29 4 34 27 34 17 23 9 21 39 8 13 14 39 39 45 12 35 0 17 19 1 41 32 26 45 9 13 15 22 16 15 28 24 40 36 34 28 16 19 7 33 6 28 22 26 13 41 21 27 26 13 9 25 39 40 24 30 23 29 34 31 29 40 32 43 10 23 13 29 38 29 30 20 21 4 41 31 14 20 16 20 27 6 7 24 22 31 29 19 8 35 35 28 12 24 33 46 8 25 6 27 28 31 30 31 40 34 21 5 38 29 21 20 3 36 5 18 13 42 11 16 29 20 6 18 17 18 9 28 37 6 30 32 40 28 26 35 8 38 36 30 26 23 13 4 12 23
19 10 21 42 13 41 21 45 15 40 26 12 46 10 5 31 44 42 45 5 49 17 0 16 17 41 36 43 58 10 30 22 22 33 7 44 39 38 40 42 42 7 36 22 47 23 43 37 41 7 45 19 42 40 5 24 26 40 50 30 38 40 31 38 42 24 50 45 55 27 38 18 27 50 44 43 32 4 20 52 29 20 5 1 18 31 11 11 8 15 46 44 34 25 43 39 41 29 41 30 44 11 42 22 39 38 34 28 46 44 31 38 22 42 39 32 37 14 42 19 19 15 42 26 20 43 36 23 33 19 9 24 40 40 14 32 46 51 29 32 39 25 37 38 35 19 16 8 13 5 6
22 9 27 34 16 28 7 35 2 42 29 5 33 12 12 32 29 26 29 16 41 19 16 0 20 25 20 41 48 11 29 14 6 32 9 38 34 22 24 30 34 9 36 21 39 25 40 35 36 10 30 3 35 34 12 28 10 24 39 19 27 40 15 23 32 10 39 36 45 28 33 11 11 40 36 34 24 16 20 41 13 12 11 17 2 16 17 12 13 4 38 41 31 27 32 24 33 31 42 15 28 11 42 21 31 27 18 12 40 29 16 39 23 26 28 23 37 17 28 23 6 8 26 23 9 35 35 25 28 8 7 23 30 24 14 16 38 40 13 20 24 24 21 22 22 7 4 8 17 17 17
2 11 7 29 4 35 27 35 18 23 9 21 40 8 13 14 40 40 46 12 36 1 17 20 0 42 33 26 45 9 13 16 23 16 15 29 25 41 37 35 28 16 19 8 33 6 28 22 27 13 42 22 28 27 13 9 26 40 41 25 31 23 30 35 32 30 41 32 43 10 24 14 30 39 30 31 21 21 5 42 32 15 20 16 20 28 6 8 24 22 32 29 20 8 36 36 29 12 24 34 47 9 25 7 28 29 32 31 32 41 35 21 5 39 30 22 20 3 37 4 19 14 43 12 17 30 20 6 19 18 18 10 29 38 7 31 33 41 29 27 36 8 39 37 31 27 23 13 4 12 23
44 32 50 36 39 23 20 33 26 60 51 29 25 35 37 50 18 9 4 41 42 41 41 25 42 0 11 50 45 34 44 27 20 46 34 43 41 4 8 26 38 34 49 37 41 44 46 44 42 35 16 22 40 40 37 50 16 3 34 23 26 51 11 15 31 17 33 37 43 45 40 28 14 38 39 35 31 41 39 35 12 26 36 42 23 15 40 36 37 26 41 47 40 49 29 16 35 49 57 11 4 34 54 38 34 28 11 13 43 15 10 55 41 11 29 29 53 40 21 46 23 28 1 36 24 38 45 44 36 24 32 37 31 7 34 10 39 36 13 22 14 40 4 4 19 22 25 33 40 42 42
35 27 41 26 32 13 18 23 21 49 42 25 15 30 32 40 10 6 14 36 32 32 36 20 33 11 0 39 35 29 33 18 14 35 29 33 30 13 4 16 27 29 38 28 31 35 36 33 31 30 10 17 29 29 32 41 10 8 24 12 16 40 5 5 21 17 23 27 33 36 29 20 12 28 29 25 20 36 30 25 10 18 31 37 18 5 35 29 33 22 31 36 29 40 19 6 25 40 46 13 15 28 43 29 23 18 2 11 33 9 13 45 33 6 19 18 42 32 11 37 17 22 12 26 17 28 34 36 25 17 27 28 21 5 27 5 29 26 7 11 5 31 12 7 8 19 20 28 33 37 37
25 35 28 15 30 29 47 22 39 18 23 45 31 33 38 15 35 43 52 38 17 26 43 41 26 50 39 0 27 33 13 27 38 10 39 8 9 51 42 27 12 40 8 20 15 21 5 6 9 37 37 41 10 10 38 24 38 47 27 26 24 5 39 35 21 49 28 17 26 17 10 30 44 23 13 16 18 46 23 28 44 29 44 42 39 34 32 31 48 45 14 5 10 22 25 35 14 18 14 47 54 32 8 20 16 21 38 44 13 38 47 14 21 40 20 20 12 29 30 27 35 33 50 18 32 14 6 21 13 33 42 18 18 43 28 40 17 26 41 27 36 18 49 45 31 48 45 37 30 38 48
46 48 50 16 47 22 50 13 47 45 47 53 20 48 53 40 27 36 46 55 10 45 58 48 45 45 35 27 0 48 33 35 42 33 51 19 21 48 37 19 17 52 34 37 12 42 22 26 19 51 29 46 18 19 53 48 40 42 11 28 20 32 39 30 15 51 12 13 2 39 21 39 45 7 15 15 25 60 40 10 45 37 56 58 45 34 50 47 60 51 13 22 26 45 16 29 16 43 41 47 49 46 35 38 17 19 36 45 14 30 47 41 41 34 17 25 39 46 24 48 40 42 46 32 38 15 29 43 25 39 52 34 17 38 43 39 11 9 41 26 31 37 47 42 27 51 50 49 47 55 62
11 2 15 32 5 32 18 35 9 32 18 12 37 1 5 23 36 35 38 7 39 9 10 11 9 34 29 33 48 0 21 13 15 24 6 34 30 32 33 33 32 7 28 13 37 15 34 28 32 4 38 13 32 31 5 17 19 33 41 21 29 32 24 31 33 21 41 35 45 19 29 9 21 40 34 33 22 13 11 43 23 11 11 10 11 24 6 2 15 13 36 35 25 17 34 32 31 21 33 25 38 1 34 13 29 29 27 22 37 37 26 30 14 35 30 22 29 6 33 12 12 7 35 16 12 33 27 15 23 12 9 15 30 33 5 25 36 41 22 23 32 16 31 31 27 18 14 4 6 8 15
13 23 16 19 17 27 35 26 27 16 13 33 32 20 25 7 33 38 47 25 23 13 30 29 13 44 33 13 33 21 0 16 27 3 27 16 12 44 37 27 17 28 7 8 21 9 15 9 14 25 35 29 15 14 25 15 29 41 32 21 23 11 32 32 24 38 33 22 32 6 12 18 34 29 18 21 13 33 10 34 35 18 32 29 27 28 19 19 36 33 20 16 7 12 28 32 19 10 14 38 48 20 13 8 19 21 32 35 19 36 38 12 8 37 22 15 10 16 29 15 23 21 44 7 21 19 7 10 10 22 30 6 21 38 16 33 23 32 32 22 32 5 42 39 26 36 33 25 17 25 35
17 12 23 21 15 19 20 22 12 32 23 18 24 13 17 22 24 24 31 20 27 15 22 14 16 27 18 27 35 13 16 0 11 18 16 24 20 27 22 20 20 16 22 10 25 17 26 21 22 15 26 14 21 20 17 24 13 25 28 9 17 26 16 19 19 22 28 23 32 18 19 4 18 27 22 20 11 24 12 29 19 2 20 22 12 13 18 12 24 18 24 27 17 22 22 20 20 22 30 22 31 12 28 11 18 16 17 19 26 25 22 28 15 24 17 10 25 15 21 20 8 7 28 9 5 22 21 18 14 6 17 10 18 23 10 17 24 28 16 11 20 13 26 23 15 21 18 14 16 21 26
24 13 30 30 20 22 9 29 7 42 31 11 27 16 18 32 22 20 24 22 36 22 22 6 23 20 14 38 42 15 27 11 0 29 15 35 31 18 18 24 30 15 33 20 35 26 37 32 33 16 24 4 32 31 18 31 4 18 33 14 22 37 9 17 26 11 33 31 39 28 30 9 7 34 32 29 21 22 20 35 9 9 17 23 4 10 21 16 19 9 34 38 28 30 27 18 29 32 41 11 24 15 39 20 27 22 12 8 36 23 12 38 23 20 23 19 36 20 22 27 4 9 21 20 6 32 32 26 25 5 13 21 25 18 16 10 33 35 7 15 18 23 17 16 16 10 9 14 21 23 23
15 26 17 19 20 29 38 26 30 13 14 36 33 23 28 7 35 40 49 28 23 16 33 32 16 46 35 10 33 24 3 18 29 0 30 14 12 45 39 28 17 31 4 11 21 11 13 7 14 28 37 32 15 14 28 16 31 43 32 23 24 8 34 33 24 40 33 22 32 7 12 21 36 29 18 21 15 36 13 34 37 20 35 32 30 30 22 22 39 36 20 14 7 13 28 33 19 10 11 40 49 23 10 11 19 21 34 37 19 38 40 9 11 38 22 17 7 19 31 17 26 24 46 9 23 19 5 11 10 24 33 9 21 40 19 35 23 32 34 24 34 8 44 41 28 39 36 28 20 28 38
17 4 21 37 11 34 15 38 8 38 24 7 39 7 3 29 37 35 38 7 43 15 7 9 15 34 29 39 51 6 27 16 15 30 0 39 35 31 33 36 36 1 34 19 41 21 39 34 37 2 38 12 37 36 3 23 19 33 44 24 32 38 24 31 35 18 44 39 48 25 34 12 20 43 38 36 27 9 17 45 22 14 5 8 11 24 10 8 9 9 40 40 30 23 37 32 36 27 39 24 37 7 40 19 34 32 27 21 42 37 25 36 20 35 33 26 35 12 35 18 12 9 35 22 13 38 33 21 29 13 3 21 34 33 11 25 40 44 22 26 32 22 30 31 28 14 10 2 11 8 11
29 35 32 7 31 21 44 14 36 26 28 42 23 34 39 21 27 35 45 39 9 28 44 38 29 43 33 8 19 34 16 24 35 14 39 0 4 46 35 19 5 40 15 21 7 25 3 7 2 38 29 38 3 4 39 30 35 40 19 22 17 13 35 28 14 46 20 9 18 21 5 27 41 15 5 9 14 47 24 20 41 26 44 43 36 30 34 32 48 42 6 4 9 27 18 28 7 24 22 44 47 33 16 21 9 14 33 41 5 30 44 22 24 33 13 16 20 30 23 31 32 30 44 17 29 6 10 25 10 30 40 18 11 36 28 36 9 18 37 22 29 20 44 39 24 45 42 37 31 39 49
25 31 29 7 27 20 40 14 32 24 25 38 23 29 34 19 26 33 43 35 11 24 39 34 25 41 30 9 21 30 12 20 31 12 35 4 0 43 33 18 5 36 13 16 9 21 6 5 2 33 28 34 3 2 34 27 31 38 20 18 15 12 31 26 13 42 21 10 20 18 1 23 37 17 6 9 10 42 19 22 37 22 40 39 32 26 29 27 44 38 8 7 5 24 17 26 7 22 21 40 45 28 15 17 8 13 30 37 7 29 40 20 20 31 13 12 18 25 22 27 28 26 42 13 25 7 8 22 6 26 36 14 10 34 24 32 11 20 33 19 27 16 41 37 22 41 38 33 26 34 44
42 30 48 39 37 26 17 36 23 60 49 26 28 33 34 50 21 12 7 38 45 40 38 22 41 4 13 51 48 32 44 27 18 45 31 46 43 0 11 29 40 31 49 37 44 44 49 45 44 32 19 19 42 42 34 49 15 6 37 24 29 52 11 18 34 14 36 40 46 45 41 27 11 41 42 38 32 38 38 38 9 26 33 39 21 16 38 33 34 23 44 49 41 48 32 19 38 49 56 8 6 32 55 38 36 31 12 10 46 18 7 54 41 14 32 30 52 38 24 44 22 27 4 36 24 41 46 44 37 23 29 37 34 10 34 10 42 39 11 23 17 40 1 6 21 19 22 30 38 39 39
39 31 45 28 36 15 20 25 25 53 46 28 17 34 36 44 10 2 10 40 34 36 40 24 37 8 4 42 37 33 37 22 18 39 33 35 33 11 0 18 30 33 42 32 33 39 38 37 34 34 8 21 32 32 36 45 14 5 26 16 18 44 9 7 23 19 25 29 35 40 32 24 14 30 31 27 24 40 34 27 13 22 35 41 22 9 39 33 36 25 33 39 33 44 21 8 27 44 50 14 12 32 47 33 26 20 6 13 35 7 13 48 37 3 21 22 46 36 13 41 21 26 9 30 21 30 38 40 29 21 31 32 23 1 31 8 31 28 11 15 6 35 10 5 11 22 24 32 37 41 41
36 32 42 12 35 3 31 7 29 41 40 35 5 33 37 34 9 17 27 40 16 34 42 30 35 26 16 27 19 33 27 20 24 28 36 19 18 29 18 0 14 36 30 27 15 34 22 23 18 35 11 28 16 16 37 42 21 23 9 11 4 30 19 11 5 32 9 11 17 33 17 24 26 12 15 10 14 44 30 11 25 21 39 42 28 14 38 32 42 33 15 23 21 39 3 10 11 37 38 28 30 31 33 28 9 6 17 25 17 12 28 37 32 15 5 13 35 34 5 39 24 26 27 23 22 13 25 35 17 23 35 25 7 19 30 20 13 11 21 10 12 29 28 23 8 33 33 33 35 40 45
29 32 33 2 30 16 39 9 32 29 30 38 18 32 37 24 22 30 40 38 7 28 42 34 28 38 27 12 17 32 17 20 30 17 36 5 5 40 30 14 0 36 18 20 5 25 8 10 3 35 24 33 2 3 37 32 30 35 15 17 11 16 30 22 8 41 16 5 15 23 5 24 36 12 2 4 9 44 23 17 36 22 40 42 31 25 33 30 44 37 4 8 10 29 12 22 2 27 25 39 41 30 19 21 4 9 28 36 6 25 39 25 24 27 8 11 23 29 18 31 27 27 38 15 24 2 13 26 8 25 37 17 6 30 26 31 6 15 32 17 23 20 39 34 19 40 37 34 30 38 46
18 5 22 37 12 34 15 39 8 39 25 6 39 8 4 30 37 35 38 8 44 16 7 9 16 34 29 40 52 7 28 16 15 31 1 40 36 31 33 36 36 0 35 20 41 22 40 35 38 3 39 12 37 36 4 24 19 33 44 25 33 39 24 32 35 18 44 39 48 26 35 12 20 43 38 36 27 8 18 45 22 14 4 8 11 25 11 9 8 8 40 41 31 24 38 33 36 28 40 23 37 8 41 20 34 32 27 21 42 38 24 37 21 35 33 26 36 13 35 19 13 9 35 23 14 38 34 22 29 13 2 22 34 33 12 25 40 44 22 26 33 23 30 31 29 13 9 3 12 8 10
18 30 19 20 23 32 42 27 34 11 14 40 35 27 32 7 38 43 53 31 24 19 36 36 19 49 38 8 34 28 7 22 33 4 34 15 13 49 42 30 18 35 0 15 22 14 12 8 15 32 40 36 16 15 32 16 35 46 33 26 27 4 38 37 26 44 34 23 33 10 13 25 40 30 19 22 18 40 17 35 41 24 39 35 34 34 25 26 43 40 21 13 9 14 30 37 20 10 8 44 53 27 6 15 21 24 38 41 20 41 44 7 14 42 25 20 5 22 34 19 30 28 50 13 27 20 5 14 13 28 37 13 23 43 23 39 24 33 38 27 37 12 48 45 31 43 40 32 23 31 42
9 15 15 21 10 27 28 26 19 21 13 25 32 12 17 11 32 34 41 18 27 7 22 21 8 37 28 20 37 13 8 10 20 11 19 21 16 37 32 27 20 20 15 0 25 7 21 15 18 17 34 22 19 18 17 15 23 35 32 17 23 19 26 28 24 31 33 24 35 8 16 11 27 31 22 22 13 25 3 34 29 11 24 22 20 23 13 11 28 25 24 22 11 12 28 28 20 12 21 31 41 12 21 1 20 21 27 28 23 33 32 18 5 33 22 14 16 9 29 12 16 13 38 4 14 22 14 8 11 15 22 2 21 33 8 27 25 32 26 19 29 3 36 33 23 28 25 17 10 18 27
34 37 38 5 35 18 44 8 37 33 34 43 17 37 42 28 23 32 42 43 2 33 47 39 33 41 31 15 12 37 21 25 35 21 41 7 9 44 33 15 5 41 22 25 0 30 10 14 7 40 25 38 6 7 42 36 34 38 12 21 15 20 34 26 10 45 13 4 11 27 9 29 40 8 3 6 14 49 28 13 40 27 45 47 36 29 38 35 49 42 1 10 14 33 12 25 6 31 29 43 45 35 23 26 8 13 32 40 2 26 43 29 29 30 12 16 27 34 20 36 32 32 42 20 29 3 17 31 13 30 42 22 10 34 31 35 2 11 36 21 27 25 43 38 23 45 42 39 35 43 51
4 17 8 26 10 34 32 33 23 17 6 27 39 14 19 8 39 41 48 18 32 6 23 25 6 44 35 21 42 15 9 17 26 11 21 25 21 44 39 34 25 22 14 7 30 0 24 18 23 19 41 26 24 23 19 8 28 42 39 24 30 18 32 35 31 35 40 29 40 4 21 16 33 36 27 28 20 27 5 41 34 17 26 22 24 30 12 13 30 28 29 25 16 5 35 35 26 6 18 37 48 14 19 6 26 28 34 34 28 40 37 15 2 40 29 21 14 9 36 6 21 17 45 11 19 27 16 1 17 20 24 9 28 40 11 33 31 39 31 26 36 5 41 39 30 32 29 19 10 18 29
28 35 30 10 31 24 46 17 38 23 26 44 26 33 38 19 30 38 48 39 12 28 43 40 28 46 36 5 22 34 15 26 37 13 39 3 6 49 38 22 8 40 12 21 10 24 0 6 5 38 32 40 6 6 38 28 37 43 22 24 19 10 37 30 16 48 23 12 21 20 7 29 43 18 8 12 16 46 24 23 43 28 44 43 38 32 34 32 48 44 9 1 9 26 20 30 10 22 19 46 49 33 13 21 12 17 36 43 8 33 46 19 23 35 16 18 17 30 26 30 34 32 46 17 31 9 8 24 12 32 41 18 14 38 28 38 12 21 39 24 31 20 47 42 27 47 44 37 31 39 48
22 30 24 12 25 24 41 19 33 19 21 39 28 27 32 14 30 37 47 33 16 22 37 35 22 44 33 6 26 28 9 21 32 7 34 7 5 45 37 23 10 35 8 15 14 18 6 0 7 32 32 35 8 7 32 23 32 41 25 20 19 7 33 30 18 43 26 15 25 14 5 24 38 22 11 14 12 40 18 27 38 23 39 37 33 28 28 26 43 39 13 7 4 20 22 30 12 17 16 41 48 27 10 16 13 17 32 38 12 33 41 15 17 35 17 14 13 24 26 24 29 27 44 12 26 12 3 18 7 27 36 13 15 37 23 34 16 25 35 21 31 14 43 39 25 42 39 32 25 33 42
27 33 31 6 29 20 42 13 34 26 27 40 22 31 36 21 26 34 44 37 9 26 41 36 27 42 31 9 19 32 14 22 33 14 37 2 2 44 34 18 3 38 15 18 7 23 5 7 0 35 27 36 1 2 35 29 33 38 18 20 14 13 33 25 11 44 19 8 18 20 3 25 39 15 4 7 12 43 21 20 39 24 42 40 34 28 31 29 46 40 6 5 7 26 15 25 5 24 22 42 44 30 16 19 7 12 31 39 5 28 42 22 22 30 11 14 20 27 21 29 30 28 41 15 27 5 10 24 8 28 38 16 9 33 26 34 9 18 35 20 26 18 42 37 22 43 40 35 28 36 45
15 3 19 36 9 34 17 38 9 36 22 9 39 5 2 27 37 36 39 6 43 13 7 10 13 35 30 37 51 4 25 15 16 28 2 38 33 32 34 35 35 3 32 17 40 19 38 32 35 0 39 13 36 35 2 21 20 34 43 23 31 36 25 32 34 20 43 38 47 23 33 11 21 42 37 35 26 10 15 44 23 13 7 7 12 25 8 6 11 11 39 39 28 21 36 33 35 25 37 25 38 5 38 17 33 31 28 22 40 38 26 34 18 36 32 25 33 10 35 16 13 8 36 20 13 37 31 19 27 13 5 19 33 34 9 26 39 43 23 25 33 20 31 32 28 16 12 2 9 7 12
43 36 49 23 41 8 28 17 31 51 47 35 9 39 41 43 2 7 17 45 26 41 45 30 42 16 10 37 29 38 35 26 24 37 38 29 28 19 8 11 24 39 40 34 25 41 32 32 27 39 0 27 26 27 41 49 20 13 18 17 13 39 15 7 16 27 17 22 27 41 27 29 22 22 25 21 22 46 37 19 20 27 41 46 28 14 44 38 43 32 26 32 30 46 13 6 21 45 48 22 20 37 42 35 20 15 12 21 27 1 21 46 39 5 15 21 44 41 6 46 26 31 17 31 26 24 35 42 26 26 37 33 17 9 36 15 23 20 17 15 6 37 18 13 11 29 30 37 42 46 47
24 11 29 33 18 26 6 33 4 43 31 8 31 14 15 33 26 23 26 19 40 21 19 3 22 22 17 41 46 13 29 14 4 32 12 38 34 19 21 28 33 12 36 22 38 26 40 35 36 13 27 0 35 34 15 30 7 21 37 18 26 40 12 21 30 9 37 35 43 29 33 11 8 38 35 33 24 19 21 39 10 12 14 20 2 14 19 14 16 5 37 41 31 29 31 22 32 32 43 12 25 13 42 22 30 26 15 9 39 26 13 40 24 23 27 22 38 19 26 25 6 9 23 23 9 35 35 27 28 8 10 23 29 21 16 13 37 39 10 19 21 25 18 19 20 7 5 11 19 20 20
28 33 32 4 30 18 41 11 34 27 28 40 20 32 37 22 24 32 42 38 8 27 42 35 28 40 29 10 18 32 15 21 32 15 37 3 3 42 32 16 2 37 16 19 6 24 6 8 1 36 26 35 0 1 36 30 32 37 17 19 13 14 32 24 10 43 18 7 17 21 3 25 38 14 3 6 11 44 22 19 38 23 41 41 33 27 32 30 45 39 5 6 8 27 14 24 4 25 23 41 43 31 17 20 6 11 30 38 5 27 41 23 23 29 10 13 21 28 20 30 29 28 40 15 26 4 11 25 8 27 38 17 8 32 26 33 8 17 34 19 25 19 41 36 21 42 39 35 29 37 46
26 32 30 5 28 19 40 12 32 26 27 38 21 30 35 21 25 32 42 36 9 26 40 34 27 40 29 10 19 31 14 20 31 14 36 4 2 42 32 16 3 36 15 18 7 23 6 7 2 35 27 34 1 0 35 29 31 37 18 18 14 14 31 25 11 42 19 8 18 20 2 24 37 15 4 7 10 43 21 20 37 22 40 40 32 26 31 29 44 38 6 7 7 26 15 25 5 24 23 40 44 29 17 19 7 12 29 37 6 28 40 22 21 30 11 12 20 27 21 28 28 27 41 14 25 5 10 24 7 26 37 16 9 33 25 32 9 18 33 18 26 18 40 36 21 41 38 34 28 36 45
15 5 18 37 9 36 18 40 11 36 22 10 41 5 0 27 39 38 41 4 44 13 5 12 13 37 32 38 53 5 25 17 18 28 3 39 34 34 36 37 37 4 32 17 42 19 38 32 35 2 41 15 36 35 0 20 22 36 45 25 33 36 27 34 36 21 45 40 49 23 33 13 23 44 39 37 27 8 15 46 25 15 7 5 14 27 7 6 11 12 41 39 28 21 38 35 36 25 37 27 40 6 38 17 34 33 30 24 40 40 28 34 18 38 34 27 33 10 37 15 15 10 38 21 15 38 31 19 28 15 6 19 35 36 9 28 41 45 25 27 35 20 33 34 30 17 13 4 9 5 10
7 20 3 34 12 42 35 41 26 16 2 29 47 16 20 9 47 48 55 19 38 9 24 28 9 50 41 24 48 17 15 24 31 16 23 30 27 49 45 42 32 24 16 15 36 8 28 23 29 21 49 30 30 29 20 0 34 48 47 32 38 20 38 43 39 38 48 37 47 9 27 22 38 44 33 36 28 28 13 49 40 23 27 23 28 36 13 16 31 30 35 29 22 3 43 43 34 6 17 42 54 17 21 14 34 36 40 39 34 48 43 15 10 47 37 29 14 12 44 5 27 22 51 19 25 34 20 7 25 26 26 17 36 46 15 39 38 47 37 34 44 13 47 45 38 35 31 21 12 19 30
28 17 33 29 23 19 10 27 11 44 35 15 24 20 22 34 19 16 20 26 35 25 26 10 26 16 10 38 40 19 29 13 4 31 19 35 31 15 14 21 30 19 35 23 34 28 37 32 33 20 20 7 32 31 22 34 0 14 30 13 20 38 5 14 25 11 30 30 37 31 30 12 6 32 32 28 21 26 23 32 6 12 21 27 8 7 25 19 23 12 34 38 29 33 24 15 28 34 42 9 20 18 41 23 26 21 8 6 36 19 9 40 26 16 22 19 38 24 19 30 7 12 17 22 9 31 33 29 25 8 17 23 24 14 19 6 32 32 3 13 14 26 13 12 13 12 12 18 24 27 27
42 31 47 33 37 20 19 30 25 56 48 28 22 34 36 47 15 6 6 40 39 39 40 24 40 3 8 47 42 33 41 25 18 43 33 40 38 6 5 23 35 33 46 35 38 42 43 41 38 34 13 21 37 37 36 48 14 0 31 20 23 48 9 12 28 17 30 34 40 43 37 26 13 35 36 32 28 40 37 32 11 24 35 41 22 12 39 33 36 25 38 43 37 47 26 13 32 47 54 11 7 32 51 36 31 25 8 12 40 12 10 52 39 8 26 26 50 38 18 44 21 26 4 33 22 35 42 42 33 22 31 35 28 4 32 8 36 33 11 19 11 38 5 2 16 21 24 32 38 41 41
41 40 47 13 41 12 40 6 38 44 45 44 9 41 45 39 16 25 35 48 12 40 50 39 41 34 24 27 11 41 32 28 33 32 44 19 20 37 26 9 15 44 33 32 12 39 22 25 18 43 18 37 17 18 45 47 30 31 0 20 11 31 28 19 8 41 1 10 9 38 20 32 35 5 14 11 19 52 35 2 34 29 48 50 36 23 44 40 51 42 13 22 25 44 6 18 13 42 40 37 38 39 34 33 13 12 26 34 14 19 37 40 37 23 10 18 38 40 13 44 32 34 35 28 30 13 28 40 22 31 44 30 11 27 36 29 10 2 30 18 20 34 36 31 17 42 42 41 41 48 54
26 20 32 16 24 10 23 15 18 36 30 24 15 22 25 27 15 17 26 29 22 24 30 19 25 23 12 26 28 21 21 9 14 23 24 22 18 24 16 11 17 25 26 17 21 24 24 20 20 23 17 18 19 18 25 32 13 20 20 0 8 27 13 11 12 24 20 17 25 24 17 12 19 20 19 15 8 33 20 22 19 10 28 30 17 8 27 21 31 23 21 25 17 29 13 11 15 28 34 22 27 20 30 18 13 8 12 19 23 16 22 32 22 16 9 6 30 24 12 29 13 15 24 14 11 18 22 25 13 12 24 16 11 17 19 14 19 21 15 2 12 20 23 19 6 24 23 22 25 29 34
32 28 38 10 31 5 30 7 26 38 36 32 9 30 33 30 11 18 28 37 16 30 38 27 31 26 16 24 20 29 23 17 22 24 32 17 15 29 18 4 11 33 27 23 15 30 19 19 14 31 13 26 13 14 33 38 20 23 11 8 0 26 19 11 5 30 11 11 17 29 14 20 25 12 13 9 10 41 26 13 25 18 36 38 25 14 34 29 39 31 15 19 17 35 5 11 9 33 35 28 30 28 29 24 7 2 17 25 17 14 28 33 28 16 3 9 31 31 7 35 21 23 27 19 19 12 22 31 13 20 32 21 5 19 26 20 13 13 21 7 12 25 28 23 8 32 31 30 32 37 42
22 34 23 18 27 31 46 25 38 13 18 44 34 31 36 11 37 44 54 35 22 23 40 40 23 51 40 5 32 32 11 26 37 8 38 13 12 52 44 30 16 39 4 19 20 18 10 7 13 36 39 40 14 14 36 20 38 48 31 27 26 0 40 37 24 48 32 21 31 14 12 29 44 28 17 20 19 44 21 33 44 28 43 39 38 35 29 30 47 44 19 10 10 18 28 37 18 14 9 47 54 31 3 19 20 24 39 44 18 40 47 9 18 42 24 21 7 26 33 23 34 32 51 17 31 18 5 18 14 32 41 17 22 44 27 41 22 31 41 28 38 16 50 46 32 47 44 36 27 35 46
32 22 38 29 28 17 12 26 16 47 39 19 20 25 27 37 15 11 15 31 35 29 31 15 30 11 5 39 39 24 32 16 9 34 24 35 31 11 9 19 30 24 38 26 34 32 37 33 33 25 15 12 32 31 27 38 5 9 28 13 19 40 0 10 24 12 28 30 36 34 30 16 6 31 32 28 21 31 27 30 6 15 26 32 13 5 30 24 27 16 34 38 30 37 22 11 28 38 45 9 15 23 43 27 26 21 3 6 36 14 9 43 30 11 22 19 41 28 16 34 12 17 12 25 13 31 35 33 26 13 22 26 24 9 23 1 32 30 2 13 10 29 10 7 11 14 15 23 29 32 32
36 29 42 21 34 8 22 18 24 47 41 28 10 32 34 38 5 6 16 38 27 34 38 23 35 15 5 35 30 31 32 19 17 33 31 28 26 18 7 11 22 32 37 28 26 35 30 30 25 32 7 21 24 25 34 43 14 12 19 11 11 37 10 0 16 22 18 22 28 35 25 22 16 23 24 20 19 39 31 20 15 20 34 39 21 7 37 31 36 26 26 30 28 40 14 1 20 39 44 18 19 30 40 29 18 13 7 16 28 6 18 42 33 5 14 16 40 34 6 39 19 24 16 25 19 23 32 36 23 19 30 27 16 8 29 10 24 21 12 9 1 31 17 12 5 24 25 30 35 39 40
33 32 39 7 33 8 35 2 31 37 37 37 9 33 37 31 14 22 32 40 11 31 42 32 32 31 21 21 15 33 24 19 26 24 35 14 13 34 23 5 8 35 26 24 10 31 16 18 11 34 16 30 10 11 36 39 25 28 8 12 5 24 24 16 0 35 9 6 12 30 13 23 30 7 9 5 11 43 27 10 30 21 39 41 29 19 36 31 43 35 10 16 17 36 4 15 6 34 33 33 35 31 27 25 5 3 22 30 12 17 33 33 29 20 2 10 31 32 10 36 25 26 32 20 22 8 21 32 14 23 36 22 3 24 28 25 8 8 26 11 17 26 33 28 13 36 35 33 33 40 45
33 19 38 40 26 29 3 38 12 52 39 12 33 22 22 42 28 21 21 26 46 29 24 10 30 17 17 49 51 21 38 22 11 40 18 46 42 14 19 32 41 18 44 31 45 35 48 43 44 20 27 9 43 42 21 38 11 17 41 24 30 48 12 22 35 0 40 41 47 38 41 19 5 42 43 39 32 24 30 42 7 20 19 25 11 16 27 22 20 9 45 49 39 37 34 23 39 41 51 6 20 21 50 30 37 32 15 6 47 26 7 48 33 22 33 30 46 27 28 33 14 18 18 31 17 42 43 35 36 16 15 31 35 19 24 12 43 42 9 24 22 33 13 15 22 5 8 18 27 26 25
42 40 48 14 42 11 40 7 38 45 46 44 8 42 45 40 15 24 34 49 13 40 50 39 41 33 23 28 12 41 33 28 33 33 44 20 21 36 25 9 16 44 34 33 13 40 23 26 19 43 17 37 18 19 45 48 30 30 1 20 11 32 28 18 9 40 0 11 10 39 21 31 34 6 15 12 20 52 36 2 33 29 47 49 36 23 45 40 50 42 14 23 26 45 6 17 14 43 41 36 37 39 35 34 14 12 25 34 15 18 36 41 38 22 11 19 39 41 12 45 32 34 34 29 30 14 29 41 23 31 43 31 12 26 37 28 11 3 30 18 19 35 35 30 17 42 42 41 42 48 53
33 35 37 3 34 14 40 5 35 34 35 41 14 35 40 29 20 28 38 42 5 32 45 36 32 37 27 17 13 35 22 23 31 22 39 9 10 40 29 11 5 39 23 24 4 29 12 15 8 38 22 35 7 8 40 37 30 34 10 17 11 21 30 22 6 41 11 0 11 28 10 27 36 7 4 2 12 47 27 12 36 25 43 45 34 25 37 34 47 40 4 13 15 34 9 21 3 32 30 39 41 33 24 25 4 9 28 36 6 23 39 30 28 26 8 12 28 33 16 35 29 29 38 19 26 3 18 30 12 27 39 21 6 30 30 31 2 10 32 17 23 24 39 34 19 41 39 36 34 42 49
44 46 48 14 45 20 48 10 44 44 45 50 18 46 50 39 25 34 44 53 9 43 55 45 43 43 33 26 2 45 32 32 39 32 48 18 20 46 35 17 15 48 33 35 11 40 21 25 18 47 27 43 17 18 49 47 37 40 9 25 17 31 36 28 12 47 10 11 0 38 20 35 42 5 14 13 23 55 38 8 42 33 51 53 41 31 48 43 55 47 12 21 25 44 14 27 14 42 40 45 47 43 34 36 15 15 34 42 13 28 45 40 39 32 14 22 38 44 22 46 37 38 44 30 34 13 28 41 23 35 48 32 15 36 40 37 9 7 38 23 29 35 45 40 25 48 47 45 45 52 57
8 21 10 25 14 33 35 32 26 14 7 31 38 18 23 4 39 42 49 22 29 10 27 28 10 45 36 17 39 19 6 18 28 7 25 21 18 45 40 33 23 26 10 8 27 4 20 14 20 23 41 29 21 20 23 9 31 43 38 24 29 14 34 35 30 38 39 28 38 0 18 18 35 35 24 27 19 31 8 40 37 19 30 26 27 31 16 17 34 32 26 21 13 6 34 35 25 4 14 39 49 18 15 7 25 27 35 36 25 40 40 11 5 40 28 20 10 13 35 9 23 20 46 10 21 25 12 4 16 22 28 8 27 41 14 35 29 38 33 26 36 5 43 41 30 35 32 23 14 22 33
24 30 28 7 26 19 39 14 31 24 25 37 22 28 33 19 25 32 42 34 11 23 38 33 24 40 29 10 21 29 12 19 30 12 34 5 1 41 32 17 5 35 13 16 9 21 7 5 3 33 27 33 3 2 33 27 30 37 20 17 14 12 30 25 13 41 21 10 20 18 0 22 36 17 6 9 9 41 19 22 36 21 39 38 31 25 29 27 43 37 8 8 5 24 17 25 7 22 21 39 44 27 15 17 8 12 29 36 8 28 39 20 19 30 12 11 18 25 21 26 27 25 41 12 24 7 8 22 5 25 35 14 10 33 23 31 11 20 32 18 26 16 40 36 21 40 37 32 26 34 43
15 8 21 25 12 22 17 26 9 32 22 15 27 10 13 22 27 26 32 16 31 13 18 11 14 28 20 30 39 9 18 4 9 21 12 27 23 27 24 24 24 12 25 11 29 16 29 24 25 11 29 11 25 24 13 22 12 26 32 12 20 29 16 22 23 19 31 27 35 18 22 0 16 30 26 24 15 20 11 33 18 2 16 18 9 15 15 9 20 15 28 30 20 21 25 23 24 22 32 20 31 8 31 11 22 20 18 17 30 28 21 29 14 26 21 14 27 12 24 18 5 3 28 12 3 26 24 17 17 4 13 12 22 24 7 17 28 31 15 14 23 14 25 23 18 18 15 10 13 17 22
31 19 37 35 26 24 6 32 12 49 38 15 27 22 23 39 22 16 18 27 41 29 27 11 30 14 12 44 45 21 34 18 7 36 20 41 37 11 14 26 36 20 40 27 40 33 43 38 39 21 22 8 38 37 23 38 6 13 35 19 25 44 6 16 30 5 34 36 42 35 36 16 0 37 38 34 27 27 27 36 2 16 22 28 10 11 27 22 23 12 40 44 35 37 28 17 34 38 47 4 17 21 46 27 32 27 9 1 42 20 5 45 30 17 28 25 43 27 22 33 11 16 15 27 13 37 39 33 31 12 18 28 30 14 23 7 38 36 4 19 16 30 10 11 17 8 11 19 27 28 28
40 40 44 10 40 15 42 5 39 41 42 45 13 41 45 36 20 29 39 48 7 38 50 40 39 38 28 23 7 40 29 27 34 29 43 15 17 41 30 12 12 43 30 31 8 36 18 22 15 42 22 38 14 15 44 44 32 35 5 20 12 28 31 23 7 42 6 7 5 35 17 30 37 0 11 8 18 50 34 5 37 28 46 48 36 26 43 38 50 42 9 18 22 41 9 22 10 39 37 40 42 38 31 32 10 10 29 37 10 23 40 37 35 27 9 17 35 39 17 42 32 33 39 26 29 10 25 37 19 30 43 28 10 31 35 32 6 3 33 18 24 31 40 35 20 43 42 40 40 47 52
30 34 34 3 32 17 41 9 34 30 31 40 18 34 39 25 23 31 41 40 5 29 44 36 30 39 29 13 15 34 18 22 32 18 38 5 6 42 31 15 2 38 19 22 3 27 8 11 4 37 25 35 3 4 39 33 32 36 14 19 13 17 32 24 9 43 15 4 14 24 6 26 38 11 0 4 11 46 25 16 38 24 42 44 33 27 35 32 46 39 2 9 11 30 13 24 4 28 26 41 43 32 20 23 6 11 30 38 4 26 41 26 25 29 10 13 24 31 19 32 29 29 40 17 26 1 14 28 10 27 39 19 8 32 28 33 5 14 34 19 25 22 41 36 21 42 39 36 32 40 48
31 33 36 2 32 13 38 5 32 33 34 38 14 33 38 28 19 26 36 40 7 30 43 34 31 35 25 16 15 33 21 20 29 21 36 9 9 38 27 10 4 36 22 22 6 28 12 14 7 35 21 33 6 7 37 36 28 32 11 15 9 20 28 20 5 39 12 2 13 27 9 24 34 8 4 0 9 44 25 13 34 22 40 42 31 23 35 31 44 37 6 12 14 33 9 20 2 31 29 37 39 30 23 23 2 7 26 34 8 22 37 29 27 25 6 10 27 31 15 34 27 27 36 18 24 3 17 29 11 25 37 20 4 28 27 29 4 11 30 15 21 23 37 32 17 39 37 34 32 39 46
22 23 28 10 22 14 30 13 23 28 26 29 19 23 27 20 20 25 34 29 16 20 32 24 21 31 20 18 25 22 13 11 21 15 27 14 10 32 24 14 9 27 18 13 14 20 16 12 12 26 22 24 11 10 27 28 21 28 19 8 10 19 21 19 11 32 20 12 23 19 9 15 27 18 11 9 0 35 16 21 27 13 31 32 22 16 25 21 35 28 13 17 9 25 15 19 9 23 26 30 35 21 22 14 7 8 20 27 15 23 30 24 18 24 9 2 22 22 16 25 18 18 32 9 15 11 14 21 5 16 28 11 8 25 18 22 13 19 23 9 19 15 31 27 13 31 28 25 23 30 37
23 13 25 45 17 42 21 47 15 44 30 12 47 13 8 35 44 42 45 9 52 21 4 16 21 41 36 46 60 13 33 24 22 36 9 47 42 38 40 44 44 8 40 25 49 27 46 40 43 10 46 19 44 43 8 28 26 40 52 33 41 44 31 39 43 24 52 47 55 31 41 20 27 50 46 44 35 0 23 53 29 22 5 5 18 32 15 14 5 15 48 47 36 29 45 40 44 33 45 30 44 14 46 25 42 40 34 28 48 45 31 42 26 42 41 34 41 18 43 23 20 17 42 29 22 46 39 27 36 21 9 27 42 40 17 32 48 51 29 34 40 28 37 38 37 19 16 11 17 9 2
6 13 12 24 7 30 27 29 18 22 11 23 35 10 15 12 35 36 43 15 30 4 20 20 5 39 30 23 40 11 10 12 20 13 17 24 19 38 34 30 23 18 17 3 28 5 24 18 21 15 37 21 22 21 15 13 23 37 35 20 26 21 27 31 27 30 36 27 38 8 19 11 27 34 25 25 16 23 0 37 29 12 22 19 19 25 9 9 26 24 27 25 14 10 31 31 23 11 22 31 42 10 23 2 23 24 29 28 26 36 32 19 3 36 25 17 18 6 32 9 16 12 39 7 14 25 16 6 14 15 20 5 24 35 6 28 28 35 26 22 32 5 36 34 26 27 24 15 7 15 25
43 42 49 15 43 13 42 8 40 46 47 46 10 43 47 41 17 26 36 50 12 41 52 41 42 35 25 28 10 43 34 29 35 34 45 20 22 38 27 11 17 45 35 34 13 41 23 27 20 44 19 39 19 20 46 49 32 32 2 22 13 33 30 20 10 42 2 12 8 40 22 33 36 5 16 13 21 53 37 0 35 31 49 51 38 25 46 41 52 44 14 23 27 46 8 19 15 44 42 38 39 41 36 35 15 13 27 36 15 20 38 42 39 24 12 20 40 42 14 46 34 36 36 30 32 15 30 42 24 33 45 32 13 28 38 30 11 2 32 20 21 36 37 32 19 44 44 43 43 50 55
33 21 39 35 28 23 8 32 14 50 40 17 26 24 25 40 21 14 16 29 41 31 29 13 32 12 10 44 45 23 35 19 9 37 22 41 37 9 13 25 36 22 41 29 40 34 43 38 39 23 20 10 38 37 25 40 6 11 34 19 25 44 6 15 30 7 33 36 42 37 36 18 2 37 38 34 27 29 29 35 0 18 24 30 12 11 29 24 25 14 40 44 35 39 28 16 34 40 48 3 15 23 47 29 32 27 8 1 42 19 3 46 32 16 28 25 44 29 21 35 13 18 13 28 15 37 39 35 31 14 20 29 30 12 25 5 38 36 4 19 15 32 8 9 17 10 13 21 29 30 30
16 10 22 23 14 20 18 24 10 32 23 16 25 12 15 22 25 24 30 18 29 14 20 12 15 26 18 29 37 11 18 2 9 20 14 26 22 26 22 21 22 14 24 11 27 17 28 23 24 13 27 12 23 22 15 23 12 24 29 10 18 28 15 20 21 20 29 25 33 19 21 2 16 28 24 22 13 22 12 31 18 0 18 20 10 13 17 11 22 16 26 29 19 22 23 21 22 23 31 20 30 10 30 12 20 18 17 17 28 26 21 29 15 24 19 12 27 14 22 19 6 5 27 11 3 24 23 18 16 4 15 12 20 23 9 16 26 29 15 12 21 14 25 22 16 19 16 12 15 19 24
22 9 25 41 16 38 16 43 10 43 29 7 43 12 7 34 39 37 40 9 48 20 5 11 20 36 31 44 56 11 32 20 17 35 5 44 40 33 35 39 40 4 39 24 45 26 44 39 42 7 41 14 41 40 7 27 21 35 48 28 36 43 26 34 39 19 47 43 51 30 39 16 22 46 42 40 31 5 22 49 24 18 0 6 13 27 14 13 4 10 44 45 35 28 41 35 40 32 44 25 39 12 45 24 38 36 29 23 46 40 26 41 25 37 37 30 40 17 38 22 15 13 37 27 18 42 38 26 33 17 4 26 38 35 16 27 44 47 24 29 35 27 32 33 32 14 11 7 16 10 6
18 10 20 42 12 41 22 45 16 39 25 13 46 10 5 30 44 43 46 4 49 16 1 17 16 42 37 42 58 10 29 22 23 32 8 43 39 39 41 42 42 8 35 22 47 22 43 37 40 7 46 20 41 40 5 23 27 41 50 30 38 39 32 39 41 25 49 45 53 26 38 18 28 48 44 42 32 5 19 51 30 20 6 0 19 32 10 11 9 16 45 44 33 24 43 40 41 28 40 31 45 11 41 21 39 38 35 29 45 45 32 37 21 43 39 32 36 13 42 18 20 15 43 26 20 43 35 22 33 20 10 24 40 41 14 33 45 49 30 32 40 24 38 39 35 20 17 9 12 4 7
22 9 27 32 16 26 8 32 3 41 29 7 31 12 14 31 26 24 27 18 38 20 18 2 20 23 18 39 45 11 27 12 4 30 11 36 32 21 22 28 31 11 34 20 36 24 38 33 34 12 28 2 33 32 14 28 8 22 36 17 25 38 13 21 29 11 36 34 41 27 31 9 10 36 33 31 22 18 19 38 12 10 13 19 0 14 17 13 15 6 35 39 29 28 30 22 31 30 41 14 27 12 40 20 29 25 16 11 37 27 15 38 22 24 26 21 36 17 26 23 4 7 24 21 7 33 33 25 26 6 9 21 28 22 14 14 35 37 11 18 22 23 20 20 20 9 6 10 17 19 19
29 22 35 24 27 12 17 21 17 44 36 21 17 25 27 34 12 11 18 31 30 27 31 16 28 15 5 34 34 24 28 13 10 30 24 30 26 16 9 14 25 25 34 23 29 30 32 28 28 25 14 14 27 26 27 36 7 12 23 8 14 35 5 7 19 16 23 25 31 31 25 15 11 26 27 23 16 32 25 25 11 13 27 32 14 0 30 24 29 19 29 33 25 35 17 8 23 35 41 14 19 23 38 24 21 16 4 11 31 13 14 39 28 11 17 14 37 27 12 32 12 17 16 21 12 26 30 31 21 12 23 23 19 10 22 6 27 25 7 8 8 26 15 11 6 19 19 23 28 32 33
8 8 11 34 3 37 24 38 15 29 15 17 42 5 7 20 42 41 44 6 40 6 11 17 6 40 35 32 50 6 19 18 21 22 10 34 29 38 39 38 33 11 25 13 38 12 34 28 31 8 44 19 32 31 7 13 25 39 44 27 34 29 30 37 36 27 45 37 48 16 29 15 27 43 35 35 25 15 9 46 29 17 14 10 17 30 0 6 18 19 36 34 23 14 39 38 32 18 30 31 44 7 31 11 32 32 33 28 35 43 32 27 11 41 33 25 26 3 39 8 18 13 41 16 18 34 25 12 23 18 13 14 33 39 8 31 37 44 28 29 38 14 37 37 33 24 20 9 2 6 17
9 4 14 31 4 31 20 34 10 30 16 14 36 1 6 21 36 35 40 8 38 7 11 12 8 36 29 31 47 2 19 12 16 22 8 32 27 33 33 32 30 9 26 11 35 13 32 26 29 6 38 14 30 29 6 16 19 33 40 21 29 30 24 31 31 22 40 34 43 17 27 9 22 38 32 31 21 14 9 41 24 11 13 11 13 24 6 0 17 15 34 33 22 15 34 32 30 19 31 26 39 1 32 11 28 28 27 23 34 37 27 28 12 35 29 21 27 5 33 11 12 7 36 14 12 32 25 13 21 12 11 13 29 33 3 25 34 39 22 23 32 14 32 31 27 19 16 6 5 9 16
26 13 28 45 20 41 17 47 13 47 33 8 46 16 11 38 42 38 41 12 52 24 8 13 24 37 33 48 60 15 36 24 19 39 9 48 44 34 36 42 44 8 43 28 49 30 48 43 46 11 43 16 45 44 11 31 23 36 51 31 39 47 27 36 43 20 50 47 55 34 43 20 23 50 46 44 35 5 26 52 25 22 4 9 15 29 18 17 0 11 48 49 39 32 44 37 44 36 48 26 40 16 49 28 42 39 30 24 50 41 27 45 29 38 40 34 44 21 41 26 18 17 38 31 21 46 42 30 37 20 7 30 42 36 20 28 48 51 25 32 37 31 33 34 35 15 12 11 20 13 5
25 11 29 38 18 31 6 38 6 45 31 3 36 14 13 36 31 27 30 16 44 22 15 4 22 26 22 45 51 13 33 18 9 36 9 42 38 23 25 33 37 8 40 25 42 28 44 39 40 11 32 5 39 38 12 30 12 25 42 23 31 44 16 26 35 9 42 40 47 32 37 15 12 42 39 37 28 15 24 44 14 16 10 16 6 19 19 15 11 0 41 45 35 30 36 27 37 34 46 15 29 14 46 25 35 31 19 13 43 30 16 43 27 27 32 27 41 19 31 25 10 12 27 27 13 39 39 28 32 12 6 27 34 25 18 17 41 43 14 24 26 28 22 23 25 5 1 10 19 16 16
32 36 36 5 34 18 43 9 36 32 33 42 18 36 41 27 24 32 42 42 3 31 46 38 32 41 31 14 13 36 20 24 34 20 40 6 8 44 33 15 4 40 21 24 1 29 9 13 6 39 26 37 5 6 41 35 34 38 13 21 15 19 34 26 10 45 14 4 12 26 8 28 40 9 2 6 13 48 27 14 40 26 44 45 35 29 36 34 48 41 0 9 13 32 13 25 6 30 28 43 45 34 22 25 8 13 32 40 2 27 43 28 27 30 12 15 26 33 20 34 31 31 42 19 28 3 16 30 12 29 41 21 10 34 30 35 3 12 36 21 27 24 43 38 23 44 41 38 34 42 50
29 36 31 11 32 25 47 18 39 23 27 45 27 34 39 20 31 39 49 40 12 29 44 41 29 47 36 5 22 35 16 27 38 14 40 4 7 49 39 23 8 41 13 22 10 25 1 7 5 39 32 41 6 7 39 29 38 43 22 25 19 10 38 30 16 49 23 13 21 21 8 30 44 18 9 12 17 47 25 23 44 29 45 44 39 33 34 33 49 45 9 0 10 27 20 30 10 23 19 47 49 34 13 22 12 17 36 44 8 33 47 19 24 35 16 19 17 31 26 30 35 33 46 18 32 10 9 25 13 33 42 19 14 38 29 39 12 21 40 25 31 21 47 42 27 48 45 38 32 40 49
19 26 23 12 22 22 37 19 29 20 20 35 26 24 29 14 28 34 43 30 16 19 34 31 20 40 29 10 26 25 7 17 28 7 30 9 5 41 33 21 10 31 9 11 14 16 9 4 7 28 30 31 8 7 28 22 29 37 25 17 17 10 30 28 17 39 26 15 25 13 5 20 35 22 11 14 9 36 14 27 35 19 35 33 29 25 23 22 39 35 13 10 0 19 21 28 12 17 17 38 44 23 13 12 12 15 29 35 12 31 38 16 14 33 16 11 14 20 24 21 25 23 41 8 22 12 5 17 4 23 32 9 14 34 19 31 16 25 31 18 28 11 40 36 22 38 35 28 21 29 38
6 19 5 31 12 39 35 38 26 15 1 29 44 16 21 7 44 46 53 20 35 8 25 27 8 49 40 22 45 17 12 22 30 13 23 27 24 48 44 39 29 24 14 12 33 5 26 20 26 21 46 29 27 26 21 3 33 47 44 29 35 18 37 40 36 37 45 34 44 6 24 21 37 41 30 33 25 29 10 46 39 22 28 24 28 35 14 15 32 30 32 27 19 0 40 40 31 4 16 41 52 16 19 11 31 33 39 38 31 45 42 13 7 45 34 26 12 11 41 6 26 21 49 16 24 31 18 4 22 25 26 14 33 45 14 38 35 44 36 31 41 10 46 44 35 34 31 21 12 20 31
37 33 43 11 36 6 34 4 31 41 41 37 5 35 38 35 11 20 30 42 13 35 43 32 36 29 19 25 16 34 28 22 27 28 37 18 17 32 21 3 12 38 30 28 12 35 20 22 15 36 13 31 14 15 38 43 24 26 6 13 5 28 22 14 4 34 6 9 14 34 17 25 28 9 13 9 15 45 31 8 28 23 41 43 30 17 39 34 44 36 13 20 21 40 0 13 10 38 37 31 33 33 31 29 9 7 20 28 14 14 31 37 33 18 6 14 35 36 8 40 26 28 30 24 24 12 25 36 18 25 37 26 7 22 31 23 10 8 24 12 15 30 31 26 11 36 36 35 37 42 47
37 30 43 21 35 7 23 17 25 47 41 29 9 33 35 38 4 7 17 39 26 35 39 24 36 16 6 35 29 32 32 20 18 33 32 28 26 19 8 10 22 33 37 28 25 35 30 30 25 33 6 22 24 25 35 43 15 13 18 11 11 37 11 1 15 23 17 21 27 35 25 23 17 22 24 20 19 40 31 19 16 21 35 40 22 8 38 32 37 27 25 30 28 40 13 0 20 39 44 19 20 31 40 29 18 13 8 17 27 5 19 42 33 5 14 16 40 35 5 40 20 25 17 25 20 23 32 36 23 20 31 27 16 9 30 11 23 20 13 9 2 31 18 13 5 25 26 31 36 40 41
29 32 34 1 31 13 38 7 32 31 32 38 15 32 36 26 19 27 37 38 8 28 41 33 29 35 25 14 16 31 19 20 29 19 36 7 7 38 27 11 2 36 20 20 6 26 10 12 5 35 21 32 4 5 36 34 28 32 13 15 9 18 28 20 6 39 14 3 14 25 7 24 34 10 4 2 9 44 23 15 34 22 40 41 31 23 32 30 44 37 6 10 12 31 10 20 0 29 27 37 39 30 21 21 2 7 26 34 8 22 37 27 25 25 6 10 25 29 15 32 27 27 36 16 24 3 15 27 9 25 37 18 4 28 27 29 5 13 30 15 21 21 37 32 17 39 37 34 30 38 46
10 23 9 29 16 37 38 36 29 11 4 33 42 20 25 3 43 46 53 24 33 12 29 31 12 49 40 18 43 21 10 22 32 10 27 24 22 49 44 37 27 28 10 12 31 6 22 17 24 25 45 32 25 24 25 6 34 47 42 28 33 14 38 39 34 41 43 32 42 4 22 22 38 39 28 31 23 33 11 44 40 23 32 28 30 35 18 19 36 34 30 23 17 4 38 39 29 0 12 42 53 20 14 11 29 31 39 39 29 44 43 9 8 44 32 24 8 15 39 10 27 23 50 14 25 29 14 6 20 26 30 12 31 45 17 39 33 42 37 30 40 9 47 45 34 38 35 25 16 24 35
22 35 20 27 28 40 49 34 40 4 15 45 43 32 37 10 46 51 61 36 31 24 41 42 24 57 46 14 41 33 14 30 41 11 39 22 21 56 50 38 25 40 8 21 29 18 19 16 22 37 48 43 23 23 37 17 42 54 40 34 35 9 45 44 33 51 41 30 40 14 21 32 47 37 26 29 26 45 22 42 48 31 44 40 41 41 30 31 48 46 28 19 17 16 37 44 27 12 0 51 60 32 6 20 29 32 45 48 27 48 51 3 19 49 33 28 4 27 41 22 37 33 57 20 34 27 13 18 21 35 42 20 31 51 28 46 31 40 45 35 45 17 55 52 39 48 45 37 28 36 47
35 23 41 38 30 25 9 35 16 53 42 18 28 26 27 43 23 15 15 31 44 33 30 15 34 11 13 47 47 25 38 22 11 40 24 44 40 8 14 28 39 23 44 31 43 37 46 41 42 25 22 12 41 40 27 42 9 11 37 22 28 47 9 18 33 6 36 39 45 39 39 20 4 40 41 37 30 30 31 38 3 20 25 31 14 14 31 26 26 15 43 47 38 41 31 19 37 42 51 0 14 25 50 31 35 30 11 3 45 21 1 49 34 17 31 28 47 31 24 37 15 20 12 31 17 40 42 37 34 16 21 32 33 13 27 8 41 38 7 22 18 34 7 9 20 11 14 23 31 31 31
48 36 54 40 43 27 23 37 29 64 55 32 29 39 40 54 22 13 3 44 46 46 44 28 47 4 15 54 49 38 48 31 24 49 37 47 45 6 12 30 41 37 53 41 45 48 49 48 44 38 20 25 43 44 40 54 20 7 38 27 30 54 15 19 35 20 37 41 47 49 44 31 17 42 43 39 35 44 42 39 15 30 39 45 27 19 44 39 40 29 45 49 44 52 33 20 39 53 60 14 0 38 57 42 37 32 15 16 47 19 13 58 45 15 33 33 56 43 25 49 27 32 3 40 28 42 49 48 40 28 35 41 35 11 38 14 43 40 17 26 18 44 7 8 23 25 28 36 44 45 45
10 3 15 31 5 30 18 34 9 31 17 13 35 2 6 22 35 34 38 8 37 8 11 11 9 34 28 32 46 1 20 12 15 23 7 33 28 32 32 31 30 8 27 12 35 14 33 27 30 5 37 13 31 29 6 17 18 32 39 20 28 31 23 30 31 21 39 33 43 18 27 8 21 38 32 30 21 14 10 41 23 10 12 11 12 23 7 1 16 14 34 34 23 16 33 31 30 20 32 25 38 0 33 12 28 28 26 22 35 36 26 29 13 34 29 21 28 6 32 12 11 6 35 15 11 32 26 14 22 11 10 14 29 32 4 24 34 39 21 22 31 15 31 30 26 18 15 5 6 9 16
23 36 24 21 29 34 48 28 40 10 19 46 37 33 38 12 40 47 57 37 25 25 42 42 25 54 43 8 35 34 13 28 39 10 40 16 15 55 47 33 19 41 6 21 23 19 13 10 16 38 42 42 17 17 38 21 41 51 34 30 29 3 43 40 27 50 35 24 34 15 15 31 46 31 20 23 22 46 23 36 47 30 45 41 40 38 31 32 49 46 22 13 13 19 31 40 21 14 6 50 57 33 0 21 23 27 42 47 21 43 50 7 20 45 27 24 6 28 36 24 36 34 54 19 33 21 8 19 17 34 43 19 25 47 29 44 25 34 44 31 41 18 53 49 35 49 46 38 29 37 48
8 15 14 22 9 28 28 27 19 21 12 25 33 12 17 11 33 35 42 17 28 6 22 21 7 38 29 20 38 13 8 11 20 11 19 21 17 38 33 28 21 20 15 1 26 6 21 16 19 17 35 22 20 19 17 14 23 36 33 18 24 19 27 29 25 30 34 25 36 7 17 11 27 32 23 23 14 25 2 35 29 12 24 21 20 24 11 11 28 25 25 22 12 11 29 29 21 11 20 31 42 12 21 0 21 22 28 28 24 34 32 18 4 34 23 15 16 8 30 11 16 13 39 5 14 23 14 7 12 15 22 3 22 34 8 28 26 33 26 20 30 3 36 34 24 28 25 17 9 17 27
29 30 34 3 29 12 36 7 30 32 32 36 14 30 34 26 18 25 35 36 9 27 39 31 28 34 23 16 17 29 19 18 27 19 34 9 8 36 26 9 4 34 21 20 8 26 12 13 7 33 20 30 6 7 34 34 26 31 13 13 7 20 26 18 5 37 14 4 15 25 8 22 32 10 6 2 7 42 23 15 32 20 38 39 29 21 32 28 42 35 8 12 12 31 9 18 2 29 29 35 37 28 23 21 0 5 24 32 10 21 35 28 24 23 4 8 26 29 14 31 25 25 34 16 22 5 16 27 9 23 35 18 2 26 25 27 6 13 28 13 19 21 35 30 15 37 35 32 30 37 44
30 28 36 8 29 7 31 6 26 35 34 32 11 29 33 28 13 20 30 36 14 28 38 27 29 28 18 21 19 29 21 16 22 21 32 14 13 31 20 6 9 32 24 21 13 28 17 17 12 31 15 26 11 12 33 36 21 25 12 8 2 24 21 13 3 32 12 9 15 27 12 20 27 10 11 7 8 40 24 13 27 18 36 38 25 16 32 28 39 31 13 17 15 33 7 13 7 31 32 30 32 28 27 22 5 0 19 27 15 16 30 30 26 18 1 7 28 29 9 33 21 23 29 17 19 10 20 29 11 20 32 19 3 21 25 22 11 11 23 8 14 23 30 25 10 32 31 30 30 37 42
33 25 39 27 30 14 15 24 19 48 40 22 17 28 30 38 12 8 14 34 33 31 34 18 32 11 2 38 36 27 32 17 12 34 27 33 30 12 6 17 28 27 38 27 32 34 36 32 31 28 12 15 30 29 30 40 8 8 26 12 17 39 3 7 22 15 25 28 34 35 29 18 9 29 30 26 20 34 29 27 8 17 29 35 16 4 33 27 30 19 32 36 29 39 20 8 26 39 45 11 15 26 42 28 24 19 0 9 34 11 11 43 32 8 20 18 41 30 13 36 15 20 12 25 15 29 34 35 25 15 25 27 22 6 25 3 30 27 5 11 7 30 11 7 9 17 18 26 31 35 35
32 20 38 35 27 23 7 32 13 50 39 16 26 23 24 40 21 15 17 28 41 30 28 12 31 13 11 44 45 22 35 19 8 37 21 41 37 10 13 25 36 21 41 28 40 34 43 38 39 22 21 9 38 37 24 39 6 12 34 19 25 44 6 16 30 6 34 36 42 36 36 17 1 37 38 34 27 28 28 36 1 17 23 29 11 11 28 23 24 13 40 44 35 38 28 17 34 39 48 3 16 22 47 28 32 27 9 0 42 20 4 46 31 16 28 25 44 28 22 34 12 17 14 28 14 37 39 34 31 13 19 29 30 13 24 6 38 36 4 19 16 31 9 10 17 9 12 20 28 29 29
32 38 36 7 34 20 45 10 38 31 32 44 19 36 41 26 25 34 44 42 4 31 46 40 32 43 33 13 14 37 19 26 36 19 42 5 7 46 35 17 6 42 20 23 2 28 8 12 5 40 27 39 5 6 40 34 36 40 14 23 17 18 36 28 12 47 15 6 13 25 8 30 42 10 4 8 15 48 26 15 42 28 46 45 37 31 35 34 50 43 2 8 12 31 14 27 8 29 27 45 47 35 21 24 10 15 34 42 0 28 45 27 26 32 14 17 25 32 22 33 33 33 44 20 30 5 15 29 13 31 43 21 12 36 31 37 4 13 38 23 29 23 45 40 25 46 43 40 33 41 50
42 35 48 24 40 9 26 18 30 51 46 33 10 38 40 43 3 6 16 44 27 40 44 29 41 15 9 38 30 37 36 25 23 38 37 30 29 18 7 12 25 38 41 33 26 40 33 33 28 38 1 26 27 28 40 48 19 12 19 16 14 40 14 6 17 26 18 23 28 40 28 28 20 23 26 22 23 45 36 20 19 26 40 45 27 13 43 37 41 30 27 33 31 45 14 5 22 44 48 21 19 36 43 34 21 16 11 20 28 0 20 46 38 4 16 21 44 40 7 45 25 30 16 30 25 25 36 41 27 25 36 32 18 8 35 14 24 21 16 14 5 36 17 12 10 28 29 36 41 45 46
36 24 42 38 31 25 10 35 17 53 43 19 28 27 28 43 22 14 14 32 44 34 31 16 35 10 13 47 47 26 38 22 12 40 25 44 40 7 13 28 39 24 44 32 43 37 46 41 42 26 21 13 41 40 28 43 9 10 37 22 28 47 9 18 33 7 36 39 45 40 39 21 5 40 41 37 30 31 32 38 3 21 26 32 15 14 32 27 27 16 43 47 38 42 31 19 37 43 51 1 13 26 50 32 35 30 11 4 45 20 0 49 35 16 31 28 47 32 24 38 16 21 11 31 18 40 42 38 34 17 22 32 33 12 28 8 41 38 7 22 17 35 6 8 20 12 15 24 32 32 32
19 32 18 27 25 38 46 34 37 4 13 42 42 29 34 7 44 50 59 33 31 21 38 39 21 55 45 14 41 30 12 28 38 9 36 22 20 54 48 37 25 37 7 18 29 15 19 15 22 34 46 40 23 22 34 15 40 52 40 32 33 9 43 42 33 48 41 30 40 11 20 29 45 37 26 29 24 42 19 42 46 29 41 37 38 39 27 28 45 43 28 19 16 13 37 42 27 9 3 49 58 29 7 18 28 30 43 46 27 46 49 0 16 47 31 26 2 24 39 19 34 31 55 18 32 27 12 15 19 33 39 18 30 49 25 44 31 40 43 33 43 15 53 50 37 46 43 34 25 33 44
5 16 10 25 9 32 30 31 21 19 8 26 37 13 18 9 37 39 45 17 31 5 22 23 5 41 33 21 41 14 8 15 23 11 20 24 20 41 37 32 24 21 14 5 29 2 23 17 22 18 39 24 23 21 18 10 26 39 37 22 28 18 30 33 29 33 38 28 39 5 19 14 30 35 25 27 18 26 3 39 32 15 25 21 22 28 11 12 29 27 27 24 14 7 33 33 25 8 19 34 45 13 20 4 24 26 32 31 26 38 35 16 0 38 27 19 15 8 34 7 19 15 42 9 17 26 15 3 15 18 23 7 26 38 9 31 29 37 29 24 34 3 39 37 28 30 27 18 9 17 28
40 33 46 26 38 12 23 22 27 52 46 30 14 36 38 43 7 2 12 42 31 38 42 26 39 11 6 40 34 35 37 24 20 38 35 33 31 14 3 15 27 35 42 33 30 40 35 35 30 36 5 23 29 30 38 47 16 8 23 16 16 42 11 5 20 22 22 26 32 40 30 26 17 27 29 25 24 42 36 24 16 24 37 43 24 11 41 35 38 27 30 35 33 45 18 5 25 44 49 17 15 34 45 34 23 18 8 16 32 4 16 47 38 0 19 21 45 38 10 43 23 28 12 30 23 28 37 41 28 23 33 32 21 4 33 11 28 25 13 14 4 36 13 8 10 25 26 34 39 43 43
31 29 37 7 30 7 32 4 27 36 35 33 10 30 34 29 13 20 30 37 13 29 39 28 30 29 19 20 17 30 22 17 23 22 33 13 13 32 21 5 8 33 25 22 12 29 16 17 11 32 15 27 10 11 34 37 22 26 10 9 3 24 22 14 2 33 11 8 14 28 12 21 28 9 10 6 9 41 25 12 28 19 37 39 26 17 33 29 40 32 12 16 16 34 6 14 6 32 33 31 33 29 27 23 4 1 20 28 14 16 31 31 27 19 0 8 29 30 9 34 22 24 30 18 20 9 20 30 12 21 33 20 2 22 26 23 10 10 24 9 15 24 31 26 11 33 32 31 31 38 43
23 22 29 11 22 13 28 12 22 30 27 28 18 22 27 22 19 23 32 29 17 21 32 23 22 29 18 20 25 22 15 10 19 17 26 16 12 30 22 13 11 26 20 14 16 21 18 14 14 25 21 22 13 12 27 29 19 26 18 6 9 21 19 16 10 30 19 12 22 20 11 14 25 17 13 10 2 34 17 20 25 12 30 32 21 14 25 21 34 27 15 19 11 26 14 16 10 24 28 28 33 21 24 15 8 7 18 25 17 21 28 26 19 21 8 0 24 22 15 26 17 17 30 10 14 13 16 22 7 15 27 12 8 23 18 20 14 18 21 7 17 16 29 25 11 29 27 24 23 30 36
18 31 17 25 24 36 44 32 35 6 12 41 40 28 33 6 42 47 56 32 29 20 37 37 20 53 42 12 39 29 10 25 36 7 35 20 18 52 46 35 23 36 5 16 27 14 17 13 20 33 44 38 21 20 33 14 38 50 38 30 31 7 41 40 31 46 39 28 38 10 18 27 43 35 24 27 22 41 18 40 44 27 40 36 36 37 26 27 44 41 26 17 14 12 35 40 25 8 4 47 56 28 6 16 26 28 41 44 25 44 47 2 15 45 29 24 0 23 37 18 32 29 53 16 30 25 10 14 17 31 38 16 28 47 24 42 29 38 41 31 41 13 51 48 35 44 41 33 24 32 43
5 8 10 30 1 34 24 34 15 26 12 18 39 5 10 17 39 38 44 9 36 3 14 17 3 40 32 29 46 6 16 15 20 19 12 30 25 38 36 34 29 13 22 9 34 9 30 24 27 10 41 19 28 27 10 12 24 38 40 24 31 26 28 34 32 27 41 33 44 13 25 12 27 39 31 31 22 18 6 42 29 14 17 13 17 27 3 5 21 19 33 31 20 11 36 35 29 15 27 31 43 6 28 8 29 29 30 28 32 40 32 24 8 38 30 22 23 0 36 7 16 11 40 13 15 31 22 9 20 16 15 11 30 36 5 29 34 40 27 26 35 11 37 35 30 24 20 10 1 9 20
38 32 44 16 36 2 28 12 28 45 42 33 5 34 37 37 4 12 22 40 21 36 42 28 37 21 11 30 24 33 29 21 22 31 35 23 22 24 13 5 18 35 34 29 20 36 26 26 21 35 6 26 20 21 37 44 19 18 13 12 7 33 16 6 10 28 12 16 22 35 21 24 22 17 19 15 16 43 32 14 21 22 38 42 26 12 39 33 41 31 20 26 24 41 8 5 15 39 41 24 25 32 36 30 14 9 13 22 22 7 24 39 34 10 9 15 37 36 0 41 23 26 22 25 21 18 29 37 20 22 34 27 11 14 31 16 18 15 18 10 7 31 23 18 6 30 31 33 37 41 44
3 14 3 32 7 39 30 38 21 21 7 24 44 11 15 13 44 44 50 14 38 5 19 23 4 46 37 27 48 12 15 20 27 17 18 31 27 44 41 39 31 19 19 12 36 6 30 24 29 16 46 25 30 28 15 5 30 44 44 29 35 23 34 39 36 33 45 35 46 9 26 18 33 42 32 34 25 23 9 46 35 19 22 18 23 32 8 11 26 25 34 30 21 6 40 40 32 10 22 37 49 12 24 11 31 33 36 34 33 45 38 19 7 43 34 26 18 7 41 0 23 18 46 16 21 33 21 5 22 22 21 14 33 42 11 35 36 44 33 31 40 10 43 41 35 30 26 16 7 14 25
20 10 26 28 16 22 12 27 5 37 27 11 27 13 15 27 24 23 27 19 34 18 19 6 19 23 17 35 40 12 23 8 4 26 12 32 28 22 21 24 27 13 30 16 32 21 34 29 30 13 26 6 29 28 15 27 7 21 32 13 21 34 12 19 25 14 32 29 37 23 27 5 11 32 29 27 18 20 16 34 13 6 15 20 4 12 18 12 18 10 31 35 25 26 26 20 27 27 37 15 27 11 36 16 25 21 15 12 33 25 16 34 19 23 22 17 32 16 23 23 0 5 24 17 3 29 29 22 22 2 11 17 24 21 12 13 31 32 10 14 20 19 20 19 17 13 10 11 17 20 21
15 5 21 28 11 25 15 29 6 34 22 12 30 8 10 24 29 28 32 14 34 13 15 8 14 28 22 33 42 7 21 7 9 24 9 30 26 27 26 26 27 9 28 13 32 17 32 27 28 8 31 9 28 27 10 22 12 26 34 15 23 32 17 24 26 18 34 29 38 20 25 3 16 33 29 27 18 17 12 36 18 5 13 15 7 17 13 7 17 12 31 33 23 21 28 25 27 23 33 20 32 6 34 13 25 23 20 17 33 30 21 31 15 28 24 17 29 11 26 18 5 0 29 15 5 29 27 18 20 5 10 15 25 26 7 18 31 34 15 17 25 16 25 24 20 15 12 7 12 15 19
45 33 50 37 40 24 21 34 27 60 52 30 26 36 38 50 19 10 3 42 43 42 42 26 43 1 12 50 46 35 44 28 21 46 35 44 42 4 9 27 38 35 50 38 42 45 46 44 41 36 17 23 40 41 38 51 17 4 35 24 27 51 12 16 32 18 34 38 44 46 41 28 15 39 40 36 32 42 39 36 13 27 37 43 24 16 41 36 38 27 42 46 41 49 30 17 36 50 57 12 3 35 54 39 34 29 12 14 44 16 11 55 42 12 30 30 53 40 22 46 24 29 0 37 25 39 46 45 37 25 33 38 32 8 35 11 40 37 14 23 15 41 5 5 20 23 26 34 41 43 43
13 18 19 16 14 23 29 22 21 22 17 27 28 16 21 13 29 31 39 22 23 11 26 23 12 36 26 18 32 16 7 9 20 9 22 17 13 36 30 23 15 23 13 4 20 11 17 12 15 20 31 23 15 14 21 19 22 33 28 14 19 17 25 25 20 31 29 19 30 10 12 12 27 26 17 18 9 29 7 30 28 11 27 26 21 21 16 14 31 27 19 18 8 16 24 25 16 14 20 31 40 15 19 5 16 17 25 28 20 30 31 18 9 30 18 10 16 13 25 16 17 15 37 0 14 17 12 12 7 15 24 2 17 31 11 26 21 28 25 16 26 6 35 32 20 30 27 20 14 22 30
18 10 24 25 15 21 15 25 8 35 25 14 26 13 15 25 24 23 28 19 31 16 20 9 17 24 17 32 38 12 21 5 6 23 13 29 25 24 21 22 24 14 27 14 29 19 31 26 27 13 26 9 26 25 15 25 9 22 30 11 19 31 13 19 22 17 30 26 34 21 24 3 13 29 26 24 15 22 14 32 15 3 18 20 7 12 18 12 21 13 28 32 22 24 24 20 24 25 34 17 28 11 33 14 22 19 15 14 30 25 18 32 17 23 20 14 30 15 21 21 3 5 25 14 0 26 26 20 19 1 14 15 22 21 10 14 28 30 12 13 20 17 22 20 15 16 13 12 16 20 24
31 34 35 2 32 16 41 8 34 31 32 40 17 34 38 26 22 29 39 40 5 29 43 35 30 38 28 14 15 33 19 22 32 19 38 6 7 41 30 13 2 38 20 22 3 27 9 12 5 37 24 35 4 5 38 34 31 35 13 18 12 18 31 23 8 42 14 3 13 25 7 26 37 10 1 3 11 46 25 15 37 24 42 43 33 26 34 32 46 39 3 10 12 31 12 23 3 29 27 40 42 32 21 23 5 10 29 37 5 25 40 27 26 28 9 13 25 31 18 33 29 29 39 17 26 0 15 28 10 27 39 19 7 31 28 32 4 13 33 18 24 22 40 35 20 42 39 36 31 39 47
20 29 22 15 23 27 41 22 33 16 18 39 30 26 31 11 33 39 48 31 19 20 36 35 20 45 34 6 29 27 7 21 32 5 33 10 8 46 38 25 13 34 5 14 17 16 8 3 10 31 35 35 11 10 31 20 33 42 28 22 22 5 35 32 21 43 29 18 28 12 8 24 39 25 14 17 14 39 16 30 39 23 38 35 33 30 25 25 42 39 16 9 5 18 25 32 15 14 13 42 49 26 8 14 16 20 34 39 15 36 42 12 15 37 20 16 10 22 29 21 29 27 46 12 26 15 0 16 9 27 36 12 18 39 22 36 19 28 36 23 33 12 45 41 27 42 39 31 23 31 41
4 17 7 27 10 35 32 34 23 17 5 27 40 14 19 8 40 42 48 18 33 6 23 25 6 44 36 21 43 15 10 18 26 11 21 25 22 44 40 35 26 22 14 8 31 1 24 18 24 19 42 27 25 24 19 7 29 42 40 25 31 18 33 36 32 35 41 30 41 4 22 17 33 37 28 29 21 27 6 42 35 18 26 22 25 31 12 13 30 28 30 25 17 4 36 36 27 6 18 37 48 14 19 7 27 29 35 34 29 41 38 15 3 41 30 22 14 9 37 5 22 18 45 12 20 28 16 0 18 21 24 10 29 41 11 34 32 40 32 27 37 6 42 40 31 32 29 19 10 18 29
20 25 25 9 21 18 34 16 26 23 23 32 22 23 28 17 24 30 39 29 15 18 33 28 19 36 25 13 25 23 10 14 25 10 29 10 6 37 29 17 8 29 13 11 13 17 12 7 8 27 26 28 8 7 28 25 25 33 22 13 13 14 26 23 14 36 23 12 23 16 5 17 31 19 10 11 5 36 14 24 31 16 33 33 26 21 23 21 37 32 12 13 4 22 18 23 9 20 21 34 40 22 17 12 9 11 25 31 13 27 34 19 15 28 12 7 17 20 20 22 22 20 37 7 19 10 9 18 0 20 30 9 11 30 18 27 14 22 28 14 24 12 36 32 18 35 32 27 21 29 37
19 10 25 26 15 21 14 26 7 36 26 13 26 13 15 26 24 23 28 19 32 17 19 8 18 24 17 33 39 12 22 6 5 24 13 30 26 23 21 23 25 13 28 15 30 20 32 27 28 13 26 8 27 26 15 26 8 22 31 12 20 32 13 19 23 16 31 27 35 22 25 4 12 30 27 25 16 21 15 33 14 4 17 20 6 12 18 12 20 12 29 33 23 25 25 20 25 26 35 16 28 11 34 15 23 20 15 13 31 25 17 33 18 23 21 15 31 16 22 22 2 5 25 15 1 27 27 21 20 0 13 16 23 21 11 14 29 31 11 13 20 18 21 20 16 15 12 11 16 20 23
20 7 24 38 14 34 12 39 6 41 27 4 39 10 6 32 35 33 36 10 44 18 9 7 18 32 27 42 52 9 30 17 13 33 3 40 36 29 31 35 37 2 37 22 42 24 41 36 38 5 37 10 38 37 6 26 17 31 44 24 32 41 22 30 36 15 43 39 48 28 35 13 18 43 39 37 28 9 20 45 20 15 4 10 9 23 13 11 7 6 41 42 32 26 37 31 37 30 42 21 35 10 43 22 35 32 25 19 43 36 22 39 23 33 33 27 38 15 34 21 11 10 33 24 14 39 36 24 30 13 0 24 35 31 14 23 41 43 20 25 31 25 28 29 28 11 7 5 14 10 10
11 17 17 18 12 25 29 24 21 22 15 27 30 14 19 12 31 33 41 20 24 9 24 23 10 37 28 18 34 15 6 10 21 9 21 18 14 37 32 25 17 22 13 2 22 9 18 13 16 19 33 23 17 16 19 17 23 35 30 16 21 17 26 27 22 31 31 21 32 8 14 12 28 28 19 20 11 27 5 32 29 12 26 24 21 23 14 13 30 27 21 19 9 14 26 27 18 12 20 32 41 14 19 3 18 19 27 29 21 32 32 18 7 32 20 12 16 11 27 14 17 15 38 2 15 19 12 10 9 16 24 0 19 33 10 27 23 30 26 18 28 4 36 33 22 30 27 19 12 20 29
30 30 36 5 30 9 34 5 29 34 34 35 12 30 35 28 15 22 32 37 11 28 40 30 29 31 21 18 17 30 21 18 25 21 34 11 10 34 23 7 6 34 23 21 10 28 14 15 9 33 17 29 8 9 35 36 24 28 11 11 5 22 24 16 3 35 12 6 15 27 10 22 30 10 8 4 8 42 24 13 30 20 38 40 28 19 33 29 42 34 10 14 14 33 7 16 4 31 31 33 35 29 25 22 2 3 22 30 12 18 33 30 26 21 2 8 28 30 11 33 24 25 32 17 22 7 18 29 11 23 35 19 0 24 26 25 8 11 26 11 17 23 33 28 13 35 34 32 31 38 44
39 31 45 29 36 16 20 26 25 53 46 28 18 34 36 44 11 2 9 40 35 37 40 24 38 7 5 43 38 33 38 23 18 40 33 36 34 10 1 19 30 33 43 33 34 40 38 37 33 34 9 21 32 33 36 46 14 4 27 17 19 44 9 8 24 19 26 30 36 41 33 24 14 31 32 28 25 40 35 28 12 23 35 41 22 10 39 33 36 25 34 38 34 45 22 9 28 45 51 13 11 32 47 34 26 21 6 13 36 8 12 49 38 4 22 23 47 36 14 42 21 26 8 31 21 31 39 41 30 21 31 33 24 0 31 8 32 29 11 16 7 36 9 4 12 22 24 32 37 41 41
8 7 14 27 5 29 21 30 12 28 15 17 34 4 9 18 34 33 38 11 34 6 14 14 7 34 27 28 43 5 16 10 16 19 11 28 24 34 31 30 26 12 23 8 31 11 28 23 26 9 36 16 26 25 9 15 19 32 36 19 26 27 23 29 28 24 37 30 40 14 23 7 23 35 28 27 18 17 6 38 25 9 16 14 14 22 8 3 20 18 30 29 19 14 31 30 27 17 28 27 38 4 29 8 25 25 25 24 31 35 28 25 9 33 26 18 24 5 31 11 12 7 35 11 10 28 22 11 18 11 14 10 26 31 0 24 31 36 22 21 30 11 32 30 25 21 18 9 6 12 19
32 23 38 30 29 17 13 27 17 48 39 20 20 26 28 38 15 10 14 32 36 30 32 16 31 10 5 40 39 25 33 17 10 35 25 36 32 10 8 20 31 25 39 27 35 33 38 34 34 26 15 13 33 32 28 39 6 8 29 14 20 41 1 10 25 12 28 31 37 35 31 17 7 32 33 29 22 32 28 30 5 16 27 33 14 6 31 25 28 17 35 39 31 38 23 11 29 39 46 8 14 24 44 28 27 22 3 6 37 14 8 44 31 11 23 20 42 29 16 35 13 18 11 26 14 32 36 34 27 14 23 27 25 8 24 0 33 30 3 14 10 30 9 6 12 15 16 24 30 33 33
34 37 39 5 35 16 42 6 36 35 36 42 15 37 41 30 21 30 40 43 3 32 46 38 33 39 29 17 11 36 23 24 33 23 40 9 11 42 31 13 6 40 24 25 2 31 12 16 9 39 23 37 8 9 41 38 32 36 10 19 13 22 32 24 8 43 11 2 9 29 11 28 38 6 5 4 13 48 28 11 38 26 44 45 35 27 37 34 48 41 3 12 16 35 10 23 5 33 31 41 43 34 25 26 6 11 30 38 4 24 41 31 29 28 10 14 29 34 18 36 31 31 40 21 28 4 19 32 14 29 41 23 8 32 31 33 0 9 34 19 25 26 41 36 21 43 41 38 35 43 50
41 41 47 13 41 13 42 6 39 44 45 45 11 42 46 39 18 27 37 49 10 40 51 40 41 36 26 26 9 41 32 28 35 32 44 18 20 39 28 11 15 44 33 32 11 39 21 25 18 43 20 39 17 18 45 47 32 33 2 21 13 31 30 21 8 42 3 10 7 38 20 31 36 3 14 11 19 51 35 2 36 29 47 49 37 25 44 39 51 43 12 21 25 44 8 20 13 42 40 38 40 39 34 33 13 11 27 36 13 21 38 40 37 25 10 18 38 40 15 44 32 34 37 28 30 13 28 40 22 31 43 30 11 29 36 30 9 0 32 19 22 34 38 33 19 43 42 41 41 48 53
30 20 36 31 26 19 10 28 14 47 37 17 22 23 25 37 17 13 17 29 37 28 29 13 29 13 7 41 41 22 32 16 7 34 22 37 33 11 11 21 32 22 38 26 36 31 39 35 35 23 17 10 34 33 25 37 3 11 30 15 21 41 2 12 26 9 30 32 38 33 32 15 4 33 34 30 23 29 26 32 4 15 24 30 11 7 28 22 25 14 36 40 31 36 24 13 30 37 45 7 17 21 44 26 28 23 5 4 38 16 7 43 29 13 24 21 41 27 18 33 10 15 14 25 12 33 36 32 28 11 20 26 26 11 22 3 34 32 0 15 12 29 10 9 13 12 13 21 27 30 30
28 22 34 16 26 8 23 13 19 37 32 25 13 24 27 29 13 15 25 30 22 26 32 20 27 22 11 27 26 23 22 11 15 24 26 22 19 23 15 10 17 26 27 19 21 26 24 21 20 25 15 19 19 18 27 34 13 19 18 2 7 28 13 9 11 24 18 17 23 26 18 14 19 18 19 15 9 34 22 20 19 12 29 32 18 8 29 23 32 24 21 25 18 31 12 9 15 30 35 22 26 22 31 20 13 8 11 19 23 14 22 33 24 14 9 7 31 26 10 31 14 17 23 16 13 18 23 27 14 13 25 18 11 16 21 14 19 19 15 0 10 22 22 18 4 25 24 24 27 31 35
37 30 43 22 35 9 22 19 25 47 42 29 11 33 35 39 5 5 15 39 28 35 39 24 36 14 5 36 31 32 32 20 18 34 32 29 27 17 6 12 23 33 37 29 27 36 31 31 26 33 6 21 25 26 35 44 14 11 20 12 12 38 10 1 17 22 19 23 29 36 26 23 16 24 25 21 19 40 32 21 15 21 35 40 22 8 38 32 37 26 27 31 28 41 15 2 21 40 45 18 18 31 41 30 19 14 7 16 29 5 17 43 34 4 15 17 41 35 7 40 20 25 15 26 20 24 33 37 24 20 31 28 17 7 30 10 25 22 12 10 0 32 16 11 6 24 25 31 36 40 41
8 18 13 21 12 29 31 28 22 18 11 28 34 15 20 8 35 37 44 20 27 8 25 24 8 40 31 18 37 16 5 13 23 8 22 20 16 40 35 29 20 23 12 3 25 5 20 14 18 20 37 25 19 18 20 13 26 38 34 20 25 16 29 31 26 33 35 24 35 5 16 14 30 31 22 23 15 28 5 36 32 14 27 24 23 26 14 14 31 28 24 21 11 10 30 31 21 9 17 34 44 15 18 3 21 23 30 31 23 36 35 15 3 36 24 16 13 11 31 10 19 16 41 6 17 22 12 6 12 18 25 4 23 36 11 30 26 34 29 22 32 0 39 36 26 31 28 20 12 20 30
40 29 46 38 36 25 16 35 22 57 47 25 27 32 33 47 20 11 8 37 44 38 37 21 39 4 12 49 47 31 42 26 17 44 30 44 41 1 10 28 39 30 48 36 43 41 47 43 42 31 18 18 41 40 33 47 13 5 36 23 28 50 10 17 33 13 35 39 45 43 40 25 10 40 41 37 31 37 36 37 8 25 32 38 20 15 37 32 33 22 43 47 40 46 31 18 37 47 55 7 7 31 53 36 35 30 11 9 45 17 6 53 39 13 31 29 51 37 23 43 20 25 5 35 22 40 45 42 36 21 28 36 33 9 32 9 41 38 10 22 16 39 0 5 20 18 21 29 37 38 38
38 29 44 33 35 20 17 30 23 54 45 26 22 32 34 44 15 6 8 38 39 36 38 22 37 4 7 45 42 31 39 23 16 41 31 39 37 6 5 23 34 31 45 33 38 39 42 39 37 32 13 19 36 36 34 45 12 2 31 19 23 46 7 12 28 15 30 34 40 41 36 23 11 35 36 32 27 38 34 32 9 22 33 39 20 11 37 31 34 23 38 42 36 44 26 13 32 45 52 9 8 30 49 34 30 25 7 10 40 12 8 50 37 8 26 25 48 35 18 41 19 24 5 32 20 35 41 40 32 20 29 33 28 4 30 6 36 33 9 18 11 36 5 0 15 19 22 30 36 39 39
32 25 38 18 30 6 23 15 22 41 36 27 11 28 30 33 9 11 21 34 24 30 35 22 31 19 8 31 27 27 26 15 16 28 28 24 22 21 11 8 19 29 31 23 23 30 27 25 22 28 11 20 21 21 30 38 13 16 17 6 8 32 11 5 13 22 17 19 25 30 21 18 17 20 21 17 13 37 26 19 17 16 32 35 20 6 33 27 35 25 23 27 22 35 11 5 17 34 39 20 23 26 35 24 15 10 9 17 25 10 20 37 28 10 11 11 35 30 6 35 17 20 20 20 15 20 27 31 18 16 28 22 13 12 25 12 21 19 13 4 6 26 20 15 0 25 25 27 31 35 38
29 16 34 40 23 31 2 38 9 49 36 7 34 19 17 39 29 24 26 21 46 26 19 7 27 22 19 48 51 18 36 21 10 39 14 45 41 19 22 33 40 13 43 28 45 32 47 42 43 16 29 7 42 41 17 35 12 21 42 24 32 47 14 24 36 5 42 41 48 35 40 18 8 43 42 39 31 19 27 44 10 19 14 20 9 19 24 19 15 5 44 48 38 34 36 25 39 38 48 11 25 18 49 28 37 32 17 9 46 28 12 46 30 25 33 29 44 24 30 30 13 15 23 30 16 42 42 32 35 15 11 30 35 22 21 15 43 43 12 25 24 31 18 19 25 0 4 15 24 21 20
25 12 30 38 19 31 5 37 6 46 32 4 35 15 13 36 30 26 29 17 44 23 16 4 23 25 20 45 50 14 33 18 9 36 10 42 38 22 24 33 37 9 40 25 42 29 44 39 40 12 30 5 39 38 13 31 12 24 42 23 31 44 15 25 35 8 42 39 47 32 37 15 11 42 39 37 28 16 24 44 13 16 11 17 6 19 20 16 12 1 41 45 35 31 36 26 37 35 45 14 28 15 46 25 35 31 18 12 43 29 15 43 27 26 32 27 41 20 31 26 10 12 26 27 13 39 39 29 32 12 7 27 34 24 18 16 41 42 13 24 25 28 21 22 25 4 0 11 20 17 17
15 2 19 35 9 32 15 36 7 36 22 8 37 5 4 27 35 34 37 8 41 13 8 8 13 33 28 37 49 4 25 14 14 28 2 37 33 30 32 33 34 3 32 17 39 19 37 32 35 2 37 11 35 34 4 21 18 32 41 22 30 36 23 30 33 18 41 36 45 23 32 10 19 40 36 34 25 11 15 43 21 12 7 9 10 23 9 6 11 10 38 38 28 21 35 31 34 25 37 23 36 5 38 17 32 30 26 20 40 36 24 34 18 34 31 24 33 10 33 16 11 7 34 20 12 36 31 19 27 11 5 19 32 32 9 24 38 41 21 24 31 20 29 30 27 15 11 0 10 9 13
6 8 10 31 1 35 24 35 15 27 13 18 40 5 9 18 40 39 44 8 37 4 13 17 4 40 33 30 47 6 17 16 21 20 11 31 26 38 37 35 30 12 23 10 35 10 31 25 28 9 42 19 29 28 9 12 24 38 41 25 32 27 29 35 33 27 42 34 45 14 26 13 27 40 32 32 23 17 7 43 29 15 16 12 17 28 2 5 20 19 34 32 21 12 37 36 30 16 28 31 44 6 29 9 30 30 31 28 33 41 32 25 9 39 31 23 24 1 37 7 17 12 41 14 16 31 23 10 21 16 14 12 31 37 6 30 35 41 27 27 36 12 37 36 31 24 20 10 0 8 19
14 10 16 39 9 39 23 42 16 35 21 14 44 8 5 26 44 43 46 1 45 12 5 17 12 42 37 38 55 8 25 21 23 28 8 39 34 39 41 40 38 8 31 18 43 18 39 33 36 7 46 20 37 36 5 19 27 41 48 29 37 35 32 39 40 26 48 42 52 22 34 17 28 47 40 39 30 9 15 50 30 19 10 4 19 32 6 9 13 16 42 40 29 20 42 40 38 24 36 31 45 9 37 17 37 37 35 29 41 45 32 33 17 43 38 30 32 9 41 14 20 15 43 22 20 39 31 18 29 20 10 20 38 41 12 33 43 48 30 31 40 20 38 39 35 21 17 9 8 0 11
25 15 27 47 19 44 22 49 16 46 32 13 49 15 10 37 45 43 46 11 54 23 6 17 23 42 37 48 62 15 35 26 23 38 11 49 44 39 41 45 46 10 42 27 51 29 48 42 45 12 47 20 46 45 10 30 27 41 54 34 42 46 32 40 45 25 53 49 57 33 43 22 28 52 48 46 37 2 25 55 30 24 6 7 19 33 17 16 5 16 50 49 38 31 47 41 46 35 47 31 45 16 48 27 44 42 35 29 50 46 32 44 28 43 43 36 43 20 44 25 21 19 43 30 24 47 41 29 37 23 10 29 44 41 19 33 50 53 30 35 41 30 38 39 38 20 17 13 19 11 0
0         1115     
0         127      
401       575      
261       455      
811       927      
552       711      
195       343      
524       650      
35        179      
349       496      
344       519      
64        214      
507       710      
0         72       
0         104      
356       492      
522       681      
132       302      
592       742      
0         92       
496       617      
0         72       
0         105      
0         167      
408       546      
140       316      
107       252      
422       569      
681       875      
0         90       
387       581      
628       799      
20        200      
294       486      
0         100      
312       417      
288       452      
173       306      
159       290      
491       684      
279       423      
2         157      
320       494      
208       389      
705       876      
213       396      
419       582      
320       439      
297       433      
0         81       
514       704      
23        169      
288       450      
313       452      
0         122      
379       504      
133       247      
166       307      
489       655      
547       726      
496       645      
436       623      
101       240      
105       276      
479       674      
40        239      
460       644      
294       454      
740       847      
251       397      
446       567      
47        188      
42        240      
492       613      
307       412      
279       451      
230       393      
0         140      
234       359      
487       638      
53        241      
46        202      
13        135      
0         168      
6         202      
115       263      
0         108      
0         71       
886       1089     
649       779      
459       633      
464       588      
285       431      
377       542      
488       629      
526       692      
846       986      
367       492      
352       490      
48        259      
129       287      
0         110      
317       519      
209       368      
260       397      
518       650      
84        235      
108       216      
455       624      
614       717      
178       347      
325       520      
192       352      
114       300      
647       847      
567       717      
294       460      
0         78       
550       697      
367       544      
38        183      
40        180      
144       281      
260       381      
5         208      
246       412      
321       467      
205       412      
227       418      
195       360      
1         178      
234       402      
496       666      
754       884      
207       361      
89        223      
496       649      
686       842      
98        227      
562       717      
103       278      
217       403      
142       293      
585       742      
572       709      
46        223      
47        183      
0         137      
0         65       
0         117      
812       941      
