151
0 22 42 13 11 5 34 42 43 39 34 27 39 49 50 29 22 40 21 20 36 32 34 23 25 38 19 44 30 44 18 5 40 16 14 40 21 24 40 2 31 37 32 32 6 16 28 29 31 19 52 31 19 19 32 27 35 30 47 34 42 24 37 41 20 37 40 23 45 36 30 46 24 20 25 37 36 19 40 20 27 39 44 39 37 40 24 33 29 37 26 36 12 44 30 30 46 50 26 44 22 33 36 27 39 19 26 35 46 24 44 39 36 8 23 12 37 11 16 32 20 49 27 13 28 21 25 34 37 6 14 3 20 44 21 36 35 7 30 33 37 43 37 26 13 15 43 30 23 39 7
22 0 42 21 11 20 12 28 36 17 44 30 31 40 38 18 23 18 35 6 46 36 41 11 3 19 27 35 21 41 7 18 35 7 19 34 35 34 31 24 15 38 28 35 24 26 29 17 34 26 41 41 4 3 12 32 13 8 41 28 20 6 29 19 16 15 35 13 23 23 36 30 36 21 26 24 25 26 20 13 31 31 22 34 22 38 9 31 39 16 37 14 17 23 12 12 38 43 30 35 16 13 14 34 49 14 35 39 31 2 41 40 39 15 28 27 43 24 29 14 3 39 35 30 11 31 3 26 17 20 9 20 8 22 2 28 38 19 19 14 36 29 15 7 12 29 27 27 27 32 23
42 42 0 28 37 46 44 21 10 47 24 14 14 15 20 24 19 45 29 36 25 10 17 31 44 33 23 15 21 6 36 36 8 37 27 10 29 24 15 41 29 4 14 9 47 26 13 25 11 23 22 23 45 40 35 16 43 41 13 14 41 48 14 49 26 41 9 29 48 23 14 29 27 21 16 22 18 22 33 29 14 13 47 9 24 5 33 11 24 36 25 48 29 36 32 32 17 16 15 15 26 35 40 17 26 28 22 7 27 44 8 2 6 34 18 32 16 31 29 30 44 19 19 34 32 25 45 16 35 45 36 43 34 45 44 15 5 35 23 32 6 24 40 36 32 31 28 15 17 11 48
13 21 28 0 11 17 31 30 29 36 23 13 26 35 37 19 9 35 13 15 25 19 22 15 24 30 6 31 19 31 14 8 27 13 3 28 13 13 28 14 23 23 20 18 19 5 15 20 17 6 39 20 21 17 24 14 31 26 34 22 34 25 25 38 10 31 28 15 40 27 18 37 15 8 13 27 25 6 32 12 14 27 39 27 28 27 17 21 18 29 16 35 3 36 22 22 34 37 13 32 13 25 29 15 28 10 15 22 37 22 32 25 22 8 10 9 25 6 8 24 20 36 15 12 20 10 23 22 29 18 11 15 14 37 21 24 21 7 21 25 24 34 30 20 8 10 35 17 10 27 20
11 11 37 11 0 10 23 32 35 28 34 24 31 41 41 19 17 29 23 9 36 30 33 13 14 27 17 36 21 38 7 7 33 5 10 33 23 24 32 13 21 33 25 29 14 16 23 19 28 17 44 31 11 8 21 25 24 19 40 27 31 16 29 30 11 26 33 13 34 26 29 36 26 15 20 27 27 17 29 11 25 31 33 32 27 34 13 27 29 26 27 25 8 33 19 19 38 43 24 36 13 22 25 26 39 10 26 33 36 13 38 34 33 4 21 15 36 13 18 21 11 41 26 18 17 21 14 25 26 11 3 9 9 33 12 27 32 8 21 22 32 34 26 15 4 18 33 23 21 31 13
5 20 46 17 10 0 32 42 45 37 39 30 41 51 51 29 25 38 26 18 41 36 39 23 23 36 23 46 31 47 16 9 43 14 17 43 26 29 42 7 30 40 35 35 4 21 31 29 34 23 54 36 16 17 30 31 33 28 50 37 40 21 39 39 21 35 43 23 43 36 35 46 29 23 28 37 37 23 38 21 31 41 42 42 37 43 22 36 34 35 31 34 15 42 28 28 48 53 30 46 23 31 34 32 44 20 31 39 46 21 47 42 39 10 27 17 42 16 21 30 17 51 32 18 26 26 22 35 35 1 13 2 18 42 18 37 38 11 31 31 40 44 35 24 14 20 43 33 27 41 3
34 12 44 31 23 32 0 27 38 5 53 37 32 40 37 20 30 6 44 16 54 42 48 16 9 13 36 35 23 43 17 30 37 19 28 36 44 44 32 36 15 40 30 40 36 36 34 19 40 35 38 49 16 15 9 39 1 5 42 30 9 11 31 7 23 4 37 18 11 22 43 24 46 28 31 24 27 34 13 19 38 33 10 36 21 40 14 33 48 9 47 4 28 13 12 12 38 44 37 36 21 9 5 41 56 21 44 43 26 11 43 42 43 27 35 38 50 35 39 14 15 38 42 41 13 41 10 28 10 32 21 32 17 10 14 30 41 31 21 12 38 26 4 11 23 40 21 29 34 34 35
42 28 21 30 32 42 27 0 12 29 40 24 7 13 10 12 23 26 41 25 42 25 33 19 29 14 31 8 11 17 26 36 12 28 27 10 41 37 6 42 13 20 13 23 46 34 20 12 25 30 13 39 32 28 18 28 26 24 15 10 22 33 8 30 21 23 11 18 29 5 30 8 41 23 20 4 6 29 14 20 26 7 28 11 6 15 20 13 39 18 40 31 29 17 16 16 11 17 26 9 18 18 22 31 43 21 36 25 7 29 17 21 24 32 27 39 34 36 38 13 31 11 33 42 17 37 30 9 17 42 29 41 23 26 30 7 22 35 10 15 16 4 23 21 27 40 7 15 26 8 45
43 36 10 29 35 45 38 12 0 40 33 18 6 6 10 18 20 37 35 31 34 18 26 25 38 25 27 5 15 5 32 37 3 33 28 2 35 31 6 43 23 11 9 16 48 30 15 19 18 26 13 32 39 34 29 22 37 35 5 8 33 42 7 41 22 34 2 23 40 16 23 19 35 21 16 14 11 25 25 24 20 5 39 2 17 5 27 7 33 29 34 42 29 29 26 26 7 8 20 5 21 29 33 25 35 24 30 16 17 38 5 11 15 34 21 36 25 34 33 24 38 10 27 38 26 31 39 10 28 45 32 43 28 37 38 8 14 35 17 26 7 15 34 30 29 35 19 11 20 4 47
39 17 47 36 28 37 5 29 40 0 57 41 34 42 39 24 35 3 49 21 59 46 53 21 14 15 41 37 26 45 22 35 39 24 33 38 49 49 34 41 18 44 33 43 41 41 38 23 44 40 40 54 21 20 12 44 5 10 44 33 7 16 33 2 28 6 39 22 6 24 48 25 51 33 35 26 29 39 15 24 42 35 5 38 23 42 19 36 53 11 52 3 33 13 15 15 40 46 41 38 25 12 7 46 61 26 49 47 27 16 45 45 46 32 39 43 54 40 44 16 20 40 46 46 17 46 15 30 12 37 26 37 22 5 19 32 45 36 23 14 40 28 6 16 28 45 23 33 39 36 40
34 44 24 23 34 39 53 40 33 57 0 17 33 39 43 34 21 55 13 38 2 15 7 35 47 46 17 38 32 30 37 30 30 36 25 32 13 10 35 32 39 22 27 17 40 18 20 35 15 18 46 3 44 40 44 13 51 47 37 30 53 48 32 58 28 51 31 33 60 39 10 48 10 23 22 38 34 18 48 31 15 34 59 31 40 28 36 26 5 47 8 55 26 52 40 40 40 40 15 38 30 44 49 10 5 30 8 17 47 45 32 22 18 30 16 22 8 23 18 40 43 43 9 21 38 13 46 31 46 40 34 37 36 57 44 32 19 28 34 42 26 43 50 39 31 19 46 25 17 33 41
27 30 14 13 24 30 37 24 18 41 17 0 18 24 28 17 7 39 17 24 19 6 12 20 33 29 9 23 15 18 24 21 15 25 14 17 17 13 20 27 23 10 11 5 32 12 4 18 4 8 31 15 33 28 28 4 36 32 23 14 37 36 17 43 14 35 16 18 44 22 7 31 17 9 5 22 18 8 31 17 2 19 43 16 23 14 22 11 15 31 16 41 16 35 25 25 25 26 2 23 15 29 33 7 21 16 12 9 31 32 19 11 9 21 4 18 13 17 16 24 32 28 9 20 23 13 33 15 30 31 24 28 22 41 32 17 8 20 17 26 12 28 34 25 20 18 30 9 3 18 33
39 31 14 26 31 41 32 7 6 34 33 18 0 9 10 12 17 31 35 25 34 18 26 20 32 19 25 5 9 11 26 34 5 28 24 4 35 31 2 39 17 13 7 16 45 28 14 13 18 24 13 32 34 29 23 22 31 29 10 4 27 36 1 35 19 28 5 17 34 10 23 15 35 18 14 8 5 23 19 19 20 1 33 4 11 8 21 7 33 23 34 36 26 23 20 20 8 13 20 6 16 23 27 25 36 19 30 18 14 32 11 14 17 30 21 34 27 31 32 18 32 10 27 36 20 31 33 4 22 40 27 39 22 31 32 2 16 32 11 20 9 11 28 24 25 34 14 9 20 2 43
49 40 15 35 41 51 40 13 6 42 39 24 9 0 5 21 26 39 41 34 40 24 32 29 41 27 33 5 18 9 35 43 9 37 33 8 41 37 8 48 25 17 15 22 54 36 21 22 24 32 7 38 43 38 31 28 39 37 2 13 35 45 10 43 28 36 8 26 42 18 29 18 41 27 22 16 13 31 27 28 26 8 41 8 19 11 30 13 39 31 40 44 35 29 28 28 2 4 26 4 25 31 35 31 41 28 36 22 16 41 7 17 21 39 27 42 31 40 39 26 41 4 33 44 28 37 41 13 30 49 36 48 31 39 41 11 20 41 19 28 13 14 36 32 34 41 19 17 26 8 52
50 38 20 37 41 51 37 10 10 39 43 28 10 5 0 22 27 36 45 35 44 28 36 29 39 24 35 5 19 14 36 44 13 38 34 11 45 41 9 49 23 21 17 26 55 38 24 22 28 34 3 42 42 38 28 32 36 34 7 14 32 43 11 40 29 33 12 27 39 15 33 14 45 28 24 14 14 33 24 29 30 9 38 12 16 15 30 17 43 28 44 41 36 26 26 26 3 7 30 5 26 28 32 35 45 29 40 26 12 39 12 21 25 40 31 44 35 41 42 23 41 1 37 46 27 41 40 14 27 50 37 49 32 36 40 12 24 42 20 25 17 11 33 31 35 44 16 19 30 10 53
29 18 24 19 19 29 20 12 18 24 34 17 12 21 22 0 13 22 30 13 36 21 29 8 20 12 20 17 3 23 14 23 17 16 16 16 30 28 13 29 6 20 10 19 33 23 14 1 20 19 25 32 22 17 11 21 19 17 22 10 20 24 11 26 9 18 17 6 27 8 24 18 31 12 12 8 8 18 14 8 19 13 26 16 9 20 9 13 31 14 31 24 17 18 8 8 20 25 19 18 6 12 16 24 38 9 27 22 18 20 23 22 22 20 18 28 30 25 27 7 21 22 25 31 8 26 21 8 13 30 17 28 11 24 20 10 21 23 2 9 18 15 17 12 15 29 16 9 17 14 32
22 23 19 9 17 25 30 23 20 35 21 7 17 26 27 13 0 33 18 17 23 13 17 14 26 25 8 22 12 22 17 17 17 18 8 18 18 15 19 23 18 15 10 12 28 11 6 14 11 7 30 19 26 21 22 9 30 25 25 13 32 29 16 37 7 29 18 12 38 20 12 30 18 2 4 20 17 6 27 10 8 18 37 17 21 18 15 12 18 26 18 34 10 31 19 19 25 28 7 23 9 23 27 11 26 9 14 16 30 25 23 17 16 15 5 17 19 14 15 19 25 27 12 19 17 14 26 14 25 26 17 24 15 35 25 16 15 16 14 21 15 27 28 18 13 17 28 8 5 18 28
40 18 45 35 29 38 6 26 37 3 55 39 31 39 36 22 33 0 48 21 56 43 50 20 15 12 40 34 24 42 23 36 36 24 32 35 48 48 31 42 16 42 31 41 42 40 36 21 42 39 37 52 22 21 10 42 5 10 41 30 4 17 30 4 26 4 36 20 5 21 45 22 50 31 33 23 26 37 12 23 40 32 4 35 20 39 18 34 51 8 50 6 32 10 13 13 37 43 39 35 23 10 5 44 59 25 47 44 24 17 42 43 44 32 37 43 52 40 43 14 21 37 44 46 15 45 16 28 9 38 26 38 21 4 20 29 43 36 21 12 38 25 4 15 28 45 20 31 37 33 41
21 35 29 13 23 26 44 41 35 49 13 17 35 41 45 30 18 48 0 28 15 19 15 28 37 42 10 40 30 34 27 17 32 26 16 34 0 5 37 19 35 26 28 20 27 8 21 31 18 11 48 10 34 30 37 13 44 39 40 31 47 38 34 51 22 44 33 27 53 38 14 48 3 18 21 38 35 12 44 25 15 36 52 33 39 31 30 28 8 42 5 48 16 48 34 34 42 43 15 40 25 38 42 11 18 23 7 22 48 35 36 27 22 19 14 9 18 10 5 36 33 45 10 8 32 4 36 32 41 27 24 24 27 50 34 34 23 15 32 37 28 45 43 33 21 6 46 26 15 35 28
20 6 36 15 9 18 16 25 31 21 38 24 25 34 35 13 17 21 28 0 40 30 34 5 9 18 21 30 15 35 2 16 29 4 13 28 28 28 26 22 12 32 22 29 22 20 23 12 28 20 37 35 9 4 12 26 16 11 35 22 22 12 23 23 10 17 29 7 26 19 29 28 30 15 20 20 20 20 20 7 25 25 25 28 19 32 5 25 33 17 31 20 12 24 10 10 32 37 24 30 10 13 16 28 43 8 30 33 28 8 35 34 33 12 22 23 36 20 23 12 8 34 29 26 8 25 9 20 17 19 6 18 2 24 8 22 32 16 14 13 30 26 17 6 8 25 25 21 21 26 21
36 46 25 25 36 41 54 42 34 59 2 19 34 40 44 36 23 56 15 40 0 16 8 37 49 48 19 39 34 31 39 32 31 38 27 33 15 12 36 34 41 23 29 18 42 20 22 37 17 20 47 5 46 42 45 15 53 48 38 31 55 50 34 60 30 52 32 35 61 41 12 49 12 25 24 40 36 20 50 33 17 35 60 32 42 29 38 27 7 49 10 57 28 54 42 42 41 41 17 39 32 46 50 12 3 32 10 18 48 47 33 23 19 32 18 24 9 25 20 42 45 44 11 23 40 15 48 33 48 42 36 39 38 58 46 33 20 30 36 44 27 44 51 41 33 21 48 27 19 34 43
32 36 10 19 30 36 42 25 18 46 15 6 18 24 28 21 13 43 19 30 16 0 8 25 38 33 14 23 19 15 30 27 15 31 20 17 19 14 20 32 27 7 13 2 38 17 8 22 2 13 31 14 39 34 32 6 40 37 22 15 41 42 18 47 20 39 16 23 48 25 5 33 17 15 10 24 20 13 35 23 5 19 47 16 26 13 27 11 15 35 16 45 22 38 29 29 25 25 6 23 20 33 37 8 18 22 12 3 32 38 17 7 4 27 9 23 9 22 20 28 38 28 9 24 28 16 39 17 34 37 30 34 28 45 38 17 4 25 21 30 11 28 38 30 26 22 32 12 9 18 38
34 41 17 22 33 39 48 33 26 53 7 12 26 32 36 29 17 50 15 34 8 8 0 31 43 41 16 31 27 23 34 30 23 34 23 25 15 10 28 32 35 15 21 10 40 18 15 30 9 16 39 6 42 38 39 8 47 42 30 23 49 46 26 54 24 46 24 29 55 33 5 41 13 19 17 32 28 16 43 27 10 27 54 24 34 21 32 19 8 43 11 51 25 46 36 36 33 33 10 31 26 40 44 7 10 26 8 10 40 42 25 15 11 30 12 22 3 23 18 36 41 36 7 22 34 13 43 25 42 40 33 37 32 52 42 25 12 28 29 38 19 36 45 35 29 19 40 20 12 26 41
23 11 31 15 13 23 16 19 25 21 35 20 20 29 29 8 14 20 28 5 37 25 31 0 13 15 19 25 10 30 6 19 24 8 12 23 28 27 21 25 8 27 17 24 26 20 18 7 23 18 32 33 14 9 9 23 16 11 30 17 19 17 18 23 6 16 24 2 25 14 26 23 30 11 15 15 15 17 17 3 21 20 24 23 15 27 2 20 31 14 30 20 13 21 7 7 27 32 20 25 5 10 14 24 39 5 27 28 24 13 30 29 28 15 18 24 33 21 23 9 13 29 25 27 5 25 14 15 14 23 10 22 4 22 13 17 27 19 9 10 25 22 15 5 10 25 21 16 17 21 26
25 3 44 24 14 23 9 29 38 14 47 33 32 41 39 20 26 15 37 9 49 38 43 13 0 17 30 36 23 43 10 21 37 10 22 36 37 37 32 27 16 40 30 37 27 29 31 19 36 29 42 44 7 6 11 35 10 5 42 30 17 4 31 16 18 12 37 15 20 23 38 29 39 23 28 25 27 29 19 15 33 33 19 36 23 40 11 33 42 14 40 11 20 21 13 13 39 45 32 37 18 11 11 36 51 17 38 41 30 2 43 42 41 18 30 29 45 27 32 15 6 40 37 32 12 34 1 28 14 23 12 23 11 19 5 30 40 22 21 14 38 30 12 8 15 32 26 29 29 34 26
38 19 33 30 27 36 13 14 25 15 46 29 19 27 24 12 25 12 42 18 48 33 41 15 17 0 32 22 14 30 20 34 24 22 27 23 42 40 19 40 7 31 21 31 40 34 26 11 32 31 25 44 23 20 7 33 12 12 29 19 8 21 18 16 20 9 24 15 15 9 36 11 43 24 24 11 14 30 2 18 31 20 14 23 8 27 14 23 43 4 43 17 28 6 8 8 25 31 31 23 17 6 8 36 50 20 39 34 13 19 30 32 34 30 30 39 42 36 38 6 22 25 37 42 10 38 18 17 3 37 24 36 18 12 21 17 32 34 12 5 27 13 9 13 25 40 9 21 29 21 39
19 27 23 6 17 23 36 31 27 41 17 9 25 33 35 20 8 40 10 21 19 14 16 19 30 32 0 30 20 27 20 14 24 19 8 25 10 8 27 17 25 19 18 14 25 3 12 21 12 1 38 14 27 23 28 8 35 30 32 21 38 31 24 42 13 35 25 18 44 28 12 38 11 8 11 28 25 2 34 16 9 26 43 24 29 23 21 19 13 33 11 39 9 38 25 25 33 35 8 31 15 29 33 9 22 14 9 17 38 28 28 20 17 14 5 9 19 8 7 26 26 35 9 11 23 6 29 22 32 24 17 21 19 41 27 24 17 12 22 28 21 35 34 24 14 9 36 16 6 26 25
44 35 15 31 36 46 35 8 5 37 38 23 5 5 5 17 22 34 40 30 39 23 31 25 36 22 30 0 14 10 31 39 8 33 29 6 40 36 4 44 20 16 12 21 50 33 19 17 23 29 8 37 39 34 26 27 34 32 7 9 30 40 6 38 24 31 7 22 37 13 28 14 40 23 19 11 9 28 22 24 25 4 36 7 14 10 25 12 38 26 39 39 31 25 23 23 3 9 25 1 21 26 30 30 40 24 35 21 12 36 10 16 20 35 26 39 30 36 37 21 37 5 32 41 24 36 37 9 25 45 32 44 27 34 36 7 19 37 15 23 12 10 31 28 30 39 15 14 25 5 48
30 21 21 19 21 31 23 11 15 26 32 15 9 18 19 3 12 24 30 15 34 19 27 10 23 14 20 14 0 20 16 25 14 18 16 13 30 27 11 31 8 17 7 17 35 23 12 4 18 19 22 30 24 19 14 19 22 20 19 7 22 27 8 28 10 20 14 8 29 8 22 18 30 12 10 8 6 18 15 10 17 10 28 13 9 17 12 10 30 16 30 27 18 19 11 11 17 22 17 15 7 14 19 22 36 10 26 20 18 23 20 19 20 21 17 28 28 25 27 9 23 19 24 31 11 26 24 5 15 31 18 30 13 26 23 7 19 24 2 11 15 15 19 15 16 29 16 7 16 11 34
44 41 6 31 38 47 43 17 5 45 30 18 11 9 14 23 22 42 34 35 31 15 23 30 43 30 27 10 20 0 35 39 6 37 30 7 34 29 11 44 28 8 13 13 50 30 15 24 15 26 16 29 44 39 34 20 42 40 7 13 38 47 12 46 26 39 6 28 45 21 20 24 32 23 18 19 16 25 30 28 18 10 44 7 22 3 32 10 30 34 31 47 31 34 31 31 11 10 19 10 25 34 38 22 32 28 27 13 22 43 2 8 12 36 22 36 22 34 33 29 43 13 24 38 31 30 44 15 33 47 36 45 33 42 43 13 11 37 22 31 5 20 39 35 33 35 24 14 20 9 50
18 7 36 14 7 16 17 26 32 22 37 24 26 35 36 14 17 23 27 2 39 30 34 6 10 20 20 31 16 35 0 14 30 2 12 29 27 27 27 20 14 32 22 29 20 19 23 13 28 19 38 34 9 4 14 25 18 13 35 23 24 12 24 24 10 19 30 7 28 20 29 29 29 15 20 21 21 19 22 7 25 26 27 29 21 32 6 25 32 19 30 21 11 26 12 12 33 38 24 31 10 15 18 28 42 8 29 33 30 9 36 34 33 10 22 21 36 18 22 14 8 35 28 24 10 24 10 21 19 17 4 16 2 26 8 23 32 14 15 15 30 28 19 8 6 23 27 21 21 27 19
5 18 36 8 7 9 30 36 37 35 30 21 34 43 44 23 17 36 17 16 32 27 30 19 21 34 14 39 25 39 14 0 34 12 9 35 17 20 35 6 27 31 27 26 11 12 23 24 25 14 47 27 18 15 28 22 31 26 42 29 38 23 32 37 15 33 35 19 41 31 26 41 20 15 20 31 31 14 36 16 22 34 40 34 32 35 20 28 25 33 22 32 7 40 26 26 41 45 21 39 17 29 32 23 35 14 22 30 41 20 39 32 30 4 18 9 33 7 12 28 18 44 23 12 24 17 21 29 33 10 10 7 16 40 19 31 29 2 25 29 32 38 33 22 9 12 39 25 18 34 12
40 35 8 27 33 43 37 12 3 39 30 15 5 9 13 17 17 36 32 29 31 15 23 24 37 24 24 8 14 6 30 34 0 31 25 2 32 28 6 40 22 8 8 13 45 27 12 18 15 23 16 29 38 33 28 19 36 34 8 7 32 41 6 40 21 33 1 22 39 15 20 20 32 19 13 13 10 22 24 23 17 5 38 1 16 3 26 5 30 28 31 41 27 28 25 25 10 11 17 8 20 28 32 22 32 23 27 13 19 37 6 9 12 32 19 33 22 31 31 23 37 13 24 35 25 28 38 9 27 43 31 41 27 36 37 7 11 33 16 25 4 16 33 29 28 33 19 9 18 3 45
16 7 37 13 5 14 19 28 33 24 36 25 28 37 38 16 18 24 26 4 38 31 34 8 10 22 19 33 18 37 2 12 31 0 11 31 26 26 29 18 16 33 23 30 18 18 24 15 29 18 40 33 8 4 16 26 19 14 37 25 26 12 26 26 11 21 31 9 29 22 30 31 28 16 21 23 23 18 24 8 26 28 28 30 23 33 8 26 31 21 29 21 10 28 14 14 35 40 25 33 11 17 20 27 41 9 28 34 32 9 37 35 34 8 22 20 37 17 21 16 7 37 27 23 12 23 10 23 21 15 2 14 4 28 8 25 33 12 17 17 31 30 21 10 5 22 29 22 22 29 17
14 19 27 3 10 17 28 27 28 33 25 14 24 33 34 16 8 32 16 13 27 20 23 12 22 27 8 29 16 30 12 9 25 11 0 26 16 16 26 15 20 23 18 19 20 8 14 17 18 7 37 22 19 15 21 15 28 23 33 20 31 23 23 35 7 28 26 12 37 24 19 34 18 6 11 24 22 7 29 9 15 25 36 25 25 26 14 19 21 26 19 32 2 33 19 19 32 36 14 30 10 22 26 16 30 7 17 23 34 20 30 25 23 7 11 12 26 9 11 21 18 34 16 15 17 13 21 20 26 18 10 16 12 34 19 22 22 8 18 22 23 31 27 17 6 13 32 16 11 25 20
40 34 10 28 33 43 36 10 2 38 32 17 4 8 11 16 18 35 34 28 33 17 25 23 36 23 25 6 13 7 29 35 2 31 26 0 34 30 4 41 21 10 8 15 46 28 13 17 17 24 14 31 37 32 27 21 35 33 7 6 31 40 5 39 21 32 1 21 38 14 22 18 34 20 14 12 9 23 23 23 19 3 37 1 15 5 25 6 32 27 33 40 28 27 24 24 8 10 19 6 19 27 31 24 34 22 29 15 17 36 7 11 14 33 20 34 24 32 32 22 36 11 26 36 24 30 37 8 26 43 30 42 26 35 36 6 13 34 15 24 6 14 32 28 28 34 17 10 19 2 46
21 35 29 13 23 26 44 41 35 49 13 17 35 41 45 30 18 48 0 28 15 19 15 28 37 42 10 40 30 34 27 17 32 26 16 34 0 5 37 19 35 26 28 20 27 8 21 31 18 11 48 10 34 30 37 13 44 39 40 31 47 38 34 51 22 44 33 27 53 38 14 48 3 18 21 38 35 12 44 25 15 36 52 33 39 31 30 28 8 42 5 47 16 48 34 34 42 43 15 40 25 38 42 11 18 23 7 22 48 35 36 26 22 19 14 9 18 10 5 36 33 45 10 8 32 4 36 32 41 27 24 24 27 50 34 34 23 15 32 37 28 45 43 33 21 6 46 26 15 35 28
24 34 24 13 24 29 44 37 31 49 10 13 31 37 41 28 15 48 5 28 12 14 10 27 37 40 8 36 27 29 27 20 28 26 16 30 5 0 33 22 33 21 24 15 30 8 17 29 13 9 44 7 34 30 36 9 43 38 35 27 46 38 30 50 21 43 29 26 52 35 9 44 4 16 17 34 31 10 42 24 11 32 51 29 36 26 29 24 5 41 3 47 16 46 33 33 38 38 11 36 23 37 41 6 15 22 2 17 44 35 31 21 17 20 10 12 13 13 8 34 33 41 5 11 31 3 36 28 40 30 24 27 27 49 34 30 18 18 29 36 24 41 42 32 21 9 42 22 11 31 31
40 31 15 28 32 42 32 6 6 34 35 20 2 8 9 13 19 31 37 26 36 20 28 21 32 19 27 4 11 11 27 35 6 29 26 4 37 33 0 41 17 14 9 18 46 30 16 13 20 26 12 34 35 30 23 24 31 29 10 6 27 36 3 35 20 28 5 19 34 10 25 14 37 20 16 8 5 25 19 21 22 1 33 4 11 9 21 9 35 23 36 36 28 23 20 20 7 12 22 5 18 23 27 27 38 21 32 18 13 32 11 14 17 32 23 36 27 33 34 18 33 9 29 38 20 33 33 5 22 42 29 41 24 31 32 3 16 34 11 20 9 10 28 24 27 36 13 11 22 2 45
2 24 41 14 13 7 36 42 43 41 32 27 39 48 49 29 23 42 19 22 34 32 32 25 27 40 17 44 31 44 20 6 40 18 15 41 19 22 41 0 33 36 33 31 8 14 29 30 29 18 52 29 21 21 34 25 37 32 48 35 44 26 38 43 21 39 41 25 47 37 28 47 22 21 26 37 37 18 42 22 26 40 46 40 38 40 26 34 27 39 24 38 13 46 32 32 47 51 25 45 23 35 38 25 37 20 24 34 47 26 45 37 34 10 22 10 35 9 14 34 22 49 25 11 30 19 27 35 39 8 16 5 22 46 23 37 34 7 31 35 38 44 39 28 15 13 45 31 23 40 9
31 15 29 23 21 30 15 13 23 18 39 23 17 25 23 6 18 16 35 12 41 27 35 8 16 7 25 20 8 28 14 27 22 16 20 21 35 33 17 33 0 25 15 25 34 27 20 5 26 24 26 37 19 16 6 27 14 12 27 15 14 20 16 20 13 11 22 8 21 8 30 15 36 17 18 9 12 23 9 11 25 18 19 21 7 25 8 18 36 8 36 19 21 13 3 3 23 29 25 21 10 6 10 29 44 13 32 28 16 16 28 27 28 23 23 32 36 29 31 1 18 24 30 35 4 31 17 13 7 31 18 30 12 18 17 15 27 27 6 3 23 14 11 8 18 33 13 15 23 19 33
37 38 4 23 33 40 40 20 11 44 22 10 13 17 21 20 15 42 26 32 23 7 15 27 40 31 19 16 17 8 32 31 8 33 23 10 26 21 14 36 25 0 10 5 42 22 9 21 7 18 24 21 41 36 31 12 39 37 15 12 39 44 13 45 22 36 9 25 46 22 12 28 24 17 12 21 17 18 32 25 10 13 44 9 23 6 29 8 22 33 23 44 25 35 28 28 18 18 11 16 22 31 35 14 24 24 19 5 27 40 10 2 4 30 14 28 14 27 25 26 40 21 16 30 28 22 41 14 32 41 32 38 30 43 40 14 3 30 19 28 4 24 36 32 28 27 27 11 13 11 43
32 28 14 20 25 35 30 13 9 33 27 11 7 15 17 10 10 31 28 22 29 13 21 17 30 21 18 12 7 13 22 27 8 23 18 8 28 24 9 33 15 10 0 11 38 21 7 11 12 17 20 26 31 26 21 15 29 27 14 3 29 34 6 35 13 26 8 15 36 12 17 20 28 12 7 11 7 16 22 15 13 8 34 7 13 10 19 3 26 23 27 34 20 25 18 18 15 17 13 13 12 21 25 18 31 15 23 14 20 30 14 12 13 25 14 27 22 24 25 16 30 17 20 29 18 24 31 4 22 36 23 34 20 33 30 6 12 26 9 18 8 17 26 22 20 27 19 2 13 8 38
32 35 9 18 29 35 40 23 16 43 17 5 16 22 26 19 12 41 20 29 18 2 10 24 37 31 14 21 17 13 29 26 13 30 19 15 20 15 18 31 25 5 11 0 37 17 6 20 2 13 29 16 38 33 30 7 38 35 20 13 39 41 15 45 19 36 14 22 46 23 7 31 19 14 9 22 18 13 32 22 5 17 44 14 24 11 26 9 17 33 18 43 21 36 27 27 23 23 6 21 19 31 35 9 20 21 14 4 30 37 15 6 4 26 9 23 11 22 20 26 37 26 11 25 27 17 38 15 32 36 29 33 27 43 37 15 3 25 19 28 9 26 36 29 25 22 30 10 8 16 38
6 24 47 19 14 4 36 46 48 41 40 32 45 54 55 33 28 42 27 22 42 38 40 26 27 40 25 50 35 50 20 11 45 18 20 46 27 30 46 8 34 42 38 37 0 22 34 33 36 25 57 37 20 21 34 33 37 32 52 40 44 25 43 43 25 39 46 27 47 40 36 49 30 26 31 41 41 25 42 25 33 45 46 45 41 46 26 39 35 39 32 38 18 46 32 32 52 55 32 50 27 35 38 33 45 24 32 41 50 25 50 43 41 14 29 18 43 17 22 34 21 54 33 19 30 27 26 39 39 4 17 5 22 46 22 41 40 13 35 35 43 48 39 28 18 21 47 36 29 45 1
16 26 26 5 16 21 36 34 30 41 18 12 28 36 38 23 11 40 8 20 20 17 18 20 29 34 3 33 23 30 19 12 27 18 8 28 8 8 30 14 27 22 21 17 22 0 15 24 15 4 41 15 26 22 29 11 36 31 35 24 39 30 27 43 14 36 28 19 45 31 14 41 10 11 14 31 28 5 36 17 12 29 44 27 32 26 22 22 13 34 10 39 8 40 26 26 36 38 11 34 17 30 34 11 23 15 10 20 41 27 31 23 20 12 8 6 21 5 4 28 25 38 11 8 24 5 28 25 33 22 16 19 19 42 26 27 20 10 25 29 24 38 35 25 13 6 39 19 9 29 23
28 29 13 15 23 31 34 20 15 38 20 4 14 21 24 14 6 36 21 23 22 8 15 18 31 26 12 19 12 15 23 23 12 24 14 13 21 17 16 29 20 9 7 6 34 15 0 15 6 11 27 19 32 27 25 8 33 29 20 10 34 35 13 40 13 31 13 16 41 18 10 27 21 8 3 18 14 10 27 16 6 15 39 12 19 11 20 7 19 28 20 38 16 31 22 22 21 23 6 19 13 26 30 11 25 15 16 10 27 31 16 11 10 21 7 21 16 19 19 21 31 24 13 23 21 17 32 11 27 32 23 30 21 38 31 13 9 22 14 23 9 24 31 23 19 21 26 5 6 14 34
29 17 25 20 19 29 19 12 19 23 35 18 13 22 22 1 14 21 31 12 37 22 30 7 19 11 21 17 4 24 13 24 18 15 17 17 31 29 13 30 5 21 11 20 33 24 15 0 21 20 25 33 21 16 10 22 18 16 23 11 19 23 12 25 10 16 18 6 26 7 25 17 32 13 13 8 8 19 13 8 20 14 24 17 8 21 8 14 32 13 32 23 18 17 7 7 20 25 20 18 7 11 15 25 39 10 28 23 17 19 24 23 23 20 19 29 31 26 28 6 20 22 26 32 7 27 20 9 12 30 17 28 11 23 19 11 22 24 2 8 19 15 16 11 15 30 15 10 18 15 32
31 34 11 17 28 34 40 25 18 44 15 4 18 24 28 20 11 42 18 28 17 2 9 23 36 32 12 23 18 15 28 25 15 29 18 17 18 13 20 29 26 7 12 2 36 15 6 21 0 11 31 14 37 32 31 5 39 34 22 15 40 40 17 46 18 37 16 21 47 24 5 32 17 13 8 23 19 11 33 21 3 19 45 16 25 13 25 11 15 34 16 43 20 37 28 28 25 25 4 23 18 32 36 7 19 20 12 5 32 36 17 8 5 25 7 21 10 20 18 27 36 28 9 23 26 15 37 16 33 35 28 32 26 44 36 17 5 23 20 29 11 28 37 28 24 20 31 11 7 18 36
19 26 23 6 17 23 35 30 26 40 18 8 24 32 34 19 7 39 11 20 20 13 16 18 29 31 1 29 19 26 19 14 23 18 7 24 11 9 26 18 24 18 17 13 25 4 11 20 11 0 37 15 26 22 27 8 34 29 31 20 37 30 23 41 12 34 24 17 43 27 12 37 12 7 10 27 24 1 33 15 8 25 42 23 28 22 20 18 14 32 12 38 9 37 24 24 32 34 8 30 14 28 32 9 23 13 10 16 37 27 27 19 16 14 5 10 19 9 8 25 25 34 9 12 22 7 28 21 31 24 17 21 19 40 26 23 16 12 21 27 20 34 33 23 13 10 35 15 5 25 25
52 41 22 39 44 54 38 13 13 40 46 31 13 7 3 25 30 37 48 37 47 31 39 32 42 25 38 8 22 16 38 47 16 40 37 14 48 44 12 52 26 24 20 29 57 41 27 25 31 37 0 45 45 41 31 35 37 37 9 17 33 46 14 41 32 34 15 30 40 18 36 15 48 31 27 17 17 36 25 32 33 12 39 15 19 18 33 20 46 29 47 42 39 27 29 29 6 8 33 8 29 31 33 38 48 32 43 29 13 42 14 24 28 43 34 47 38 44 45 26 44 3 40 49 30 44 43 17 28 53 40 52 35 37 43 15 27 45 23 28 20 12 34 34 38 47 17 22 33 13 56
31 41 23 20 31 36 49 39 32 54 3 15 32 38 42 32 19 52 10 35 5 14 6 33 44 44 14 37 30 29 34 27 29 33 22 31 10 7 34 29 37 21 26 16 37 15 19 33 14 15 45 0 41 37 41 11 49 44 36 29 51 45 31 56 26 48 30 31 57 37 9 46 7 20 20 37 33 15 45 29 13 33 56 30 38 27 34 25 2 45 5 53 23 49 38 38 39 39 13 37 27 42 46 8 8 27 5 16 46 42 31 21 17 27 13 19 9 20 15 38 40 42 6 18 36 10 43 30 44 37 31 34 33 54 41 31 18 25 32 40 25 42 47 37 28 16 45 24 14 32 38
19 4 45 21 11 16 16 32 39 21 44 33 34 43 42 22 26 22 34 9 46 39 42 14 7 23 27 39 24 44 9 18 38 8 19 37 34 34 35 21 19 41 31 38 20 26 32 21 37 26 45 41 0 5 16 34 17 12 43 31 24 5 32 23 19 19 38 16 27 27 38 34 36 24 29 28 29 26 24 16 34 34 26 37 26 41 13 34 39 20 36 18 17 27 16 16 41 46 33 39 19 17 18 35 49 17 35 42 35 5 44 43 42 15 30 26 45 24 29 18 1 43 35 29 15 31 6 29 21 16 9 16 11 26 2 31 41 19 23 18 39 33 19 11 13 29 31 30 30 35 19
19 3 40 17 8 17 15 28 34 20 40 28 29 38 38 17 21 21 30 4 42 34 38 9 6 20 23 34 19 39 4 15 33 4 15 32 30 30 30 21 16 36 26 33 21 22 27 16 32 22 41 37 5 0 13 29 16 11 38 26 23 8 27 22 14 18 33 11 26 23 33 31 32 19 24 24 24 22 21 11 29 29 25 32 23 36 8 29 35 18 32 17 14 25 13 13 36 41 28 34 14 14 17 31 45 12 32 37 32 5 39 38 37 12 26 23 40 21 25 15 4 38 31 26 12 27 6 24 18 17 6 17 6 25 4 26 36 16 18 16 34 30 18 8 9 26 28 25 25 30 20
32 12 35 24 21 30 9 18 29 12 44 28 23 31 28 11 22 10 37 12 45 32 39 9 11 7 28 26 14 34 14 28 28 16 21 27 37 36 23 34 6 31 21 30 34 29 25 10 31 27 31 41 16 13 0 31 8 6 33 21 10 15 22 14 15 6 28 10 15 13 34 18 39 20 23 15 18 26 8 12 30 24 14 27 12 31 8 24 40 5 39 13 22 12 3 3 29 35 29 27 13 1 5 33 48 14 36 33 20 12 34 33 33 24 27 33 41 30 32 5 15 29 34 36 5 34 12 19 5 30 18 30 12 13 14 21 32 28 12 3 29 19 6 6 19 34 16 20 26 25 33
27 32 16 14 25 31 39 28 22 44 13 4 22 28 32 21 9 42 13 26 15 6 8 23 35 33 8 27 19 20 25 22 19 26 15 21 13 9 24 25 27 12 15 7 33 11 8 22 5 8 35 11 34 29 31 0 39 34 26 18 41 37 21 45 16 37 20 21 46 26 4 35 13 10 9 26 22 8 34 19 2 23 45 20 27 17 24 15 11 35 12 43 17 38 28 28 29 29 2 27 17 32 36 3 18 17 8 9 35 33 22 13 10 22 4 17 11 16 14 28 33 32 5 18 26 10 34 19 34 32 25 29 23 44 33 21 10 20 21 30 15 32 37 27 21 16 34 13 4 22 33
35 13 43 31 24 33 1 26 37 5 51 36 31 39 36 19 30 5 44 16 53 40 47 16 10 12 35 34 22 42 18 31 36 19 28 35 44 43 31 37 14 39 29 38 37 36 33 18 39 34 37 49 17 16 8 39 0 5 41 29 8 12 30 7 22 3 36 18 10 21 42 23 46 27 31 23 26 33 12 19 37 32 9 35 20 39 14 32 47 8 46 5 28 12 11 11 37 43 36 35 21 8 4 40 55 21 43 41 25 12 42 41 41 27 34 39 49 36 39 13 16 37 41 42 13 41 11 27 9 33 21 33 17 9 15 29 40 31 20 11 37 25 3 11 24 41 20 28 33 33 36
30 8 41 26 19 28 5 24 35 10 47 32 29 37 34 17 25 10 39 11 48 37 42 11 5 12 30 32 20 40 13 26 34 14 23 33 39 38 29 32 12 37 27 35 32 31 29 16 34 29 37 44 12 11 6 34 5 0 39 27 12 9 28 12 17 7 34 13 15 19 37 23 41 22 26 21 24 28 13 14 32 30 14 33 18 37 9 30 42 9 41 9 23 16 9 9 35 41 31 33 16 6 6 35 50 16 38 39 25 7 40 39 39 22 29 34 44 31 34 11 11 35 36 37 9 36 6 25 9 28 16 28 12 14 10 27 38 26 18 9 35 25 7 6 19 36 21 26 28 31 31
47 41 13 34 40 50 42 15 5 44 37 23 10 2 7 22 25 41 40 35 38 22 30 30 42 29 32 7 19 7 35 42 8 37 33 7 40 35 10 48 27 15 14 20 52 35 20 23 22 31 9 36 43 38 33 26 41 39 0 13 37 46 11 45 27 38 7 27 44 20 27 20 39 26 21 18 15 30 29 29 24 9 43 7 21 9 31 12 37 33 38 46 34 31 30 30 4 3 25 6 26 33 37 29 39 29 34 20 18 42 5 15 19 39 26 41 29 38 38 28 42 6 31 43 30 36 43 14 32 50 37 48 32 41 42 12 18 40 21 30 11 16 38 34 34 40 21 16 25 8 52
34 28 14 22 27 37 30 10 8 33 30 14 4 13 14 10 13 30 31 22 31 15 23 17 30 19 21 9 7 13 23 29 7 25 20 6 31 27 6 35 15 12 3 13 40 24 10 11 15 20 17 29 31 26 21 18 29 27 13 0 27 34 3 34 15 26 7 15 34 10 20 18 31 14 10 9 5 19 20 16 16 5 33 6 11 10 19 4 29 22 30 34 22 23 18 18 12 16 16 10 13 21 25 21 33 16 26 16 17 30 13 13 15 27 17 30 24 27 28 16 30 14 23 32 18 27 31 2 21 37 24 36 20 31 30 3 13 28 9 18 8 14 26 22 22 30 17 5 16 5 40
42 20 41 34 31 40 9 22 33 7 53 37 27 35 32 20 32 4 47 22 55 41 49 19 17 8 38 30 22 38 24 38 32 26 31 31 47 46 27 44 14 39 29 39 44 39 34 19 40 37 33 51 24 23 10 41 8 12 37 27 0 20 26 8 25 5 32 20 7 17 44 18 49 30 32 19 22 36 8 22 39 28 6 31 16 35 18 31 50 6 49 10 32 6 13 13 33 39 39 31 23 9 6 43 58 24 46 42 20 19 38 40 42 34 37 43 50 40 42 13 23 33 44 46 14 44 18 25 7 40 28 40 22 4 22 25 40 38 20 11 35 21 5 16 29 44 16 29 36 29 43
24 6 48 25 16 21 11 33 42 16 48 36 36 45 43 24 29 17 38 12 50 42 46 17 4 21 31 40 27 47 12 23 41 12 23 40 38 38 36 26 20 44 34 41 25 30 35 23 40 30 46 45 5 8 15 37 12 9 46 34 20 0 35 18 22 15 41 19 22 27 41 32 40 27 32 29 31 30 22 19 37 37 21 40 27 44 15 37 43 18 40 13 22 24 17 17 43 48 36 41 22 15 15 39 53 20 40 45 34 4 47 46 45 20 34 31 48 29 33 19 5 44 39 34 16 35 3 32 18 21 14 21 14 21 5 34 44 24 25 18 42 34 15 12 17 34 30 33 33 38 24
37 29 14 25 29 39 31 8 7 33 32 17 1 10 11 11 16 30 34 23 34 18 26 18 31 18 24 6 8 12 24 32 6 26 23 5 34 30 3 38 16 13 6 15 43 27 13 12 17 23 14 31 32 27 22 21 30 28 11 3 26 35 0 34 17 27 6 16 33 9 22 16 34 17 13 8 4 22 19 18 19 2 32 5 10 9 20 6 32 22 33 35 25 22 19 19 9 14 19 7 15 22 26 24 35 18 29 17 15 31 12 14 16 29 20 33 26 30 31 17 31 11 26 35 19 30 32 3 21 39 26 38 21 30 31 1 15 31 10 19 9 12 27 23 24 33 15 8 19 3 42
41 19 49 38 30 39 7 30 41 2 58 43 35 43 40 26 37 4 51 23 60 47 54 23 16 16 42 38 28 46 24 37 40 26 35 39 51 50 35 43 20 45 35 45 43 43 40 25 46 41 41 56 23 22 14 45 7 12 45 34 8 18 34 0 29 8 40 24 4 25 48 26 53 34 37 27 30 40 16 26 44 36 3 39 24 43 21 38 54 12 53 5 35 14 17 17 41 47 43 39 27 14 9 47 62 28 50 47 28 18 46 47 47 34 41 45 55 42 46 18 22 41 48 48 19 48 17 32 13 39 28 39 24 5 21 33 46 38 25 16 42 29 8 18 30 47 24 34 40 37 42
20 16 26 10 11 21 23 21 22 28 28 14 19 28 29 9 7 26 22 10 30 20 24 6 18 20 13 24 10 26 10 15 21 11 7 21 22 21 20 21 13 22 13 19 25 14 13 10 18 12 32 26 19 14 15 16 22 17 27 15 25 22 17 29 0 21 21 5 30 17 19 27 24 5 10 17 16 11 22 3 15 19 29 20 18 23 8 16 25 20 24 26 8 26 12 12 26 30 14 24 3 16 20 18 33 2 21 23 27 18 27 24 23 12 12 19 26 16 18 14 18 28 19 22 10 19 19 14 19 22 10 20 8 28 18 16 22 14 11 15 21 24 21 11 7 20 25 12 11 20 24
37 15 41 31 26 35 4 23 34 6 51 35 28 36 33 18 29 4 44 17 52 39 46 16 12 9 35 31 20 39 19 33 33 21 28 32 44 43 28 39 11 36 26 36 39 36 31 16 37 34 34 48 19 18 6 37 3 7 38 26 5 15 27 8 21 0 33 16 9 18 40 20 45 26 29 20 23 32 9 18 36 29 8 32 17 36 14 29 46 5 45 8 28 9 9 9 34 40 35 32 19 6 1 39 54 20 42 39 22 14 39 38 39 29 33 39 47 36 38 10 18 34 40 42 11 40 13 24 6 35 23 35 17 7 17 26 38 33 17 8 34 22 0 11 24 40 17 26 32 30 38
40 35 9 28 33 43 37 11 2 39 31 16 5 8 12 17 18 36 33 29 32 16 24 24 37 24 25 7 14 6 30 35 1 31 26 1 33 29 5 41 22 9 8 14 46 28 13 18 16 24 15 30 38 33 28 20 36 34 7 7 32 41 6 40 21 33 0 22 39 15 21 19 33 20 14 13 10 23 24 23 18 4 38 1 16 4 26 6 31 28 32 41 28 28 25 25 9 10 18 7 20 28 32 23 33 23 28 14 18 37 6 10 13 33 20 34 23 32 32 23 37 12 25 36 25 29 38 9 27 43 31 41 27 36 37 7 12 34 16 25 5 15 33 29 28 34 18 10 19 3 45
23 13 29 15 13 23 18 18 23 22 33 18 17 26 27 6 12 20 27 7 35 23 29 2 15 15 18 22 8 28 7 19 22 9 12 21 27 26 19 25 8 25 15 22 27 19 16 6 21 17 30 31 16 11 10 21 18 13 27 15 20 19 16 24 5 16 22 0 25 13 24 22 29 10 13 14 14 16 17 3 20 18 24 21 14 25 4 18 30 14 29 22 13 21 7 7 25 30 19 23 3 10 15 23 38 5 26 26 23 15 28 27 26 15 17 24 31 21 23 9 15 27 24 27 5 24 16 13 14 24 11 22 5 23 15 15 25 19 8 10 23 21 16 7 10 25 20 14 16 19 26
45 23 48 40 34 43 11 29 40 6 60 44 34 42 39 27 38 5 53 26 61 48 55 25 20 15 44 37 29 45 28 41 39 29 37 38 53 52 34 47 21 46 36 46 47 45 41 26 47 43 40 57 27 26 15 46 10 15 44 34 7 22 33 4 30 9 39 25 0 24 49 25 54 35 38 26 29 41 15 27 45 35 1 38 23 42 23 38 55 13 54 9 37 13 18 18 40 46 44 38 28 15 10 48 63 29 51 48 27 22 45 47 48 37 42 48 56 45 47 19 26 40 49 51 20 49 21 32 14 43 31 43 26 3 25 32 47 41 26 17 42 28 9 20 33 49 23 35 41 36 46
36 23 23 27 26 36 22 5 16 24 39 22 10 18 15 8 20 21 38 19 41 25 33 14 23 9 28 13 8 21 20 31 15 22 24 14 38 35 10 37 8 22 12 23 40 31 18 7 24 27 18 37 27 23 13 26 21 19 20 10 17 27 9 25 17 18 15 13 24 0 28 10 38 20 18 2 5 26 9 15 24 11 23 14 1 18 15 14 37 13 38 26 25 13 10 10 16 22 24 14 14 13 17 29 43 17 34 26 10 23 21 23 25 27 25 36 34 33 35 8 26 16 31 39 12 34 24 8 12 37 24 35 18 21 25 8 23 31 6 10 18 8 18 15 22 37 8 13 24 12 39
30 36 14 18 29 35 43 30 23 48 10 7 23 29 33 24 12 45 14 29 12 5 5 26 38 36 12 28 22 20 29 26 20 30 19 22 14 9 25 28 30 12 17 7 36 14 10 25 5 12 36 9 38 33 34 4 42 37 27 20 44 41 22 48 19 40 21 24 49 28 0 37 13 14 12 28 24 12 37 22 5 24 48 21 29 18 27 16 10 38 11 45 21 41 31 31 30 30 5 28 21 34 39 3 15 21 8 8 37 37 22 12 8 26 8 20 7 19 16 31 37 33 5 20 29 11 38 21 37 36 29 33 27 47 37 22 9 24 24 33 16 33 40 30 25 17 36 15 8 23 37
46 30 29 37 36 46 24 8 19 25 48 31 15 18 14 18 30 22 48 28 49 33 41 23 29 11 38 14 18 24 29 41 20 31 34 18 48 44 14 47 15 28 20 31 49 41 27 17 32 37 15 46 34 31 18 35 23 23 20 18 18 32 16 26 27 20 19 22 25 10 37 0 48 30 27 10 13 36 10 25 33 15 24 18 9 23 23 21 46 15 47 27 35 12 17 17 16 21 33 15 24 17 18 38 51 27 43 32 2 30 24 28 31 37 34 46 41 43 45 15 33 15 40 49 19 44 29 16 14 46 33 44 27 22 32 15 30 41 16 15 23 4 19 22 32 47 2 22 33 16 48
24 36 27 15 26 29 46 41 35 51 10 17 35 41 45 31 18 50 3 30 12 17 13 30 39 43 11 40 30 32 29 20 32 28 18 34 3 4 37 22 36 24 28 19 30 10 21 32 17 12 48 7 36 32 39 13 46 41 39 31 49 40 34 53 24 45 33 29 54 38 13 48 0 19 21 38 35 13 45 27 15 36 53 33 39 30 32 28 5 43 2 49 18 49 36 36 42 42 15 40 26 39 44 10 15 25 5 20 48 37 34 24 21 22 14 12 16 13 8 37 35 45 8 11 34 5 38 32 43 30 26 27 29 52 36 34 21 18 32 39 28 45 45 35 23 9 46 26 15 35 31
20 21 21 8 15 23 28 23 21 33 23 9 18 27 28 12 2 31 18 15 25 15 19 11 23 24 8 23 12 23 15 15 19 16 6 20 18 16 20 21 17 17 12 14 26 11 8 13 13 7 31 20 24 19 20 10 27 22 26 14 30 27 17 34 5 26 20 10 35 20 14 30 19 0 5 20 17 6 26 8 10 19 34 19 21 19 13 13 20 24 19 31 8 30 17 17 26 29 9 24 7 20 25 13 28 7 16 18 30 23 24 19 18 13 7 16 21 13 15 18 23 28 14 19 15 14 24 14 24 24 15 22 13 33 23 16 17 14 14 20 17 27 26 16 11 17 28 10 6 19 26
25 26 16 13 20 28 31 20 16 35 22 5 14 22 24 12 4 33 21 20 24 10 17 15 28 24 11 19 10 18 20 20 13 21 11 14 21 17 16 26 18 12 7 9 31 14 3 13 8 10 27 20 29 24 23 9 31 26 21 10 32 32 13 37 10 29 14 13 38 18 12 27 21 5 0 17 14 9 25 13 7 15 37 13 19 14 17 8 20 26 20 35 13 29 20 20 22 24 7 20 10 23 28 12 26 12 16 13 27 28 19 14 13 18 7 20 18 18 18 19 28 24 14 22 18 17 29 11 25 29 20 27 18 36 28 13 12 19 12 21 12 24 29 20 16 20 25 5 6 15 31
37 24 22 27 27 37 24 4 14 26 38 22 8 16 14 8 20 23 38 20 40 24 32 15 25 11 28 11 8 19 21 31 13 23 24 12 38 34 8 37 9 21 11 22 41 31 18 8 23 27 17 37 28 24 15 26 23 21 18 9 19 29 8 27 17 20 13 14 26 2 28 10 38 20 17 0 4 26 11 16 24 9 25 12 3 16 16 13 37 15 37 28 25 15 12 12 14 20 24 12 14 15 19 29 42 17 33 25 10 25 19 22 24 28 24 36 33 33 35 10 27 15 31 39 13 34 26 7 14 38 25 36 19 23 26 7 22 31 6 12 17 7 20 17 23 37 8 13 23 10 40
36 25 18 25 27 37 27 6 11 29 34 18 5 13 14 8 17 26 35 20 36 20 28 15 27 14 25 9 6 16 21 31 10 23 22 9 35 31 5 37 12 17 7 18 41 28 14 8 19 24 17 33 29 24 18 22 26 24 15 5 22 31 4 30 16 23 10 14 29 5 24 13 35 17 14 4 0 23 14 16 20 6 28 9 6 13 16 9 33 18 34 31 24 18 15 15 12 17 20 10 13 18 22 25 38 16 30 21 13 27 16 18 20 27 21 33 29 30 32 13 28 14 27 36 15 31 28 3 17 37 24 36 19 26 27 3 18 30 6 15 13 10 23 19 22 34 12 9 20 7 40
19 26 22 6 17 23 34 29 25 39 18 8 23 31 33 18 6 37 12 20 20 13 16 17 29 30 2 28 18 25 19 14 22 18 7 23 12 10 25 18 23 18 16 13 25 5 10 19 11 1 36 15 26 22 26 8 33 28 30 19 36 30 22 40 11 32 23 16 41 26 12 36 13 6 9 26 23 0 32 14 8 24 40 22 27 21 19 17 14 30 13 37 9 36 23 23 31 33 7 29 13 26 31 9 23 12 10 16 36 27 26 19 16 14 4 11 19 9 9 24 25 33 9 13 21 8 28 20 30 24 17 21 18 39 26 22 16 13 20 26 19 33 32 22 13 11 34 14 5 24 26
40 20 33 32 29 38 13 14 25 15 48 31 19 27 24 14 27 12 44 20 50 35 43 17 19 2 34 22 15 30 22 36 24 24 29 23 44 42 19 42 9 32 22 32 42 36 27 13 33 33 25 45 24 21 8 34 12 13 29 20 8 22 19 16 22 9 24 17 15 9 37 10 45 26 25 11 14 32 0 20 32 20 14 23 8 27 16 23 45 5 45 17 30 4 10 10 25 31 32 23 19 8 8 37 51 22 41 35 12 20 30 32 34 32 32 41 43 38 40 8 23 25 39 44 12 40 19 17 4 38 26 38 20 12 22 17 32 36 13 7 27 13 9 14 27 42 8 22 31 21 41
20 13 29 12 11 21 19 20 24 24 31 17 19 28 29 8 10 23 25 7 33 23 27 3 15 18 16 24 10 28 7 16 23 8 9 23 25 24 21 22 11 25 15 22 25 17 16 8 21 15 32 29 16 11 12 19 19 14 29 16 22 19 18 26 3 18 23 3 27 15 22 25 27 8 13 16 16 14 20 0 18 20 26 22 16 25 5 18 28 17 27 23 10 24 10 10 27 32 17 25 3 13 17 21 36 2 24 26 25 15 29 27 26 12 15 21 29 18 20 12 15 29 22 24 8 22 16 15 17 22 9 20 5 25 15 17 25 16 10 13 23 23 18 8 7 22 23 14 14 21 24
27 31 14 14 25 31 38 26 20 42 15 2 20 26 30 19 8 40 15 25 17 5 10 21 33 31 9 25 17 18 25 22 17 26 15 19 15 11 22 26 25 10 13 5 33 12 6 20 3 8 33 13 34 29 30 2 37 32 24 16 39 37 19 44 15 36 18 20 45 24 5 33 15 10 7 24 20 8 32 18 0 21 44 18 25 15 23 13 13 33 14 41 17 36 27 27 27 27 1 25 17 30 35 5 19 17 10 8 33 33 20 11 8 22 4 18 12 17 15 26 33 30 7 19 25 12 34 17 32 32 25 29 23 43 33 19 8 20 19 28 13 30 36 26 21 17 32 11 4 20 33
39 31 13 27 31 41 33 7 5 35 34 19 1 8 9 13 18 32 36 25 35 19 27 20 33 20 26 4 10 10 26 34 5 28 25 3 36 32 1 40 18 13 8 17 45 29 15 14 19 25 12 33 34 29 24 23 32 30 9 5 28 37 2 36 19 29 4 18 35 11 24 15 36 19 15 9 6 24 20 20 21 0 34 3 12 8 22 8 34 24 35 37 27 24 21 21 7 12 21 5 17 24 28 26 37 20 31 17 14 33 10 13 16 31 22 35 26 32 33 19 33 9 28 37 21 32 34 5 23 41 28 39 23 32 33 3 15 33 12 21 8 11 29 25 26 35 14 10 21 1 43
44 22 47 39 33 42 10 28 39 5 59 43 33 41 38 26 37 4 52 25 60 47 54 24 19 14 43 36 28 44 27 40 38 28 36 37 52 51 33 46 19 44 34 44 46 44 39 24 45 42 39 56 26 25 14 45 9 14 43 33 6 21 32 3 29 8 38 24 1 23 48 24 53 34 37 25 28 40 14 26 44 34 0 37 22 41 22 37 54 12 53 8 36 12 17 17 39 45 43 37 27 14 9 47 62 28 50 47 26 21 44 46 47 36 41 47 55 44 46 18 25 39 48 50 19 48 20 31 13 42 30 42 25 2 24 31 46 40 25 16 41 27 8 19 32 48 22 34 40 35 45
39 34 9 27 32 42 36 11 2 38 31 16 4 8 12 16 17 35 33 28 32 16 24 23 36 23 24 7 13 7 29 34 1 30 25 1 33 29 4 40 21 9 7 14 45 27 12 17 16 23 15 30 37 32 27 20 35 33 7 6 31 40 5 39 20 32 1 21 38 14 21 18 33 19 13 12 9 22 23 22 18 3 37 0 15 4 25 5 31 27 32 40 26 27 24 24 9 10 18 7 19 27 31 23 33 22 28 14 17 36 7 10 13 31 19 33 23 31 31 22 36 12 25 35 24 29 37 8 26 42 30 40 26 35 36 6 12 32 15 24 5 14 32 28 27 33 17 9 18 2 44
37 22 24 28 27 37 21 6 17 23 40 23 11 19 16 9 21 20 39 19 42 26 34 15 23 8 29 14 9 22 21 32 16 23 25 15 39 36 11 38 7 23 13 24 41 32 19 8 25 28 19 38 26 23 12 27 20 18 21 11 16 27 10 24 18 17 16 14 23 1 29 9 39 21 19 3 6 27 8 16 25 12 22 15 0 19 15 15 38 12 39 25 26 12 10 10 17 23 25 15 15 12 16 30 44 18 35 27 9 23 22 24 26 28 26 37 35 34 36 8 25 17 32 40 11 35 24 9 11 38 25 36 19 20 24 9 24 32 7 9 19 7 17 15 23 38 7 14 25 13 40
40 38 5 27 34 43 40 15 5 42 28 14 8 11 15 20 18 39 31 32 29 13 21 27 40 27 23 10 17 3 32 35 3 33 26 5 31 26 9 40 25 6 10 11 46 26 11 21 13 22 18 27 41 36 31 17 39 37 9 10 35 44 9 43 23 36 4 25 42 18 18 23 30 19 14 16 13 21 27 25 15 8 41 4 19 0 29 7 28 31 29 44 27 31 28 28 12 12 16 10 22 31 35 20 30 24 25 11 21 40 5 6 10 32 18 32 20 30 30 26 40 15 22 34 28 27 41 12 30 43 32 41 30 39 40 10 9 33 19 28 2 18 36 32 30 32 21 11 17 6 45
24 9 33 17 13 22 14 20 27 19 36 22 21 30 30 9 15 18 30 5 38 27 32 2 11 14 21 25 12 32 6 20 26 8 14 25 30 29 21 26 8 29 19 26 26 22 20 8 25 20 33 34 13 8 8 24 14 9 31 19 18 15 20 21 8 14 26 4 23 15 27 23 32 13 17 16 16 19 16 5 23 22 22 25 15 29 0 22 33 13 32 18 14 20 6 6 28 33 22 26 7 9 13 26 41 7 29 30 24 11 32 31 30 16 20 25 34 22 25 8 12 30 27 28 4 27 12 17 13 23 10 22 4 21 11 19 29 20 10 9 27 22 14 3 11 27 21 18 19 23 25
33 31 11 21 27 36 33 13 7 36 26 11 7 13 17 13 12 34 28 25 27 11 19 20 33 23 19 12 10 10 25 28 5 26 19 6 28 24 9 34 18 8 3 9 39 22 7 14 11 18 20 25 34 29 24 15 32 30 12 4 31 37 6 38 16 29 6 18 38 14 16 21 28 13 8 13 9 17 23 18 13 8 37 5 15 7 22 0 26 26 27 37 21 27 21 21 14 15 13 12 15 24 28 18 29 17 23 11 20 33 11 9 10 26 14 28 20 26 26 19 33 17 20 30 21 24 34 6 25 37 25 35 23 35 33 6 9 27 12 21 5 17 29 25 23 28 20 4 13 7 39
29 39 24 18 29 34 48 39 33 53 5 15 33 39 43 31 18 51 8 33 7 15 8 31 42 43 13 38 30 30 32 25 30 31 21 32 8 5 35 27 36 22 26 17 35 13 19 32 15 14 46 2 39 35 40 11 47 42 37 29 50 43 32 54 25 46 31 30 55 37 10 46 5 20 20 37 33 14 45 28 13 34 54 31 38 28 33 26 0 44 3 51 21 49 37 37 40 40 13 38 27 40 45 8 10 26 4 17 46 40 32 22 18 25 13 17 11 18 13 37 38 43 6 16 35 8 41 30 43 35 29 32 32 53 39 32 19 23 32 39 26 43 46 36 26 14 45 24 14 33 36
37 16 36 29 26 35 9 18 29 11 47 31 23 31 28 14 26 8 42 17 49 35 43 14 14 4 33 26 16 34 19 33 28 21 26 27 42 41 23 39 8 33 23 33 39 34 28 13 34 32 29 45 20 18 5 35 8 9 33 22 6 18 22 12 20 5 28 14 13 13 38 15 43 24 26 15 18 30 5 17 33 24 12 27 12 31 13 26 44 0 43 13 27 7 7 7 29 35 33 27 17 4 4 37 52 19 40 36 17 16 34 35 36 29 31 38 44 35 37 7 19 29 38 41 9 38 15 20 1 35 23 35 17 10 18 21 35 33 14 5 30 17 5 11 24 39 13 23 30 25 38
26 37 25 16 27 31 47 40 34 52 8 16 34 40 44 31 18 50 5 31 10 16 11 30 40 43 11 39 30 31 30 22 31 29 19 33 5 3 36 24 36 23 27 18 32 10 20 32 16 12 47 5 36 32 39 12 46 41 38 30 49 40 33 53 24 45 32 29 54 38 11 47 2 19 20 37 34 13 45 27 14 35 53 32 39 29 32 27 3 43 0 49 18 49 36 36 41 41 14 39 26 39 44 9 13 25 4 19 47 37 33 23 19 22 13 14 14 15 10 37 35 44 7 13 34 5 38 31 43 32 26 29 29 52 36 33 20 20 32 39 27 44 45 35 23 11 45 25 14 34 33
36 14 48 35 25 34 4 31 42 3 55 41 36 44 41 24 34 6 48 20 57 45 51 20 11 17 39 39 27 47 21 32 41 21 32 40 47 47 36 38 19 44 34 43 38 39 38 23 43 38 42 53 18 17 13 43 5 9 46 34 10 13 35 5 26 8 41 22 9 26 45 27 49 31 35 28 31 37 17 23 41 37 8 40 25 44 18 37 51 13 49 0 31 16 16 16 42 48 40 40 25 13 9 44 59 25 47 46 29 13 47 46 46 29 38 40 52 38 42 18 17 42 45 43 17 44 12 32 14 34 23 34 21 8 16 34 45 33 25 16 42 30 8 15 26 43 25 33 37 38 37
12 17 29 3 8 15 28 29 29 33 26 16 26 35 36 17 10 32 16 12 28 22 25 13 20 28 9 31 18 31 11 7 27 10 2 28 16 16 28 13 21 25 20 21 18 8 16 18 20 9 39 23 17 14 22 17 28 23 34 22 32 22 25 35 8 28 28 13 37 25 21 35 18 8 13 25 24 9 30 10 17 27 36 26 26 27 14 21 21 27 18 31 0 34 20 20 34 36 16 32 11 23 27 18 31 8 18 25 35 19 32 27 25 5 13 11 28 8 11 22 17 36 18 14 18 13 20 22 27 16 8 14 11 35 18 24 24 6 19 23 25 32 28 17 5 13 33 18 13 27 18
44 23 36 36 33 42 13 17 29 13 52 35 23 29 26 18 31 10 48 24 54 38 46 21 21 6 38 25 19 34 26 40 28 28 33 27 48 46 23 46 13 35 25 36 46 40 31 17 37 37 27 49 27 25 12 38 12 16 31 23 6 24 22 14 26 9 28 21 13 13 41 12 49 30 29 15 18 36 4 24 36 24 12 27 12 31 20 27 49 7 49 16 34 0 14 14 27 33 36 25 23 11 10 41 55 26 45 38 14 23 34 36 37 36 36 45 47 42 44 12 26 27 43 48 16 44 22 21 7 42 30 42 24 10 25 21 36 40 17 11 31 15 9 18 31 46 10 26 35 25 45
30 12 32 22 19 28 12 16 26 15 40 25 20 28 26 8 19 13 34 10 42 29 36 7 13 8 25 23 11 31 12 26 25 14 19 24 34 33 20 32 3 28 18 27 32 26 22 7 28 24 29 38 16 13 3 28 11 9 30 18 13 17 19 17 12 9 25 7 18 10 31 17 36 17 20 12 15 23 10 10 27 21 17 24 10 28 6 21 37 7 36 16 20 14 0 0 26 32 26 24 10 4 8 30 45 12 33 30 19 13 31 30 30 22 24 31 38 28 30 2 15 26 31 34 2 31 14 16 7 29 16 28 10 16 14 18 29 26 9 3 26 17 9 5 17 32 15 17 23 22 31
30 12 32 22 19 28 12 16 26 15 40 25 20 28 26 8 19 13 34 10 42 29 36 7 13 8 25 23 11 31 12 26 25 14 19 24 34 33 20 32 3 28 18 27 32 26 22 7 28 24 29 38 16 13 3 28 11 9 30 18 13 17 19 17 12 9 25 7 18 10 31 17 36 17 20 12 15 23 10 10 27 21 17 24 10 28 6 21 37 7 36 16 20 14 0 0 26 32 26 24 10 4 8 30 45 12 33 30 19 13 31 30 30 22 24 31 38 28 30 2 15 26 31 34 2 31 14 16 7 29 16 28 10 16 14 18 29 26 9 3 26 17 9 5 17 32 15 17 23 22 31
46 38 17 34 38 48 38 11 7 40 40 25 8 2 3 20 25 37 42 32 41 25 33 27 39 25 33 3 17 11 33 41 10 35 32 8 42 38 7 47 23 18 15 23 52 36 21 20 25 32 6 39 41 36 29 29 37 35 4 12 33 43 9 41 26 34 9 25 40 16 30 16 42 26 22 14 12 31 25 27 27 7 39 9 17 12 28 14 40 29 41 42 34 27 26 26 0 6 27 2 24 29 33 32 42 27 37 23 14 39 9 18 22 38 28 42 32 39 40 24 40 3 34 44 27 38 40 12 28 48 35 46 30 37 39 10 21 40 18 26 14 12 34 31 33 42 17 17 27 7 50
50 43 16 37 43 53 44 17 8 46 40 26 13 4 7 25 28 43 43 37 41 25 33 32 45 31 35 9 22 10 38 45 11 40 36 10 43 38 12 51 29 18 17 23 55 38 23 25 25 34 8 39 46 41 35 29 43 41 3 16 39 48 14 47 30 40 10 30 46 22 30 21 42 29 24 20 17 33 31 32 27 12 45 10 23 12 33 15 40 35 41 48 36 33 32 32 6 0 28 8 29 35 39 32 42 32 37 23 19 44 8 18 22 41 29 43 32 41 41 30 45 6 34 45 32 39 45 17 34 52 40 50 35 43 44 15 21 42 23 32 14 18 40 36 37 43 23 19 28 11 54
26 30 15 13 24 30 37 26 20 41 15 2 20 26 30 19 7 39 15 24 17 6 10 20 32 31 8 25 17 19 24 21 17 25 14 19 15 11 22 25 25 11 13 6 32 11 6 20 4 8 33 13 33 28 29 2 36 31 25 16 39 36 19 43 14 35 18 19 44 24 5 33 15 9 7 24 20 7 32 17 1 21 43 18 25 16 22 13 13 33 14 40 16 36 26 26 27 28 0 25 16 29 34 5 20 16 10 9 33 32 21 12 9 21 3 17 12 16 15 26 32 30 7 19 24 11 33 17 32 31 24 28 22 42 32 19 9 20 19 28 14 30 35 25 20 17 32 11 3 20 33
44 35 15 32 36 46 36 9 5 38 38 23 6 4 5 18 23 35 40 30 39 23 31 25 37 23 31 1 15 10 31 39 8 33 30 6 40 36 5 45 21 16 13 21 50 34 19 18 23 30 8 37 39 34 27 27 35 33 6 10 31 41 7 39 24 32 7 23 38 14 28 15 40 24 20 12 10 29 23 25 25 5 37 7 15 10 26 12 38 27 39 40 32 25 24 24 2 8 25 0 22 27 31 30 40 25 35 21 13 37 9 16 20 36 26 40 30 37 38 22 38 5 32 42 25 36 38 10 26 46 33 44 28 35 37 8 19 38 16 24 12 11 32 29 31 40 16 15 25 5 48
22 16 26 13 13 23 21 18 21 25 30 15 16 25 26 6 9 23 25 10 32 20 26 5 18 17 15 21 7 25 10 17 20 11 10 19 25 23 18 23 10 22 12 19 27 17 13 7 18 14 29 27 19 14 13 17 21 16 26 13 23 22 15 27 3 19 20 3 28 14 21 24 26 7 10 14 13 13 19 3 17 17 27 19 15 22 7 15 27 17 26 25 11 23 10 10 24 29 16 22 0 13 18 20 35 3 23 23 24 18 26 24 23 14 14 22 28 19 21 11 18 26 21 25 8 21 19 12 17 24 11 22 8 26 18 14 22 17 8 13 20 21 19 10 9 23 22 11 13 18 26
33 13 35 25 22 31 9 18 29 12 44 29 23 31 28 12 23 10 38 13 46 33 40 10 11 6 29 26 14 34 15 29 28 17 22 27 38 37 23 35 6 31 21 31 35 30 26 11 32 28 31 42 17 14 1 32 8 6 33 21 9 15 22 14 16 6 28 10 15 13 34 17 39 20 23 15 18 26 8 13 30 24 14 27 12 31 9 24 40 4 39 13 23 11 4 4 29 35 29 27 13 0 5 33 48 15 36 34 19 13 34 33 34 25 27 34 41 31 33 5 16 29 34 37 5 34 12 19 4 31 19 31 13 13 15 21 33 29 12 3 29 19 6 7 20 35 15 21 26 25 34
36 14 40 29 25 34 5 22 33 7 49 33 27 35 32 16 27 5 42 16 50 37 44 14 11 8 33 30 19 38 18 32 32 20 26 31 42 41 27 38 10 35 25 35 38 34 30 15 36 32 33 46 18 17 5 36 4 6 37 25 6 15 26 9 20 1 32 15 10 17 39 18 44 25 28 19 22 31 8 17 35 28 9 31 16 35 13 28 45 4 44 9 27 10 8 8 33 39 34 31 18 5 0 38 53 19 41 38 20 13 38 37 38 28 32 38 46 35 37 9 17 33 39 41 10 39 12 23 5 34 22 34 16 8 16 25 37 32 16 7 33 21 1 10 23 39 16 25 31 29 37
27 34 17 15 26 32 41 31 25 46 10 7 25 31 35 24 11 44 11 28 12 8 7 24 36 36 9 30 22 22 28 23 22 27 16 24 11 6 27 25 29 14 18 9 33 11 11 25 7 9 38 8 35 31 33 3 40 35 29 21 43 39 24 47 18 39 23 23 48 29 3 38 10 13 12 29 25 9 37 21 5 26 47 23 30 20 26 18 8 37 9 44 18 41 30 30 32 32 5 30 20 33 38 0 15 20 5 11 38 36 24 15 11 23 6 17 10 16 13 30 34 35 2 17 28 8 37 22 36 33 26 30 26 46 35 24 12 21 24 32 18 35 39 29 22 14 37 16 7 25 34
39 49 26 28 39 44 56 43 35 61 5 21 36 41 45 38 26 59 18 43 3 18 10 39 51 50 22 40 36 32 42 35 32 41 30 34 18 15 38 37 44 24 31 20 45 23 25 39 19 23 48 8 49 45 48 18 55 50 39 33 58 53 35 62 33 54 33 38 63 43 15 51 15 28 26 42 38 23 51 36 19 37 62 33 44 30 41 29 10 52 13 59 31 55 45 45 42 42 20 40 35 48 53 15 0 35 13 19 49 50 34 24 20 35 21 27 10 28 23 45 48 45 14 26 43 18 51 35 51 45 39 42 41 61 49 35 21 33 38 47 28 46 54 44 36 24 49 30 22 35 46
19 14 28 10 10 20 21 21 24 26 30 16 19 28 29 9 9 25 23 8 32 22 26 5 17 20 14 24 10 28 8 14 23 9 7 22 23 22 21 20 13 24 15 21 24 15 15 10 20 13 32 27 17 12 14 17 21 16 29 16 24 20 18 28 2 20 23 5 29 17 21 27 25 7 12 17 16 12 22 2 17 20 28 22 18 24 7 17 26 19 25 25 8 26 12 12 27 32 16 25 3 15 19 20 35 0 22 25 27 16 28 26 25 11 14 19 28 16 18 14 16 29 21 22 10 20 17 15 19 21 8 19 6 27 16 17 24 14 11 15 22 24 20 10 6 20 25 13 13 21 23
26 35 22 15 26 31 44 36 30 49 8 12 30 36 40 27 14 47 7 30 10 12 8 27 38 39 9 35 26 27 29 22 27 28 17 29 7 2 32 24 32 19 23 14 32 10 16 28 12 10 43 5 35 32 36 8 43 38 34 26 46 40 29 50 21 42 28 26 51 34 8 43 5 16 16 33 30 10 41 24 10 31 50 28 35 25 29 23 4 40 4 47 18 45 33 33 37 37 10 35 23 36 41 5 13 22 0 15 43 37 29 19 16 22 9 14 11 15 10 33 35 40 3 13 31 5 38 27 39 32 26 29 28 49 36 29 16 20 28 35 23 40 42 32 23 11 41 21 10 30 33
35 39 7 22 33 39 43 25 16 47 17 9 18 22 26 22 16 44 22 33 18 3 10 28 41 34 17 21 20 13 33 30 13 34 23 15 22 17 18 34 28 5 14 4 41 20 10 23 5 16 29 16 42 37 33 9 41 39 20 16 42 45 17 47 23 39 14 26 48 26 8 32 20 18 13 25 21 16 35 26 8 17 47 14 27 11 30 11 17 36 19 46 25 38 30 30 23 23 9 21 23 34 38 11 19 25 15 0 31 41 15 5 1 30 12 26 9 25 23 29 41 26 12 27 30 19 42 17 35 40 33 37 31 46 41 17 2 28 22 31 9 28 39 33 29 25 31 13 12 16 41
46 31 27 37 36 46 26 7 17 27 47 31 14 16 12 18 30 24 48 28 48 32 40 24 30 13 38 12 18 22 30 41 19 32 34 17 48 44 13 47 16 27 20 30 50 41 27 17 32 37 13 46 35 32 20 35 25 25 18 17 20 34 15 28 27 22 18 23 27 10 37 2 48 30 27 10 13 36 12 25 33 14 26 17 9 21 24 20 46 17 47 29 35 14 19 19 14 19 33 13 24 19 20 38 49 27 43 31 0 32 22 27 30 37 34 46 40 43 45 17 34 13 40 49 20 44 31 16 16 47 34 45 28 24 33 14 29 41 16 17 22 3 21 24 32 47 4 22 33 15 49
24 2 44 22 13 21 11 29 38 16 45 32 32 41 39 20 25 17 35 8 47 38 42 13 2 19 28 36 23 43 9 20 37 9 20 36 35 35 32 26 16 40 30 37 25 27 31 19 36 27 42 42 5 5 12 33 12 7 42 30 19 4 31 18 18 14 37 15 22 23 37 30 37 23 28 25 27 27 20 15 33 33 21 36 23 40 11 33 40 16 37 13 19 23 13 13 39 44 32 37 18 13 13 36 50 16 37 41 32 0 43 42 41 17 30 28 44 26 30 15 4 39 36 31 12 32 1 28 16 21 11 21 10 21 3 30 40 21 21 15 38 30 14 8 14 31 28 29 29 34 24
44 41 8 32 38 47 43 17 5 45 32 19 11 7 12 23 23 42 36 35 33 17 25 30 43 30 28 10 20 2 36 39 6 37 30 7 36 31 11 45 28 10 14 15 50 31 16 24 17 27 14 31 44 39 34 22 42 40 5 13 38 47 12 46 27 39 6 28 45 21 22 24 34 24 19 19 16 26 30 29 20 10 44 7 22 5 32 11 32 34 33 47 32 34 31 31 9 8 21 9 26 34 38 24 34 28 29 15 22 43 0 10 14 37 23 37 24 35 35 29 43 11 26 39 31 32 44 15 33 48 36 46 33 42 43 13 13 38 22 31 7 20 39 35 34 37 24 15 22 9 50
39 40 2 25 34 42 42 21 11 45 22 11 14 17 21 22 17 43 27 34 23 7 15 29 42 32 20 16 19 8 34 32 9 35 25 11 26 21 14 37 27 2 12 6 43 23 11 23 8 19 24 21 43 38 33 13 41 39 15 13 40 46 14 47 24 38 10 27 47 23 12 28 24 19 14 22 18 19 32 27 11 13 46 10 24 6 31 9 22 35 23 46 27 36 30 30 18 18 12 16 24 33 37 15 24 26 19 5 27 42 10 0 4 32 15 29 14 28 26 28 42 21 16 30 30 23 43 15 34 42 34 39 32 44 42 15 3 31 21 30 5 24 38 34 30 28 27 13 14 12 44
36 39 6 22 33 39 43 24 15 46 18 9 17 21 25 22 16 44 22 33 19 4 11 28 41 34 17 20 20 12 33 30 12 34 23 14 22 17 17 34 28 4 13 4 41 20 10 23 5 16 28 17 42 37 33 10 41 39 19 15 42 45 16 47 23 39 13 26 48 25 8 31 21 18 13 24 20 16 34 26 8 16 47 13 26 10 30 10 18 36 19 46 25 37 30 30 22 22 9 20 23 34 38 11 20 25 16 1 30 41 14 4 0 30 12 26 10 25 23 29 41 25 13 27 30 19 42 16 35 40 33 37 31 45 41 16 1 28 22 31 8 27 39 33 29 25 30 13 12 15 41
8 15 34 8 4 10 27 32 34 32 30 21 30 39 40 20 15 32 19 12 32 27 30 15 18 30 14 35 21 36 10 4 32 8 7 33 19 20 32 10 23 30 25 26 14 12 21 20 25 14 43 27 15 12 24 22 27 22 39 27 34 20 29 34 12 29 33 15 37 27 26 37 22 13 18 28 27 14 32 12 22 31 36 31 28 32 16 26 25 29 22 29 5 36 22 22 38 41 21 36 14 25 28 23 35 11 22 30 37 17 37 32 30 0 18 11 33 9 14 24 15 40 23 14 20 17 18 26 29 11 6 9 12 36 16 28 29 4 22 25 30 35 29 18 5 14 35 23 18 32 13
23 28 18 10 21 27 35 27 21 39 16 4 21 27 31 18 5 37 14 22 18 9 12 18 30 30 5 26 17 22 22 18 19 22 11 20 14 10 23 22 23 14 14 9 29 8 7 19 7 5 34 13 30 26 27 4 34 29 26 17 37 34 20 41 12 33 20 17 42 25 8 34 14 7 7 24 21 4 32 15 4 22 41 19 26 18 20 14 13 31 13 38 13 36 24 24 28 29 3 26 14 27 32 6 21 14 9 12 34 30 23 15 12 18 0 14 15 13 12 24 29 31 7 16 22 10 31 18 30 28 21 25 20 40 30 20 12 17 19 26 16 31 33 23 17 14 32 12 1 21 30
12 27 32 9 15 17 38 39 36 43 22 18 34 42 44 28 17 43 9 23 24 23 22 24 29 39 9 39 28 36 21 9 33 20 12 34 9 12 36 10 32 28 27 23 18 6 21 29 21 10 47 19 26 23 33 17 39 34 41 30 43 31 33 45 19 39 34 24 48 36 20 46 12 16 20 36 33 11 41 21 18 35 47 33 37 32 25 28 17 38 14 40 11 45 31 31 42 43 17 40 22 34 38 17 27 19 14 26 46 28 37 29 26 11 14 0 25 3 4 33 26 44 16 3 29 9 29 30 38 18 17 15 22 46 27 32 26 7 30 34 30 43 39 28 15 3 44 25 15 35 19
37 43 16 25 36 42 50 34 25 54 8 13 27 31 35 30 19 52 18 36 9 9 3 33 45 42 19 30 28 22 36 33 22 37 26 24 18 13 27 35 36 14 22 11 43 21 16 31 10 19 38 9 45 40 41 11 49 44 29 24 50 48 26 55 26 47 23 31 56 34 7 41 16 21 18 33 29 19 43 29 12 26 55 23 35 20 34 20 11 44 14 52 28 47 38 38 32 32 12 30 28 41 46 10 10 28 11 9 40 44 24 14 10 33 15 25 0 26 21 37 44 35 10 24 36 16 45 26 43 43 36 40 34 54 44 26 11 31 30 39 18 37 47 37 32 22 40 21 15 25 44
11 24 31 6 13 16 35 36 34 40 23 17 31 40 41 25 14 40 10 20 25 22 23 21 27 36 8 36 25 34 18 7 31 17 9 32 10 13 33 9 29 27 24 22 17 5 19 26 20 9 44 20 24 21 30 16 36 31 38 27 40 29 30 42 16 36 32 21 45 33 19 43 13 13 18 33 30 9 38 18 17 32 44 31 34 30 22 26 18 35 15 38 8 42 28 28 39 41 16 37 19 31 35 16 28 16 15 25 43 26 35 28 25 9 13 3 26 0 5 30 24 41 16 6 26 10 27 27 35 17 15 14 19 43 25 29 25 5 27 31 28 40 36 25 12 5 41 22 14 32 18
16 29 29 8 18 21 39 38 33 44 18 16 32 39 42 27 15 43 5 23 20 20 18 23 32 38 7 37 27 33 22 12 31 21 11 32 5 8 34 14 31 25 25 20 22 4 19 28 18 8 45 15 29 25 32 14 39 34 38 28 42 33 31 46 18 38 32 23 47 35 16 45 8 15 18 35 32 9 40 20 15 33 46 31 36 30 25 26 13 37 10 42 11 44 30 30 40 41 15 38 21 33 37 13 23 18 10 23 45 30 35 26 23 14 12 4 21 5 0 32 28 42 12 4 28 5 31 29 37 22 19 19 22 45 29 31 23 10 29 33 28 42 38 28 16 2 43 23 13 33 23
32 14 30 24 21 30 14 13 24 16 40 24 18 26 23 7 19 14 36 12 42 28 36 9 15 6 26 21 9 29 14 28 23 16 21 22 36 34 18 34 1 26 16 26 34 28 21 6 27 25 26 38 18 15 5 28 13 11 28 16 13 19 17 18 14 10 23 9 19 8 31 15 37 18 19 10 13 24 8 12 26 19 18 22 8 26 8 19 37 7 37 18 22 12 2 2 24 30 26 22 11 5 9 30 45 14 33 29 17 15 29 28 29 24 24 33 37 30 32 0 17 24 31 36 4 32 16 14 6 31 18 30 12 17 16 16 28 28 7 2 24 15 10 7 19 34 13 16 24 20 33
20 3 44 20 11 17 15 31 38 20 43 32 32 41 41 21 25 21 33 8 45 38 41 13 6 22 26 37 23 43 8 18 37 7 18 36 33 33 33 22 18 40 30 37 21 25 31 20 36 25 44 40 1 4 15 33 16 11 42 30 23 5 31 22 18 18 37 15 26 26 37 33 35 23 28 27 28 25 23 15 33 33 25 36 25 40 12 33 38 19 35 17 17 26 15 15 40 45 32 38 18 16 17 34 48 16 35 41 34 4 43 42 41 15 29 26 44 24 28 17 0 41 34 29 14 30 5 28 20 17 9 17 10 25 1 30 40 19 22 17 38 32 18 10 12 29 30 29 29 34 20
49 39 19 36 41 51 38 11 10 40 43 28 10 4 1 22 27 37 45 34 44 28 36 29 40 25 35 5 19 13 35 44 13 37 34 11 45 41 9 49 24 21 17 26 54 38 24 22 28 34 3 42 43 38 29 32 37 35 6 14 33 44 11 41 28 34 12 27 40 16 33 15 45 28 24 15 14 33 25 29 30 9 39 12 17 15 30 17 43 29 44 42 36 27 26 26 3 6 30 5 26 29 33 35 45 29 40 26 13 39 11 21 25 40 31 44 35 41 42 24 41 0 37 46 28 41 40 14 28 50 37 48 32 37 40 12 24 42 20 26 17 12 34 31 35 44 17 19 30 10 52
27 35 19 15 26 32 42 33 27 46 9 9 27 33 37 25 12 44 10 29 11 9 7 25 37 37 9 32 24 24 28 23 24 27 16 26 10 5 29 25 30 16 20 11 33 11 13 26 9 9 40 6 35 31 34 5 41 36 31 23 44 39 26 48 19 40 25 24 49 31 5 40 8 14 14 31 27 9 39 22 7 28 48 25 32 22 27 20 6 38 7 45 18 43 31 31 34 34 7 32 21 34 39 2 14 21 3 12 40 36 26 16 13 23 7 16 10 16 12 31 34 37 0 15 29 7 37 24 37 33 26 30 27 47 35 26 13 21 26 33 20 37 40 30 22 13 39 18 8 27 34
13 30 34 12 18 18 41 42 38 46 21 20 36 44 46 31 19 46 8 26 23 24 22 27 32 42 11 41 31 38 24 12 35 23 15 36 8 11 38 11 35 30 29 25 19 8 23 32 23 12 49 18 29 26 36 18 42 37 43 32 46 34 35 48 22 42 36 27 51 39 20 49 11 19 22 39 36 13 44 24 19 37 50 35 40 34 28 30 16 41 13 43 14 48 34 34 44 45 19 42 25 37 41 17 26 22 13 27 49 31 39 30 27 14 16 3 24 6 4 36 29 46 15 0 32 8 32 33 41 19 20 16 25 49 30 35 27 10 33 37 32 46 42 31 18 2 47 27 17 37 20
28 11 32 20 17 26 13 17 26 17 38 23 20 28 27 8 17 15 32 8 40 28 34 5 12 10 23 24 11 31 10 24 25 12 17 24 32 31 20 30 4 28 18 27 30 24 21 7 26 22 30 36 15 12 5 26 13 9 30 18 14 16 19 19 10 11 25 5 20 12 29 19 34 15 18 13 15 21 12 8 25 21 19 24 11 28 4 21 35 9 34 17 18 16 2 2 27 32 24 25 8 5 10 28 43 10 31 30 20 12 31 30 30 20 22 29 36 26 28 4 14 28 29 32 0 29 13 16 9 27 14 26 8 18 13 18 29 24 9 5 26 18 11 4 15 30 17 17 21 22 29
21 31 25 10 21 26 41 37 31 46 13 13 31 37 41 26 14 45 4 25 15 16 13 25 34 38 6 36 26 30 24 17 28 23 13 30 4 3 33 19 31 22 24 17 27 5 17 27 15 7 44 10 31 27 34 10 41 36 36 27 44 35 30 48 19 40 29 24 49 34 11 44 5 14 17 34 31 8 40 22 12 32 48 29 35 27 27 24 8 38 5 44 13 44 31 31 38 39 11 36 21 34 39 8 18 20 5 19 44 32 32 23 19 17 10 9 16 10 5 32 30 41 7 8 29 0 33 28 38 27 21 24 24 47 31 30 20 15 28 34 25 41 40 30 18 6 42 22 11 31 28
25 3 45 23 14 22 10 30 39 15 46 33 33 41 40 21 26 16 36 9 48 39 43 14 1 18 29 37 24 44 10 21 38 10 21 37 36 36 33 27 17 41 31 38 26 28 32 20 37 28 43 43 6 6 12 34 11 6 43 31 18 3 32 17 19 13 38 16 21 24 38 29 38 24 29 26 28 28 19 16 34 34 20 37 24 41 12 34 41 15 38 12 20 22 14 14 40 45 33 38 19 12 12 37 51 17 38 42 31 1 44 43 42 18 31 29 45 27 31 16 5 40 37 32 13 33 0 29 15 22 12 22 11 20 4 31 41 22 22 15 39 31 13 9 15 32 27 30 30 35 25
34 26 16 22 25 35 28 9 10 30 31 15 4 13 14 8 14 28 32 20 33 17 25 15 28 17 22 9 5 15 21 29 9 23 20 8 32 28 5 35 13 14 4 15 39 25 11 9 16 21 17 30 29 24 19 19 27 25 14 2 25 32 3 32 14 24 9 13 32 8 21 16 32 14 11 7 3 20 17 15 17 5 31 8 9 12 17 6 30 20 31 32 22 21 16 16 12 17 17 10 12 19 23 22 35 15 27 17 16 28 15 15 16 26 18 30 26 27 29 14 28 14 24 33 16 28 29 0 19 36 23 34 18 29 28 2 15 28 7 16 10 13 24 20 21 31 15 6 17 6 38
37 17 35 29 26 35 10 17 28 12 46 30 22 30 27 13 25 9 41 17 48 34 42 14 14 3 32 25 15 33 19 33 27 21 26 26 41 40 22 39 7 32 22 32 39 33 27 12 33 31 28 44 21 18 5 34 9 9 32 21 7 18 21 13 19 6 27 14 14 12 37 14 43 24 25 14 17 30 4 17 32 23 13 26 11 30 13 25 43 1 43 14 27 7 7 7 28 34 32 26 17 4 5 36 51 19 39 35 16 16 33 34 35 29 30 38 43 35 37 6 20 28 37 41 9 38 15 19 0 35 23 35 17 11 19 20 34 33 13 4 29 16 6 11 24 39 12 22 30 24 38
6 20 45 18 11 1 32 42 45 37 40 31 40 49 50 30 26 38 27 19 42 37 40 23 23 37 24 45 31 47 17 10 43 15 18 43 27 30 42 8 31 41 36 36 4 22 32 30 35 24 53 37 16 17 30 32 33 28 50 37 40 21 39 39 22 35 43 24 43 37 36 46 30 24 29 38 37 24 38 22 32 41 42 42 38 43 23 37 35 35 32 34 16 42 29 29 48 52 31 46 24 31 34 33 45 21 32 40 47 21 48 42 40 11 28 18 43 17 22 31 17 50 33 19 27 27 22 36 35 0 13 3 19 42 18 38 39 12 32 32 41 45 35 25 15 21 44 34 28 42 3
14 9 36 11 3 13 21 29 32 26 34 24 27 36 37 17 17 26 24 6 36 30 33 10 12 24 17 32 18 36 4 10 31 2 10 30 24 24 29 16 18 32 23 29 17 16 23 17 28 17 40 31 9 6 18 25 21 16 37 24 28 14 26 28 10 23 31 11 31 24 29 33 26 15 20 25 24 17 26 9 25 28 30 30 25 32 10 25 29 23 26 23 8 30 16 16 35 40 24 33 11 19 22 26 39 8 26 33 34 11 36 34 33 6 21 17 36 15 19 18 9 37 26 20 14 21 12 23 23 13 0 12 6 30 10 25 32 10 19 19 30 32 23 12 4 20 31 21 21 29 16
3 20 43 15 9 2 32 41 43 37 37 28 39 48 49 28 24 38 24 18 39 34 37 22 23 36 21 44 30 45 16 7 41 14 16 42 24 27 41 5 30 38 34 33 5 19 30 28 32 21 52 34 16 17 30 29 33 28 48 36 40 21 38 39 20 35 41 22 43 35 33 44 27 22 27 36 36 21 38 20 29 39 42 40 36 41 22 35 32 35 29 34 14 42 28 28 46 50 28 44 22 31 34 30 42 19 29 37 45 21 46 39 37 9 25 15 40 14 19 30 17 48 30 16 26 24 22 34 35 3 12 0 18 42 18 36 36 9 30 31 39 43 35 24 13 18 42 32 25 40 5
20 8 34 14 9 18 17 23 28 22 36 22 22 31 32 11 15 21 27 2 38 28 32 4 11 18 19 27 13 33 2 16 27 4 12 26 27 27 24 22 12 30 20 27 22 19 21 11 26 19 35 33 11 6 12 23 17 12 32 20 22 14 21 24 8 17 27 5 26 18 27 27 29 13 18 19 19 18 20 5 23 23 25 26 19 30 4 23 32 17 29 21 11 24 10 10 30 35 22 28 8 13 16 26 41 6 28 31 28 10 33 32 31 12 20 22 34 19 22 12 10 32 27 25 8 24 11 18 17 19 6 18 0 24 10 20 30 16 13 13 28 26 17 6 7 24 25 19 19 24 21
44 22 45 37 33 42 10 26 37 5 57 41 31 39 36 24 35 4 50 24 58 45 52 22 19 12 41 34 26 42 26 40 36 28 34 35 50 49 31 46 18 43 33 43 46 42 38 23 44 40 37 54 26 25 13 44 9 14 41 31 4 21 30 5 28 7 36 23 3 21 47 22 52 33 36 23 26 39 12 25 43 32 2 35 20 39 21 35 53 10 52 8 35 10 16 16 37 43 42 35 26 13 8 46 61 27 49 46 24 21 42 44 45 36 40 46 54 43 45 17 25 37 47 49 18 47 20 29 11 42 30 42 24 0 24 29 44 40 24 15 39 25 7 18 31 47 20 33 39 33 45
21 2 44 21 12 18 14 30 38 19 44 32 32 41 40 20 25 20 34 8 46 38 42 13 5 21 27 36 23 43 8 19 37 8 19 36 34 34 32 23 17 40 30 37 22 26 31 19 36 26 43 41 2 4 14 33 15 10 42 30 22 5 31 21 18 17 37 15 25 25 37 32 36 23 28 26 27 26 22 15 33 33 24 36 24 40 11 33 39 18 36 16 18 25 14 14 39 44 32 37 18 15 16 35 49 16 36 41 33 3 43 42 41 16 30 27 44 25 29 16 1 40 35 30 13 31 4 28 19 18 10 18 10 24 0 30 40 20 21 16 38 31 17 9 13 30 29 29 29 34 21
36 28 15 24 27 37 30 7 8 32 32 17 2 11 12 10 16 29 34 22 33 17 25 17 30 17 24 7 7 13 23 31 7 25 22 6 34 30 3 37 15 14 6 15 41 27 13 11 17 23 15 31 31 26 21 21 29 27 12 3 25 34 1 33 16 26 7 15 32 8 22 15 34 16 13 7 3 22 17 17 19 3 31 6 9 10 19 6 32 21 33 34 24 21 18 18 10 15 19 8 14 21 25 24 35 17 29 17 14 30 13 15 16 28 20 32 26 29 31 16 30 12 26 35 18 30 31 2 20 38 25 36 20 29 30 0 15 30 9 18 10 11 26 22 23 33 14 8 19 4 40
35 38 5 21 32 38 41 22 14 45 19 8 16 20 24 21 15 43 23 32 20 4 12 27 40 32 17 19 19 11 32 29 11 33 22 13 23 18 16 34 27 3 12 3 40 20 9 22 5 16 27 18 41 36 32 10 40 38 18 13 40 44 15 46 22 38 12 25 47 23 9 30 21 17 12 22 18 16 32 25 8 15 46 12 24 9 29 9 19 35 20 45 24 36 29 29 21 21 9 19 22 33 37 12 21 24 16 2 29 40 13 3 1 29 12 26 11 25 23 28 40 24 13 27 29 20 41 15 34 39 32 36 30 44 40 15 0 28 21 30 7 26 38 32 28 25 29 12 11 14 41
7 19 35 7 8 11 31 35 35 36 28 20 32 41 42 23 16 36 15 16 30 25 28 19 22 34 12 37 24 37 14 2 33 12 8 34 15 18 34 7 27 30 26 25 13 10 22 24 23 12 45 25 19 16 28 20 31 26 40 28 38 24 31 38 14 33 34 19 41 31 24 41 18 14 19 31 30 13 36 16 20 33 40 32 32 33 20 27 23 33 20 33 6 40 26 26 40 42 20 38 17 29 32 21 33 14 20 28 41 21 38 31 28 4 17 7 31 5 10 28 19 42 21 10 24 15 22 28 33 12 10 9 16 40 20 30 28 0 25 29 31 38 33 22 9 10 39 24 17 33 13
30 19 23 21 21 31 21 10 17 23 34 17 11 19 20 2 14 21 32 14 36 21 29 9 21 12 22 15 2 22 15 25 16 17 18 15 32 29 11 31 6 19 9 19 35 25 14 2 20 21 23 32 23 18 12 21 20 18 21 9 20 25 10 25 11 17 16 8 26 6 24 16 32 14 12 6 6 20 13 10 19 12 25 15 7 19 10 12 32 14 32 25 19 17 9 9 18 23 19 16 8 12 16 24 38 11 28 22 16 21 22 21 22 22 19 30 30 27 29 7 22 20 26 33 9 28 22 7 13 32 19 30 13 24 21 9 21 25 0 9 17 13 17 13 17 31 14 9 18 13 34
33 14 32 25 22 31 12 15 26 14 42 26 20 28 25 9 21 12 37 13 44 30 38 10 14 5 28 23 11 31 15 29 25 17 22 24 37 36 20 35 3 28 18 28 35 29 23 8 29 27 28 40 18 16 3 30 11 9 30 18 11 18 19 16 15 8 25 10 17 10 33 15 39 20 21 12 15 26 7 13 28 21 16 24 9 28 9 21 39 5 39 16 23 11 3 3 26 32 28 24 13 3 7 32 47 15 35 31 17 15 31 30 31 25 26 34 39 31 33 2 17 26 33 37 5 34 15 16 4 32 19 31 13 15 16 18 30 29 9 0 26 16 8 8 20 35 13 18 26 22 34
37 36 6 24 32 40 38 16 7 40 26 12 9 13 17 18 15 38 28 30 27 11 19 25 38 27 21 12 15 5 30 32 4 31 23 6 28 24 9 38 23 4 8 9 43 24 9 19 11 20 20 25 39 34 29 15 37 35 11 8 35 42 9 42 21 34 5 23 42 18 16 23 28 17 12 17 13 19 27 23 13 8 41 5 19 2 27 5 26 30 27 42 25 31 26 26 14 14 14 12 20 29 33 18 28 22 23 9 22 38 7 5 8 30 16 30 18 28 28 24 38 17 20 32 26 25 39 10 29 41 30 39 28 39 38 10 7 31 17 26 0 19 34 30 28 30 22 9 15 7 43
43 29 24 34 34 44 26 4 15 28 43 28 11 14 11 15 27 25 45 26 44 28 36 22 30 13 35 10 15 20 28 38 16 30 31 14 45 41 10 44 14 24 17 26 48 38 24 15 28 34 12 42 33 30 19 32 25 25 16 14 21 34 12 29 24 22 15 21 28 8 33 4 45 27 24 7 10 33 13 23 30 11 27 14 7 18 22 17 43 17 44 30 32 15 17 17 12 18 30 11 21 19 21 35 46 24 40 28 3 30 20 24 27 35 31 43 37 40 42 15 32 12 37 46 18 41 31 13 16 45 32 43 26 25 31 11 26 38 13 16 19 0 22 22 30 44 5 19 30 12 47
37 15 40 30 26 35 4 23 34 6 50 34 28 36 33 17 28 4 43 17 51 38 45 15 12 9 34 31 19 39 19 33 33 21 27 32 43 42 28 39 11 36 26 36 39 35 31 16 37 33 34 47 19 18 6 37 3 7 38 26 5 15 27 8 21 0 33 16 9 18 40 19 45 26 29 20 23 32 9 18 36 29 8 32 17 36 14 29 46 5 45 8 28 9 9 9 34 40 35 32 19 6 1 39 54 20 42 39 21 14 39 38 39 29 33 39 47 36 38 10 18 34 40 42 11 40 13 24 6 35 23 35 17 7 17 26 38 33 17 8 34 22 0 11 24 40 17 26 32 30 38
26 7 36 20 15 24 11 21 30 16 39 25 24 32 31 12 18 15 33 6 41 30 35 5 8 13 24 28 15 35 8 22 29 10 17 28 33 32 24 28 8 32 22 29 28 25 23 11 28 23 34 37 11 8 6 27 11 6 34 22 16 12 23 18 11 11 29 7 20 15 30 22 35 16 20 17 19 22 14 8 26 25 19 28 15 32 3 25 36 11 35 15 17 18 5 5 31 36 25 29 10 7 10 29 44 10 32 33 24 8 35 34 33 18 23 28 37 25 28 7 10 31 30 31 4 30 9 20 11 25 12 24 6 18 9 22 32 22 13 8 30 22 11 0 13 30 20 21 22 26 27
13 12 32 8 4 14 23 27 29 28 31 20 25 34 35 15 13 28 21 8 33 26 29 10 15 25 14 30 16 33 6 9 28 5 6 28 21 21 27 15 18 28 20 25 18 13 19 15 24 13 38 28 13 9 19 21 24 19 34 22 29 17 24 30 7 24 28 10 33 22 25 32 23 11 16 23 22 13 27 7 21 26 32 27 23 30 11 23 26 24 23 26 5 31 17 17 33 37 20 31 9 20 23 22 36 6 23 29 32 14 34 30 29 5 17 15 32 12 16 19 12 35 22 18 15 18 15 21 24 15 4 13 7 31 13 23 28 9 17 20 28 30 24 13 0 17 30 19 17 27 17
15 29 31 10 18 20 40 40 35 45 19 18 34 41 44 29 17 45 6 25 21 22 19 25 32 40 9 39 29 35 23 12 33 22 13 34 6 9 36 13 33 27 27 22 21 6 21 30 20 10 47 16 29 26 34 16 41 36 40 30 44 34 33 47 20 40 34 25 49 37 17 47 9 17 20 37 34 11 42 22 17 35 48 33 38 32 27 28 14 39 11 43 13 46 32 32 42 43 17 40 23 35 39 14 24 20 11 25 47 31 37 28 25 14 14 3 22 5 2 34 29 44 13 2 30 6 32 31 39 21 20 18 24 47 30 33 25 10 31 35 30 44 40 30 17 0 45 25 15 35 22
43 27 28 35 33 43 21 7 19 23 46 30 14 19 16 16 28 20 46 25 48 32 40 21 26 9 36 15 16 24 27 39 19 29 32 17 46 42 13 45 13 27 19 30 47 39 26 15 31 35 17 45 31 28 16 34 20 21 21 17 16 30 15 24 25 17 18 20 23 8 36 2 46 28 25 8 12 34 8 23 32 14 22 17 7 21 21 20 45 13 45 25 33 10 15 15 17 23 32 16 22 15 16 37 49 25 41 31 4 28 24 27 30 35 32 44 40 41 43 13 30 17 39 47 17 42 27 15 12 44 31 42 25 20 29 14 29 39 14 13 22 5 17 20 30 45 0 21 31 15 46
30 27 15 17 23 33 29 15 11 33 25 9 9 17 19 9 8 31 26 21 27 12 20 16 29 21 16 14 7 14 21 25 9 22 16 10 26 22 11 31 15 11 2 10 36 19 5 10 11 15 22 24 30 25 20 13 28 26 16 5 29 33 8 34 12 26 10 14 35 13 15 22 26 10 5 13 9 14 22 14 11 10 34 9 14 11 18 4 24 23 25 33 18 26 17 17 17 19 11 15 11 21 25 16 30 13 21 13 22 29 15 13 13 23 12 25 21 22 23 16 29 19 18 27 17 22 30 6 22 34 21 32 19 33 29 8 12 24 9 18 9 19 26 21 19 25 21 0 11 10 36
23 27 17 10 21 27 34 26 20 39 17 3 20 26 30 17 5 37 15 21 19 9 12 17 29 29 6 25 16 20 21 18 18 22 11 19 15 11 22 23 23 13 13 8 29 9 6 18 7 5 33 14 30 25 26 4 33 28 25 16 36 33 19 40 11 32 19 16 41 24 8 33 15 6 6 23 20 5 31 14 4 21 40 18 25 17 19 13 14 30 14 37 13 35 23 23 27 28 3 25 13 26 31 7 22 13 10 12 33 29 22 14 12 18 1 15 15 14 13 24 29 30 8 17 21 11 30 17 30 28 21 25 19 39 29 19 11 17 18 26 15 30 32 22 17 15 31 11 0 20 30
39 32 11 27 31 41 34 8 4 36 33 18 2 8 10 14 18 33 35 26 34 18 26 21 34 21 26 5 11 9 27 34 3 29 25 2 35 31 2 40 19 11 8 16 45 29 14 15 18 25 13 32 35 30 25 22 33 31 8 5 29 38 3 37 20 30 3 19 36 12 23 16 35 19 15 10 7 24 21 21 20 1 35 2 13 6 23 7 33 25 34 38 27 25 22 22 7 11 20 5 18 25 29 25 35 21 30 16 15 34 9 12 15 32 21 35 25 32 33 20 34 10 27 37 22 31 35 6 24 42 29 40 24 33 34 4 14 33 13 22 7 12 30 26 27 35 15 10 20 0 44
7 23 48 20 13 3 35 45 47 40 41 33 43 52 53 32 28 41 28 21 43 38 41 26 26 39 25 48 34 50 19 12 45 17 20 46 28 31 45 9 33 43 38 38 1 23 34 32 36 25 56 38 19 20 33 33 36 31 52 40 43 24 42 42 24 38 45 26 46 39 37 48 31 26 31 40 40 26 41 24 33 43 45 44 40 45 25 39 36 38 33 37 18 45 31 31 50 54 33 48 26 34 37 34 46 23 33 41 49 24 50 44 41 13 30 19 44 18 23 33 20 52 34 20 29 28 25 38 38 3 16 5 21 45 21 40 41 13 34 34 43 47 38 27 17 22 46 36 30 44 0
0         1113     
513       649      
447       598      
0         127      
0         98       
598       744      
293       453      
23        179      
70        191      
302       481      
641       818      
0         149      
38        166      
393       527      
399       543      
239       385      
136       310      
275       469      
110       278      
524       701      
669       857      
60        248      
653       838      
184       345      
491       645      
294       460      
0         132      
446       557      
230       403      
415       618      
540       670      
737       898      
31        209      
501       669      
196       341      
39        193      
95        295      
86        250      
11        163      
0         85       
494       615      
80        216      
1         186      
90        257      
0         69       
127       293      
0         153      
204       384      
110       231      
124       301      
436       587      
631       821      
491       667      
505       694      
277       387      
113       246      
294       455      
470       646      
391       567      
1         160      
340       501      
545       717      
10        143      
282       495      
202       360      
305       465      
56        227      
181       342      
326       499      
363       510      
112       252      
356       539      
134       279      
178       317      
152       297      
10        158      
0         158      
0         128      
383       516      
213       369      
692       869      
64        185      
769       927      
42        171      
47        211      
437       597      
269       384      
18        155      
665       823      
278       459      
665       821      
571       705      
0         135      
340       490      
273       431      
239       387      
375       536      
427       554      
0         144      
485       644      
188       342      
265       445      
283       467      
109       243      
703       903      
193       356      
671       796      
56        242      
319       493      
566       704      
412       573      
861       1073     
75        261      
0         126      
7         160      
626       765      
703       826      
147       303      
133       304      
209       410      
602       725      
388       574      
123       248      
116       309      
237       384      
124       269      
524       656      
227       358      
246       427      
0         75       
599       781      
0         65       
516       720      
302       469      
531       702      
3         186      
56        229      
0         114      
182       381      
243       412      
61        207      
346       503      
265       421      
252       428      
0         128      
169       305      
355       518      
20        137      
156       300      
61        172      
865       998      
