151
0 23 22 8 34 16 10 23 17 3 30 23 25 19 28 26 19 18 23 8 30 33 11 18 19 24 23 16 16 25 17 11 16 19 22 32 15 18 13 6 16 18 24 21 29 3 14 30 12 28 24 18 17 10 30 39 14 17 21 14 8 29 34 19 7 21 20 11 13 29 14 15 23 15 7 20 28 30 28 23 26 33 22 22 29 17 27 31 13 22 13 11 26 17 16 25 26 15 16 12 18 8 14 28 23 14 14 12 5 20 12 32 21 25 6 13 27 11 18 6 6 25 30 28 16 13 13 17 34 5 26 39 22 9 16 2 26 11 35 27 12 24 26 14 30 31 12 29 6 31 23
23 0 11 17 12 21 28 13 39 25 41 37 21 23 49 31 15 36 1 20 35 11 32 38 25 24 8 20 13 47 39 27 37 19 7 25 28 30 13 26 37 28 46 39 44 23 28 46 32 44 37 12 33 28 44 37 17 24 34 27 25 32 28 11 27 12 16 17 12 42 35 16 17 38 29 32 19 7 13 25 6 29 20 4 10 25 11 20 33 42 18 33 9 8 27 20 9 37 38 32 14 16 21 36 2 25 36 34 19 30 19 10 6 46 18 34 38 22 10 20 28 6 36 42 36 30 27 38 12 25 39 38 1 14 39 20 26 11 32 36 31 13 45 26 42 29 34 11 23 15 7
22 11 0 19 20 27 23 2 39 25 31 29 10 13 43 20 24 38 10 15 24 15 33 39 15 13 18 26 6 42 39 21 38 8 4 15 21 34 18 27 38 33 41 33 36 23 21 38 33 36 41 4 26 23 35 26 10 30 38 30 19 21 17 20 28 22 25 21 9 32 36 22 6 35 27 22 8 14 6 14 7 18 9 15 21 17 5 11 28 37 23 33 5 6 31 9 20 37 33 33 23 14 14 25 13 29 33 34 17 20 12 14 5 41 16 35 28 24 19 17 28 6 25 34 37 32 29 33 20 23 29 27 12 13 38 20 15 12 21 26 33 2 39 29 32 18 34 7 24 9 18
8 17 19 0 27 8 18 21 22 9 38 31 26 22 36 30 11 19 18 13 34 28 15 21 23 27 14 8 15 33 23 19 20 21 18 33 23 15 5 9 20 14 32 29 37 7 22 38 15 36 22 16 25 18 38 42 15 11 18 10 16 32 35 11 10 13 12 3 11 37 18 7 23 23 15 28 27 24 25 25 22 35 23 15 20 22 23 30 21 30 5 17 22 13 12 25 18 21 24 15 10 8 18 34 16 9 21 18 9 27 15 27 17 32 10 17 35 5 10 12 12 21 34 36 19 13 10 25 27 13 34 41 16 7 23 7 29 7 37 34 14 21 34 10 38 34 19 25 6 28 15
34 12 20 27 0 29 40 22 49 36 51 49 30 33 61 40 21 44 12 32 44 8 42 46 35 33 13 28 25 58 50 39 47 28 17 33 40 38 22 36 46 36 58 51 56 33 40 58 40 56 45 23 45 40 55 46 29 32 42 35 37 41 36 17 37 17 22 26 24 52 45 24 26 49 40 42 27 6 21 34 14 37 29 12 7 37 19 28 45 54 26 44 17 19 35 29 9 48 49 41 21 27 33 45 11 33 47 45 30 40 30 8 17 58 29 44 48 30 17 31 38 14 45 54 44 38 35 49 0 36 49 47 12 25 50 31 35 22 40 46 39 22 57 34 52 38 45 19 33 23 12
16 21 27 8 29 0 26 29 25 15 46 39 34 30 42 38 8 15 22 21 42 32 17 17 31 35 16 1 23 38 26 27 22 29 24 41 31 9 8 13 19 7 37 37 45 13 30 46 13 44 16 24 33 26 46 50 23 3 13 6 24 40 43 12 12 12 8 6 19 45 21 5 31 27 21 36 35 28 31 33 27 43 31 18 22 30 29 38 29 37 4 20 28 20 6 33 20 24 29 13 8 16 26 42 20 4 26 21 17 35 23 31 23 37 18 17 43 5 12 20 16 26 42 44 16 9 6 31 29 21 42 49 20 15 26 15 37 15 45 42 11 29 41 5 46 42 22 31 10 34 17
10 28 23 18 40 26 0 23 18 11 21 13 23 15 20 20 29 26 28 8 22 37 17 25 13 21 30 26 16 18 18 2 18 18 24 31 7 27 23 14 20 28 18 12 19 13 5 20 20 18 32 18 7 0 20 33 13 27 30 24 3 23 31 29 15 31 30 21 16 19 16 25 23 13 7 11 28 35 28 19 28 30 21 29 36 10 27 31 5 14 23 13 26 20 26 24 34 16 11 19 28 12 11 19 28 24 11 14 10 12 11 35 24 18 9 18 18 21 27 7 12 27 22 18 23 21 22 10 39 5 16 33 28 14 16 11 23 17 31 18 20 24 18 24 20 28 13 29 16 31 30
23 13 2 21 22 29 23 0 40 26 30 29 8 12 43 18 26 40 12 16 22 15 34 40 14 11 20 28 7 41 40 21 39 7 6 13 20 36 20 28 39 35 41 33 35 24 21 38 34 35 43 5 26 23 34 24 10 32 39 31 20 19 16 22 29 24 27 23 10 31 37 24 4 36 28 21 7 16 5 12 8 16 7 17 23 16 5 10 28 37 25 34 5 8 33 7 22 38 34 34 25 15 13 24 15 30 34 35 18 19 12 15 7 41 17 36 27 26 21 18 29 8 23 33 38 34 31 33 22 24 28 25 14 14 39 21 13 14 19 25 34 1 39 31 31 16 35 6 25 8 20
17 39 39 22 49 25 18 40 0 14 35 26 40 33 21 38 32 15 40 24 40 50 8 12 31 38 36 25 33 16 1 20 3 35 39 48 25 21 27 13 7 22 14 20 28 16 23 28 12 27 22 35 20 18 30 51 30 23 21 19 20 41 48 33 13 35 32 24 30 31 4 27 40 7 12 28 45 46 45 37 43 47 38 37 42 28 44 48 15 17 25 6 43 34 21 41 40 2 10 11 31 25 28 36 38 20 8 5 22 30 28 48 38 16 23 7 33 20 32 22 11 42 39 28 12 15 18 12 49 16 28 51 38 26 3 19 40 28 49 35 13 41 21 20 32 45 5 46 16 48 37
3 25 25 9 36 15 11 26 14 0 32 24 28 22 27 29 20 15 25 11 32 35 8 16 22 27 23 15 19 23 14 12 13 22 25 35 17 16 14 3 13 17 22 22 30 2 15 31 10 29 21 21 18 11 31 42 17 16 19 13 10 32 37 20 4 22 20 11 16 30 11 15 26 14 6 21 31 32 31 26 29 36 25 23 29 19 30 34 14 22 12 8 29 20 15 28 27 12 15 9 19 11 17 29 24 13 12 9 8 22 15 34 24 23 9 10 28 10 19 9 3 28 32 29 13 10 11 16 35 6 27 42 24 12 14 5 29 14 38 28 9 27 26 13 31 34 10 32 5 34 24
30 41 31 38 51 46 21 30 35 32 0 9 23 17 24 13 49 47 40 25 10 45 37 45 15 20 47 46 27 27 35 19 37 22 34 27 15 48 42 35 40 48 28 16 11 33 16 14 41 12 53 28 15 21 9 22 24 47 51 44 22 14 25 47 36 49 50 41 31 6 36 45 26 28 27 10 28 45 33 18 38 23 23 44 50 16 34 30 20 22 43 32 35 33 46 24 49 33 25 40 48 30 20 6 42 44 27 33 29 11 23 45 34 27 28 37 3 41 46 26 33 37 9 10 43 42 43 23 51 25 7 21 41 32 32 31 20 35 23 5 41 30 20 44 4 21 31 35 36 33 47
23 37 29 31 49 39 13 29 26 24 9 0 24 16 17 17 42 37 37 18 17 44 28 36 13 21 41 39 24 18 25 12 28 20 32 30 9 40 35 27 31 41 19 7 6 26 9 9 32 7 44 26 6 13 7 29 20 40 42 37 15 20 30 40 28 42 43 34 26 6 26 38 25 19 18 6 29 43 32 18 36 29 22 39 46 12 32 31 11 13 36 23 33 29 39 25 44 24 16 31 41 23 16 12 38 37 18 24 22 8 18 43 32 18 21 28 8 34 39 19 24 35 16 5 34 34 35 14 49 18 3 28 37 25 23 24 22 28 30 10 32 28 13 37 7 27 22 33 29 33 41
25 21 10 26 30 34 23 8 40 28 23 24 0 8 40 10 33 43 20 16 14 23 35 43 10 3 28 34 10 40 40 21 39 5 14 8 17 41 27 31 40 40 41 29 30 27 19 33 37 31 48 10 24 23 30 17 10 37 44 36 20 11 10 29 31 31 34 28 15 27 37 31 4 36 28 17 5 24 9 5 16 9 2 25 31 13 11 8 28 35 30 34 13 15 38 1 30 38 34 36 32 17 12 17 23 35 34 35 19 15 12 22 15 40 18 37 21 31 28 18 30 16 15 29 40 37 35 33 30 24 24 18 22 18 39 22 5 19 12 18 36 8 35 36 26 9 35 11 28 10 28
19 23 13 22 33 30 15 12 33 22 17 16 8 0 32 8 32 37 22 11 12 27 29 37 2 6 30 30 10 32 33 13 32 5 17 16 9 37 25 25 34 36 33 21 22 22 11 25 31 23 43 11 16 15 22 20 7 33 40 32 13 10 16 30 26 32 33 25 14 19 30 29 9 28 21 9 13 27 16 4 20 15 6 27 33 5 17 16 20 27 27 27 17 16 34 9 32 31 26 31 31 14 5 13 25 31 26 28 15 7 7 27 17 32 14 31 15 27 29 13 24 19 13 21 35 32 32 25 33 17 16 20 24 15 31 18 8 18 17 13 31 13 27 32 19 13 28 18 24 17 30
28 49 43 36 61 42 20 43 21 27 24 17 40 32 0 34 47 36 48 28 34 57 27 33 29 37 50 42 36 5 20 21 24 36 44 47 23 41 41 29 28 42 7 10 13 29 21 11 32 12 43 38 16 20 15 46 33 42 42 38 23 37 47 47 29 49 47 38 36 18 24 42 41 15 21 23 45 55 47 35 48 46 38 49 56 27 47 47 14 5 39 22 46 40 40 41 54 20 13 31 46 32 29 29 48 38 15 22 29 25 30 55 44 5 29 27 24 36 46 27 26 47 33 14 33 35 36 11 59 22 18 45 48 34 18 28 39 37 47 27 33 43 4 38 20 44 20 48 32 49 49
26 31 20 30 40 38 20 18 38 29 13 17 10 8 34 0 40 44 30 18 4 33 36 44 7 7 38 38 18 35 38 18 38 12 24 14 13 44 33 32 40 44 36 24 21 29 15 24 38 22 50 19 19 20 20 13 15 41 47 40 19 3 13 38 33 40 41 33 22 17 36 37 14 32 27 11 15 34 19 6 26 12 11 35 41 10 21 17 24 30 35 33 23 24 42 11 40 36 30 38 39 22 12 7 33 39 30 34 22 9 15 32 25 35 21 38 11 35 37 20 31 26 5 20 42 39 39 28 40 24 16 13 32 23 35 25 7 26 13 8 38 18 30 39 16 10 33 21 31 20 38
19 15 24 11 21 8 29 26 32 20 49 42 33 32 47 40 0 23 16 24 44 24 24 25 34 34 8 7 23 43 33 30 29 29 20 39 34 17 7 19 27 15 42 40 48 17 33 49 21 47 24 23 36 29 49 49 25 11 21 14 27 42 41 4 19 4 1 8 18 48 28 5 29 33 25 39 32 20 27 35 21 42 31 10 14 33 25 34 32 41 7 27 24 18 14 32 12 31 34 21 1 19 29 45 12 12 32 28 20 38 26 23 19 43 21 25 46 11 5 23 22 20 45 47 24 17 14 35 21 24 45 50 13 17 33 18 36 14 45 45 19 26 45 13 49 41 29 26 15 30 9
18 36 38 19 44 15 26 40 15 15 47 37 43 37 36 44 23 0 37 26 47 47 9 3 37 42 31 16 33 31 16 27 12 37 37 50 32 7 23 12 8 9 29 33 41 15 30 42 5 40 7 34 31 26 43 57 31 12 6 9 25 47 52 27 10 27 22 19 29 43 12 20 41 21 19 36 45 43 44 41 41 51 39 33 37 34 42 48 26 32 18 14 41 32 9 42 35 16 24 6 23 24 32 44 35 11 21 14 22 37 30 46 36 31 23 9 43 14 27 24 13 40 47 41 3 6 9 26 44 20 40 57 35 25 18 18 44 26 53 43 5 40 36 10 44 49 16 44 13 47 32
23 1 10 18 12 22 28 12 40 25 40 37 20 22 48 30 16 37 0 19 34 10 33 39 24 23 9 21 13 46 39 26 38 18 6 24 28 31 14 27 38 29 46 38 43 23 28 46 33 44 38 11 32 27 44 36 16 25 35 28 24 31 27 12 28 13 17 18 11 41 36 17 16 38 29 31 18 7 12 24 5 28 19 5 11 24 10 19 32 41 19 33 8 7 28 19 10 37 38 33 15 16 20 35 3 26 36 34 19 29 18 9 5 45 18 35 37 23 11 20 28 5 35 42 37 31 28 37 12 25 38 37 2 14 39 20 25 11 31 35 32 12 44 27 41 28 34 10 24 14 8
8 20 15 13 32 21 8 16 24 11 25 18 16 11 28 18 24 26 19 0 22 29 19 26 11 16 23 21 9 26 24 7 23 11 17 24 10 26 17 14 24 26 26 19 24 10 9 27 20 25 31 11 13 8 25 31 6 23 29 22 5 21 26 22 15 24 25 16 8 24 21 20 16 20 12 15 21 26 21 15 21 25 14 21 28 9 20 24 13 22 18 18 19 12 23 17 26 22 19 20 23 5 6 21 21 21 18 19 4 14 4 28 16 26 3 21 22 17 21 2 14 20 22 23 24 21 20 18 31 8 21 31 20 7 23 7 18 10 27 21 20 17 25 21 25 23 19 22 13 24 23
30 35 24 34 44 42 22 22 40 32 10 17 14 12 34 4 44 47 34 22 0 37 39 47 11 11 42 42 22 35 40 20 40 16 28 16 15 48 37 35 42 48 36 24 21 32 17 24 42 22 53 23 20 22 19 12 19 45 51 44 22 4 14 42 36 44 45 37 26 16 38 41 18 33 29 12 19 38 23 10 30 13 15 39 45 13 25 20 25 30 39 35 27 28 45 15 44 38 31 41 43 26 16 5 37 43 32 36 26 10 19 36 29 35 25 40 10 39 41 24 34 30 1 20 45 42 42 29 44 26 16 11 36 27 37 29 10 30 13 7 41 22 30 43 14 11 35 25 35 24 42
33 11 15 28 8 32 37 15 50 35 45 44 23 27 57 33 24 47 10 29 37 0 43 49 29 26 16 31 20 55 49 36 48 22 12 25 35 41 24 37 48 39 55 48 49 33 36 52 43 50 48 18 41 37 49 38 24 35 45 38 33 34 28 20 38 20 25 28 21 46 46 27 19 48 39 36 19 4 13 27 8 29 22 14 13 31 12 20 42 51 29 43 10 17 38 21 14 47 47 43 24 26 28 39 12 36 46 44 29 34 26 1 13 55 28 45 42 33 20 30 38 9 38 48 47 41 38 47 8 35 43 39 12 24 49 30 27 21 32 40 42 15 54 37 46 30 44 11 34 15 15
11 32 33 15 42 17 17 34 8 8 37 28 35 29 27 36 24 9 33 19 39 43 0 8 29 35 29 17 27 22 9 18 5 30 33 43 23 14 20 6 5 15 21 24 32 10 21 33 5 31 16 29 22 17 34 49 25 15 15 12 17 39 45 26 5 27 24 16 24 34 4 19 34 12 10 27 39 39 39 33 37 44 33 30 35 26 38 42 17 23 16 5 37 28 13 36 33 8 15 4 23 19 25 35 31 12 12 5 16 28 23 42 32 22 17 2 34 12 25 17 5 36 38 32 7 8 10 17 42 12 31 49 31 20 10 13 37 22 46 34 6 35 27 12 35 42 7 40 9 42 30
18 38 39 21 46 17 25 40 12 16 45 36 43 37 33 44 25 3 39 26 47 49 8 0 37 42 33 18 34 28 13 26 9 37 39 50 31 10 25 12 5 12 26 31 39 16 29 39 6 38 10 35 30 25 41 57 32 15 9 12 25 47 52 29 11 29 25 21 30 41 9 22 41 18 18 35 46 45 45 41 43 51 40 35 39 34 44 49 24 29 20 12 43 34 12 43 37 13 21 6 25 25 32 43 37 13 18 11 23 36 30 48 38 28 24 7 42 16 29 24 13 42 46 38 2 8 11 23 46 20 38 57 37 26 15 19 44 28 53 42 7 41 33 13 42 49 13 46 15 48 34
19 25 15 23 35 31 13 14 31 22 15 13 10 2 29 7 34 37 24 11 11 29 29 37 0 8 32 31 12 30 31 11 31 7 19 18 7 37 27 25 33 37 31 19 19 21 9 22 31 20 42 13 14 13 19 20 9 34 40 33 12 10 18 32 26 34 35 26 16 17 29 30 11 26 20 7 15 29 18 6 22 17 8 29 35 3 19 18 18 25 28 26 19 18 34 11 34 29 24 31 33 15 5 11 27 32 24 27 15 5 8 29 19 30 14 31 13 28 31 13 24 21 11 18 35 32 31 23 35 17 14 20 26 17 29 18 10 20 18 11 31 15 25 32 17 15 26 20 24 19 32
24 24 13 27 33 35 21 11 38 27 20 21 3 6 37 7 34 42 23 16 11 26 35 42 8 0 31 35 11 38 38 19 38 5 17 10 15 42 28 30 40 41 39 27 27 26 17 30 36 28 47 12 22 21 27 15 10 38 45 37 18 8 10 31 31 33 35 29 16 24 36 32 7 34 26 15 8 27 12 2 19 9 4 28 34 11 14 11 26 33 31 32 16 17 39 4 33 36 32 36 33 17 10 14 26 35 32 33 19 12 12 25 18 38 18 37 18 31 30 18 30 19 12 26 40 37 35 31 33 23 21 15 25 18 37 22 2 20 11 15 36 11 33 36 23 7 33 14 28 13 31
23 8 18 14 13 16 30 20 36 23 47 41 28 30 50 38 8 31 9 23 42 16 29 33 32 31 0 15 20 46 37 30 34 26 14 33 33 25 9 23 33 23 45 42 47 21 32 50 27 48 32 19 36 30 48 44 23 19 29 22 27 39 35 4 24 4 9 13 16 47 32 11 24 37 29 37 26 12 21 32 14 36 27 3 6 31 19 28 35 44 13 31 17 14 22 27 4 35 38 28 8 18 27 43 5 20 35 32 21 36 24 15 13 46 20 31 44 17 4 22 26 13 43 46 31 25 22 39 13 27 44 45 6 16 37 21 33 13 39 43 26 20 48 21 47 36 33 19 20 23 1
16 20 26 8 28 1 26 28 25 15 46 39 34 30 42 38 7 16 21 21 42 31 17 18 31 35 15 0 23 38 26 27 22 29 24 41 31 10 8 13 20 8 37 37 45 13 30 46 14 44 17 23 33 26 46 50 23 4 14 7 24 40 42 11 12 11 7 5 18 45 21 4 30 27 21 36 34 27 31 33 26 43 31 17 21 30 29 37 29 37 3 20 28 20 7 33 19 24 29 14 7 16 26 42 19 5 26 21 17 35 23 30 23 37 18 18 43 5 11 20 16 26 42 44 17 10 7 31 28 21 42 49 19 15 26 15 37 14 45 42 12 28 41 6 46 42 22 31 10 34 16
16 13 6 15 25 23 16 7 33 19 27 24 10 10 36 18 23 33 13 9 22 20 27 34 12 11 20 23 0 34 33 15 32 6 8 18 15 30 16 21 32 29 34 27 30 17 15 33 28 31 37 2 20 16 31 26 4 26 33 25 13 19 19 20 22 22 24 18 5 29 30 20 8 29 21 18 13 19 12 12 12 19 8 17 23 12 11 16 21 30 20 27 10 6 27 10 22 31 27 27 22 8 8 23 15 24 27 28 11 17 6 19 8 34 10 29 25 20 19 11 22 11 23 29 31 28 25 26 25 17 25 26 14 8 32 14 13 9 22 23 27 8 33 25 28 18 28 13 19 15 20
25 47 42 33 58 38 18 41 16 23 27 18 40 32 5 35 43 31 46 26 35 55 22 28 30 38 46 38 34 0 15 20 19 35 42 48 23 36 37 25 23 37 2 11 16 25 21 15 27 15 38 36 16 18 18 47 31 37 37 33 21 38 48 43 25 45 43 34 34 21 19 38 40 10 18 24 45 52 46 36 46 47 38 46 52 27 45 48 13 5 35 17 44 38 35 41 50 15 9 26 42 30 29 30 46 34 11 17 27 26 29 53 42 0 27 22 26 32 42 25 22 45 34 17 28 30 31 8 57 20 20 46 46 32 13 26 40 35 48 28 28 42 7 33 23 45 15 47 28 48 47
17 39 39 23 50 26 18 40 1 14 35 25 40 33 20 38 33 16 39 24 40 49 9 13 31 38 37 26 33 15 0 20 4 35 39 48 25 22 28 14 8 23 13 19 27 16 22 27 13 26 23 35 19 18 29 51 30 24 22 20 20 40 48 34 14 36 33 25 30 30 5 28 40 6 12 27 45 46 45 37 43 47 38 37 43 28 44 48 14 16 25 6 43 34 22 41 41 2 9 12 32 25 28 35 38 21 7 5 22 29 28 48 38 15 23 8 32 21 33 22 11 42 38 27 13 16 19 11 49 16 27 50 38 26 2 19 40 28 49 34 14 41 20 21 31 45 5 46 17 48 38
11 27 21 19 39 27 2 21 20 12 19 12 21 13 21 18 30 27 26 7 20 36 18 26 11 19 30 27 15 20 20 0 20 16 23 29 5 28 23 15 22 29 20 12 18 14 3 19 22 17 33 17 6 2 19 31 11 28 31 25 3 21 29 28 16 30 31 22 15 18 18 26 21 15 9 9 26 33 26 17 27 28 19 28 35 8 26 29 7 16 24 15 25 19 27 22 33 18 13 21 29 11 9 17 27 25 13 16 10 10 9 34 23 20 9 20 16 22 27 7 13 26 20 17 25 22 23 12 38 6 15 31 27 13 18 12 21 16 29 16 21 22 18 25 19 26 15 27 17 29 29
16 37 38 20 47 22 18 39 3 13 37 28 39 32 24 38 29 12 38 23 40 48 5 9 31 38 34 22 32 19 4 20 0 34 38 47 25 18 25 11 4 19 17 22 30 15 23 31 9 29 19 34 22 18 32 51 29 20 18 16 20 41 48 31 10 32 29 21 29 33 2 24 39 9 11 29 44 44 44 36 42 47 37 35 40 28 43 47 16 20 21 5 42 33 18 40 38 4 12 8 28 24 27 37 36 17 10 4 21 30 27 47 37 19 22 4 35 17 30 21 10 41 40 30 9 12 15 14 47 15 30 51 36 25 6 18 40 27 49 36 10 40 24 17 34 45 5 45 14 47 35
19 19 8 21 28 29 18 7 35 22 22 20 5 5 36 12 29 37 18 11 16 22 30 37 7 5 26 29 6 35 35 16 34 0 12 13 13 36 22 25 35 35 36 26 26 21 14 29 31 27 42 7 19 18 26 20 5 32 39 31 15 13 15 26 26 28 30 24 11 24 32 26 5 31 23 14 10 22 12 6 15 14 3 23 29 9 12 13 23 30 26 29 12 12 33 6 28 33 29 31 28 12 7 17 21 30 29 30 14 12 7 22 13 35 13 32 20 26 25 13 25 14 17 25 35 32 30 28 28 19 21 20 20 13 34 17 7 15 16 18 31 8 32 31 24 12 30 13 23 13 26
22 7 4 18 17 24 24 6 39 25 34 32 14 17 44 24 20 37 6 17 28 12 33 39 19 17 14 24 8 42 39 23 38 12 0 18 23 33 16 27 38 31 42 35 38 23 23 41 33 39 40 6 28 24 38 30 12 27 36 28 21 25 21 16 28 18 21 19 9 36 36 20 10 36 27 26 12 11 7 18 4 22 13 11 17 20 5 14 29 38 21 33 4 5 30 13 16 37 35 33 20 14 16 29 9 27 34 34 17 24 14 11 1 42 16 35 32 23 16 18 28 3 29 37 37 31 28 34 17 23 33 31 8 13 38 20 19 11 25 30 32 6 41 28 36 22 34 7 24 10 14
32 25 15 33 33 41 31 13 48 35 27 30 8 16 47 14 39 50 24 24 16 25 43 50 18 10 33 41 18 48 48 29 47 13 18 0 25 48 33 38 48 47 49 37 35 34 27 38 44 36 55 17 32 31 34 13 18 44 51 43 28 12 3 34 39 36 39 36 22 31 45 37 10 44 36 24 6 27 12 12 19 4 10 29 34 21 14 5 36 43 37 42 16 21 45 8 33 46 42 44 38 25 20 20 27 42 42 43 27 22 20 25 19 48 26 45 25 38 34 26 38 19 17 34 48 45 43 41 33 32 30 14 26 26 47 30 8 26 7 22 44 12 43 43 29 5 43 14 36 10 32
15 28 21 23 40 31 7 20 25 17 15 9 17 9 23 13 34 32 28 10 15 35 23 31 7 15 33 31 15 23 25 5 25 13 23 25 0 33 27 20 27 33 24 13 15 18 2 18 27 16 38 17 7 7 16 26 11 32 36 29 7 16 25 32 21 34 35 26 17 14 23 30 18 19 14 5 22 34 25 13 27 24 15 30 37 4 25 25 11 18 28 20 25 20 31 18 35 23 17 26 33 15 7 13 29 29 17 21 14 5 9 34 23 23 13 25 12 26 31 11 18 26 15 14 30 27 28 16 40 11 11 26 28 17 22 16 17 20 25 12 26 21 19 29 15 22 20 26 21 26 33
18 30 34 15 38 9 27 36 21 16 48 40 41 37 41 44 17 7 31 26 48 41 14 10 37 42 25 10 30 36 22 28 18 36 33 48 33 0 17 13 14 2 34 38 46 15 31 47 9 45 7 31 34 27 47 56 30 6 4 4 26 47 49 21 12 21 16 13 26 46 17 14 38 26 22 37 42 37 40 40 35 49 38 27 31 35 38 45 30 37 12 19 36 28 3 40 29 21 29 10 17 23 32 45 29 5 26 19 22 38 30 40 31 36 23 14 44 9 21 24 16 34 48 45 10 6 5 31 38 22 43 56 29 22 23 18 43 22 52 44 8 36 41 5 47 48 21 39 12 43 26
13 13 18 5 22 8 23 20 27 14 42 35 27 25 41 33 7 23 14 17 37 24 20 25 27 28 9 8 16 37 28 23 25 22 16 33 27 17 0 14 24 15 36 34 41 12 26 42 19 40 24 16 29 23 42 42 18 11 21 14 20 35 35 6 15 8 8 4 11 41 23 4 23 28 20 32 26 20 23 28 19 35 24 10 15 26 21 29 26 35 5 22 20 12 14 26 13 26 29 19 6 12 22 38 12 12 26 23 13 31 19 23 15 37 14 22 39 9 5 16 17 18 38 40 23 17 14 30 22 18 38 42 12 10 28 12 29 7 38 38 18 20 39 13 42 34 24 23 11 26 10
6 26 27 9 36 13 14 28 13 3 35 27 31 25 29 32 19 12 27 14 35 37 6 12 25 30 23 13 21 25 14 15 11 25 27 38 20 13 14 0 11 14 24 25 33 4 18 34 6 32 18 23 21 14 34 45 20 13 15 10 13 35 40 20 1 22 19 10 18 33 9 14 29 15 9 24 34 33 33 29 31 39 28 24 29 22 32 37 17 24 11 8 31 22 12 31 27 12 16 6 18 13 20 32 25 10 14 9 10 25 18 36 26 25 11 8 31 8 19 12 3 30 35 32 10 7 8 18 36 9 30 45 25 14 14 7 32 16 41 31 6 29 28 10 34 37 10 34 3 36 24
16 37 38 20 46 19 20 39 7 13 40 31 40 34 28 40 27 8 38 24 42 48 5 5 33 40 33 20 32 23 8 22 4 35 38 48 27 14 24 11 0 16 21 26 34 15 25 34 6 33 15 34 25 20 36 53 30 17 14 13 22 43 50 30 10 30 27 20 29 36 4 22 39 13 13 31 44 44 44 38 42 49 38 34 39 30 43 47 19 24 20 7 42 33 14 41 37 8 16 5 26 24 29 39 36 14 13 6 21 32 28 47 37 23 22 3 38 15 28 22 10 41 42 33 5 9 12 18 45 17 33 53 36 25 10 18 42 27 51 38 7 40 28 14 37 47 8 45 14 47 33
18 28 33 14 36 7 28 35 22 17 48 41 40 36 42 44 15 9 29 26 48 39 15 12 37 41 23 8 29 37 23 29 19 35 31 47 33 2 15 14 16 0 35 39 47 15 32 48 10 46 9 30 35 28 48 55 29 4 6 4 26 46 48 19 13 19 14 13 25 47 18 12 37 27 23 38 41 35 38 39 34 48 37 25 29 35 36 44 31 38 11 20 35 27 2 39 27 22 30 11 15 22 32 46 27 4 27 20 21 38 29 38 30 37 22 15 45 8 19 24 17 33 48 46 12 7 6 32 36 23 44 55 27 21 24 18 42 21 51 45 9 35 42 4 48 47 22 38 12 41 24
24 46 41 32 58 37 18 41 14 22 28 19 41 33 7 36 42 29 46 26 36 55 21 26 31 39 45 37 34 2 13 20 17 36 42 49 24 34 36 24 21 35 0 12 18 24 22 17 25 17 36 36 17 18 20 48 31 36 35 32 21 39 49 42 24 44 42 33 34 22 17 37 41 9 17 25 46 52 46 37 46 48 39 45 51 28 45 49 13 6 34 16 44 38 34 42 49 13 8 24 41 30 29 31 46 33 10 16 27 27 29 53 42 2 27 20 27 31 41 25 21 45 35 18 26 28 30 8 57 20 21 47 46 32 11 26 41 35 49 29 26 42 9 32 24 46 14 47 27 49 46
21 39 33 29 51 37 12 33 20 22 16 7 29 21 10 24 40 33 38 19 24 48 24 31 19 27 42 37 27 11 19 12 22 26 35 37 13 38 34 25 26 39 12 0 8 24 11 9 29 7 40 29 6 12 10 36 23 38 39 35 15 27 37 40 26 42 41 32 27 11 21 36 30 13 16 13 34 45 37 25 39 36 27 40 47 17 37 37 8 6 34 19 37 31 37 30 45 18 10 28 39 23 19 19 39 35 13 19 22 15 20 46 34 11 21 24 15 32 39 19 22 38 23 8 30 32 33 8 50 16 9 35 39 25 17 22 29 28 37 17 30 33 6 35 13 34 18 38 27 38 41
29 44 36 37 56 45 19 35 28 30 11 6 30 22 13 21 48 41 43 24 21 49 32 39 19 27 47 45 30 16 27 18 30 26 38 35 15 46 41 33 34 47 18 8 0 32 15 3 37 1 48 32 12 19 2 33 26 46 47 43 21 24 34 46 34 48 49 40 32 5 29 44 30 21 24 12 34 48 37 24 41 33 27 45 52 18 38 37 16 12 42 27 38 35 45 30 50 26 18 36 47 29 22 16 44 43 21 27 28 14 24 48 38 16 27 32 11 40 45 25 30 40 20 1 38 40 41 16 54 24 5 32 43 31 25 30 28 34 34 14 38 34 9 43 7 31 26 39 35 38 47
3 23 23 7 33 13 13 24 16 2 33 26 27 22 29 29 17 15 23 10 32 33 10 16 21 26 21 13 17 25 16 14 15 21 23 34 18 15 12 4 15 15 24 24 32 0 17 33 10 31 21 19 20 13 33 41 16 14 19 11 11 31 36 18 5 20 18 9 14 32 13 12 25 16 8 23 30 30 29 25 27 35 24 21 27 19 28 33 16 24 10 10 27 18 13 27 25 14 17 10 16 9 16 31 22 11 14 11 6 23 14 32 22 25 7 12 30 8 17 8 5 26 32 31 14 11 10 18 33 8 29 41 22 10 16 3 28 12 37 30 10 25 28 11 33 33 12 30 3 32 22
14 28 21 22 40 30 5 21 23 15 16 9 19 11 21 15 33 30 28 9 17 36 21 29 9 17 32 30 15 21 22 3 23 14 23 27 2 31 26 18 25 32 22 11 15 17 0 18 24 16 36 17 5 5 16 28 11 31 33 28 6 18 27 31 19 33 34 25 17 15 21 29 19 17 12 6 24 34 26 15 27 26 17 30 37 6 26 27 9 16 27 18 25 20 30 20 35 21 15 24 32 14 8 14 29 28 15 19 13 7 9 34 23 21 12 23 13 25 30 10 16 26 17 14 28 25 26 14 40 9 12 28 28 16 20 15 19 19 27 13 24 22 17 28 16 24 18 27 20 27 32
30 46 38 38 58 46 20 38 28 31 14 9 33 25 11 24 49 42 46 27 24 52 33 39 22 30 50 46 33 15 27 19 31 29 41 38 18 47 42 34 34 48 17 9 3 33 18 0 38 2 49 35 13 20 5 36 29 47 48 44 22 27 37 47 35 49 50 41 34 8 30 45 33 21 25 15 37 51 40 27 44 36 30 47 54 21 41 40 17 11 43 28 41 38 46 33 52 26 18 37 48 30 25 19 46 44 21 28 29 17 27 51 41 15 28 33 14 41 46 26 31 43 23 4 39 41 42 16 57 25 8 35 46 32 25 31 31 35 37 17 39 37 8 44 10 34 26 42 36 41 48
12 32 33 15 40 13 20 34 12 10 41 32 37 31 32 38 21 5 33 20 42 43 5 6 31 36 27 14 28 27 13 22 9 31 33 44 27 9 19 6 6 10 25 29 37 10 24 38 0 36 12 29 26 20 38 51 26 11 10 7 19 41 46 23 5 24 21 15 24 38 8 16 35 17 14 30 40 39 39 35 37 45 34 29 33 28 38 43 21 28 14 10 37 28 8 37 31 12 20 1 20 19 26 38 31 8 17 10 16 31 24 42 32 27 17 5 37 10 23 18 8 36 41 36 4 3 6 22 40 15 35 51 31 20 14 13 38 22 47 37 1 35 32 8 39 43 12 40 9 42 28
28 44 36 36 56 44 18 35 27 29 12 7 31 23 12 22 47 40 44 25 22 50 31 38 20 28 48 44 31 15 26 17 29 27 39 36 16 45 40 32 33 46 17 7 1 31 16 2 36 0 47 33 11 18 3 34 27 45 46 42 20 25 35 45 33 47 48 39 32 6 28 43 31 20 23 13 35 49 38 25 42 34 28 45 52 19 39 38 15 11 41 26 39 36 44 31 50 25 17 35 46 28 23 17 44 42 20 26 27 15 25 49 39 15 26 31 12 39 44 24 29 41 21 2 37 39 40 15 55 23 6 33 44 30 24 29 29 33 35 15 37 35 8 42 8 32 25 40 34 39 46
24 37 41 22 45 16 32 43 22 21 53 44 48 43 43 50 24 7 38 31 53 48 16 10 42 47 32 17 37 38 23 33 19 42 40 55 38 7 24 18 15 9 36 40 48 21 36 49 12 47 0 38 38 32 50 62 37 13 3 11 31 52 56 28 16 28 23 20 33 50 19 21 45 28 25 42 49 44 47 46 42 56 45 34 38 40 45 52 33 39 19 21 43 35 10 47 36 23 31 13 24 30 37 50 36 12 28 21 27 43 35 47 38 38 28 16 49 16 28 29 19 41 53 48 10 10 12 33 45 26 47 62 36 29 25 24 49 29 58 49 11 43 43 11 51 54 23 46 18 50 33
18 12 4 16 23 24 18 5 35 21 28 26 10 11 38 19 23 34 11 11 23 18 29 35 13 12 19 23 2 36 35 17 34 7 6 17 17 31 16 23 34 30 36 29 32 19 17 35 29 33 38 0 22 18 32 27 6 27 34 26 15 20 19 19 24 21 24 18 5 30 32 20 7 31 23 20 11 17 10 13 10 19 8 16 22 14 9 14 23 32 20 29 8 5 28 10 21 33 29 29 22 10 10 24 14 25 29 30 13 18 8 17 6 36 12 31 26 21 18 13 24 9 24 31 33 29 26 28 23 19 27 27 13 9 34 16 14 9 22 24 29 6 34 26 30 19 30 11 20 13 19
17 33 26 25 45 33 7 26 20 18 15 6 24 16 16 19 36 31 32 13 20 41 22 30 14 22 36 33 20 16 19 6 22 19 28 32 7 34 29 21 25 35 17 6 12 20 5 13 26 11 38 22 0 7 13 32 16 34 36 31 9 22 32 34 22 36 37 28 21 12 20 32 24 13 12 8 29 39 31 20 32 31 22 34 41 11 31 32 5 11 30 17 30 25 33 25 39 18 11 25 35 17 13 16 33 31 12 18 16 10 14 39 28 16 15 22 13 28 33 13 18 31 19 11 28 28 29 9 44 12 9 31 33 19 17 18 24 22 32 15 26 27 12 31 13 29 16 32 23 32 35
10 28 23 18 40 26 0 23 18 11 21 13 23 15 20 20 29 26 27 8 22 37 17 25 13 21 30 26 16 18 18 2 18 18 24 31 7 27 23 14 20 28 18 12 19 13 5 20 20 18 32 18 7 0 20 33 13 27 29 24 3 23 31 29 15 31 30 21 16 19 16 25 23 13 7 11 28 34 28 19 28 30 21 29 36 10 27 31 5 14 23 13 26 20 26 24 34 16 11 19 28 12 11 19 28 24 11 14 10 12 11 35 24 18 9 18 18 21 27 7 12 27 22 18 23 21 22 10 39 5 16 33 28 14 16 11 23 17 31 18 20 24 18 24 20 28 13 29 16 31 30
30 44 35 38 55 46 20 34 30 31 9 7 30 22 15 20 49 43 44 25 19 49 34 41 19 27 48 46 31 18 29 19 32 26 38 34 16 47 42 34 36 48 20 10 2 33 16 5 38 3 50 32 13 20 0 31 27 47 48 44 22 22 33 47 35 49 50 41 33 3 31 45 30 23 25 12 34 48 37 24 41 31 27 46 53 18 38 37 17 14 43 29 38 36 46 30 51 28 20 37 48 30 22 14 45 44 23 29 29 14 25 48 38 18 28 34 9 41 46 26 31 40 18 2 40 41 42 18 54 25 5 30 44 32 27 31 27 35 32 12 39 34 11 44 5 29 28 39 36 38 48
39 37 26 42 46 50 33 24 51 42 22 29 17 20 46 13 49 57 36 31 12 38 49 57 20 15 44 50 26 47 51 31 51 20 30 13 26 56 42 45 53 55 48 36 33 41 28 36 51 34 62 27 32 33 31 0 25 52 59 51 32 10 10 46 46 48 50 44 31 28 49 46 21 45 40 24 19 40 25 16 32 9 19 41 47 23 27 18 37 42 46 46 29 32 53 17 46 49 43 51 48 32 25 17 39 50 43 47 34 22 27 38 31 47 33 51 22 46 45 33 44 32 13 32 55 52 50 41 46 37 28 1 38 33 48 37 13 35 6 19 51 24 42 51 26 8 46 27 43 23 44
14 17 10 15 29 23 13 10 30 17 24 20 10 7 33 15 25 31 16 6 19 24 25 32 9 10 23 23 4 31 30 11 29 5 12 18 11 30 18 20 30 29 31 23 26 16 11 29 26 27 37 6 16 13 27 25 0 26 33 25 10 17 20 23 21 25 26 18 7 25 27 21 10 26 18 14 15 23 15 10 16 19 8 20 26 8 15 18 18 27 20 24 14 9 27 11 25 28 24 26 24 7 4 20 18 24 24 25 9 13 2 23 12 31 8 27 21 20 22 8 20 15 20 25 30 27 25 23 28 14 21 25 17 8 29 12 12 11 21 20 26 11 28 25 24 17 25 16 18 18 23
17 24 30 11 32 3 27 32 23 16 47 40 37 33 42 41 11 12 25 23 45 35 15 15 34 38 19 4 26 37 24 28 20 32 27 44 32 6 11 13 17 4 36 38 46 14 31 47 11 45 13 27 34 27 47 52 26 0 10 4 25 43 45 15 12 15 10 9 22 46 19 8 34 27 22 37 37 31 34 36 30 45 34 21 25 32 32 40 30 37 7 19 31 23 3 36 23 23 29 12 11 19 29 44 23 3 26 20 19 37 26 34 26 37 20 16 44 6 15 21 16 29 45 45 14 8 5 31 32 22 43 51 23 18 25 16 38 18 47 43 10 31 41 3 47 43 21 34 11 37 20
21 34 38 18 42 13 30 39 21 19 51 42 44 40 42 47 21 6 35 29 51 45 15 9 40 45 29 14 33 37 22 31 18 39 36 51 36 4 21 15 14 6 35 39 47 19 33 48 10 46 3 34 36 29 48 59 33 10 0 8 28 50 52 25 14 25 20 17 29 48 18 18 41 27 23 39 45 41 43 43 39 52 41 31 35 37 41 48 31 38 16 20 40 31 7 43 33 22 30 11 21 26 35 47 33 9 27 20 25 40 33 44 35 37 26 15 46 13 25 27 17 38 50 46 9 8 9 32 42 24 45 58 33 25 24 22 45 25 54 46 9 39 42 8 49 50 22 43 16 46 30
14 27 30 10 35 6 24 31 19 13 44 37 36 32 38 40 14 9 28 22 44 38 12 12 33 37 22 7 25 33 20 25 16 31 28 43 29 4 14 10 13 4 32 35 43 11 28 44 7 42 11 26 31 24 44 51 25 4 8 0 22 42 44 18 9 18 14 10 21 43 15 11 33 23 19 34 37 34 35 35 32 44 33 24 28 30 33 40 27 34 9 16 32 23 2 35 26 19 26 8 14 18 27 42 26 2 23 17 17 34 25 37 27 33 18 12 41 5 18 19 13 31 43 42 10 4 2 28 35 19 40 50 26 17 21 14 37 17 46 41 6 31 38 1 44 42 18 35 8 38 23
8 25 19 16 37 24 3 20 20 10 22 15 20 13 23 19 27 25 24 5 22 33 17 25 12 18 27 24 13 21 20 3 20 15 21 28 7 26 20 13 22 26 21 15 21 11 6 22 19 20 31 15 9 3 22 32 10 25 28 22 0 22 28 25 14 27 28 19 13 21 18 23 20 16 8 12 25 31 25 17 25 27 18 26 33 9 24 28 8 17 21 14 23 17 24 21 31 18 14 19 26 8 8 20 24 22 14 15 7 12 8 32 21 21 6 19 19 19 24 4 12 24 22 20 23 20 21 13 35 5 18 32 24 10 19 9 20 13 29 19 19 21 21 22 22 25 15 26 14 28 26
29 32 21 32 41 40 23 19 41 32 14 20 11 10 37 3 42 47 31 21 4 34 39 47 10 8 39 40 19 38 40 21 41 13 25 12 16 47 35 35 43 46 39 27 24 31 18 27 41 25 52 20 22 23 22 10 17 43 50 42 22 0 10 39 36 41 43 35 24 19 39 38 15 35 30 14 15 35 20 7 27 9 12 36 42 13 22 16 27 33 37 36 24 25 44 12 41 39 33 41 41 24 15 8 34 41 33 37 25 12 17 33 26 38 24 41 13 37 38 23 34 27 5 23 45 42 41 31 41 27 19 10 33 25 38 28 6 28 10 10 41 19 33 42 17 7 36 22 34 20 39
34 28 17 35 36 43 31 16 48 37 25 30 10 16 47 13 41 52 27 26 14 28 45 52 18 10 35 42 19 48 48 29 48 15 21 3 25 49 35 40 50 48 49 37 34 36 27 37 46 35 56 19 32 31 33 10 20 45 52 44 28 10 0 37 41 39 42 37 24 29 46 39 12 44 36 24 9 30 15 12 22 1 12 32 37 21 17 8 36 43 39 42 19 23 46 9 36 46 42 46 40 27 20 18 30 43 42 43 29 22 22 28 22 48 28 47 23 39 36 28 40 22 15 33 50 47 44 41 36 33 29 11 29 27 47 32 8 28 4 20 46 15 43 44 27 3 43 17 38 13 35
19 11 20 11 17 12 29 22 33 20 47 40 29 30 47 38 4 27 12 22 42 20 26 29 32 31 4 11 20 43 34 28 31 26 16 34 32 21 6 20 30 19 42 40 46 18 31 47 23 45 28 19 34 29 47 46 23 15 25 18 25 39 37 0 21 2 5 10 16 46 29 7 25 34 26 37 28 16 23 32 17 38 27 6 10 31 21 30 32 41 9 28 20 14 18 28 8 32 35 24 4 17 27 43 8 16 32 29 19 36 24 19 15 43 19 27 44 13 1 21 23 16 43 45 27 21 18 36 17 24 43 46 9 15 34 18 33 12 41 43 22 22 45 17 47 37 30 22 17 26 5
7 27 28 10 37 12 15 29 13 4 36 28 31 26 29 33 19 10 28 15 36 38 5 11 26 31 24 12 22 25 14 16 10 26 28 39 21 12 15 1 10 13 24 26 34 5 19 35 5 33 16 24 22 15 35 46 21 12 14 9 14 36 41 21 0 22 19 11 19 34 9 14 30 15 10 25 35 34 34 30 32 40 29 25 30 23 33 38 18 25 11 8 32 23 11 32 28 12 17 5 18 14 21 33 26 9 14 9 11 26 19 37 27 25 12 7 32 7 20 13 4 31 36 33 9 6 7 19 37 10 31 46 26 15 14 8 33 17 42 32 5 30 29 9 35 38 10 35 4 37 25
21 12 22 13 17 12 31 24 35 22 49 42 31 32 49 40 4 27 13 24 44 20 27 29 34 33 4 11 22 45 36 30 32 28 18 36 34 21 8 22 30 19 44 42 48 20 33 49 24 47 28 21 36 31 49 48 25 15 25 18 27 41 39 2 22 0 5 11 18 48 31 8 27 36 28 39 30 16 25 34 18 40 29 7 10 33 23 32 34 43 10 30 21 16 18 30 8 34 37 25 4 19 29 45 9 16 34 31 21 38 26 19 17 45 21 28 46 14 3 23 25 17 45 47 28 21 18 38 17 26 45 48 10 17 36 20 35 14 43 45 23 24 47 17 49 39 32 23 18 27 5
20 16 25 12 22 8 30 27 32 20 50 43 34 33 47 41 1 22 17 25 45 25 24 25 35 35 9 7 24 43 33 31 29 30 21 39 35 16 8 19 27 14 42 41 49 18 34 50 21 48 23 24 37 30 50 50 26 10 20 14 28 43 42 5 19 5 0 9 19 49 28 5 30 34 26 40 33 21 28 36 22 43 32 11 15 34 26 35 33 42 7 27 25 19 13 33 13 31 35 21 2 20 30 46 13 12 32 28 21 39 27 24 20 43 22 25 47 11 6 24 22 21 46 48 24 17 14 36 22 25 46 50 14 18 33 19 37 15 46 46 19 27 46 13 50 42 29 27 15 31 10
11 17 21 3 26 6 21 23 24 11 41 34 28 25 38 33 8 19 18 16 37 28 16 21 26 29 13 5 18 34 25 22 21 24 19 36 26 13 4 10 20 13 33 32 40 9 25 41 15 39 20 18 28 21 41 44 18 9 17 10 19 35 37 10 11 11 9 0 13 40 19 4 25 25 17 31 29 24 26 28 22 37 26 14 19 25 24 32 24 33 2 18 23 15 10 28 17 22 26 15 8 11 21 37 16 8 23 19 12 30 18 27 18 34 13 18 38 5 9 15 13 21 37 39 19 13 10 27 26 16 37 43 16 10 24 10 30 9 39 37 14 23 37 9 41 35 20 26 7 29 14
13 12 9 11 24 19 16 10 30 16 31 26 15 14 36 22 18 29 11 8 26 21 24 30 16 16 16 18 5 34 30 15 29 11 9 22 17 26 11 18 29 25 34 27 32 14 17 34 24 32 33 5 21 16 33 31 7 22 29 21 13 24 24 16 19 18 19 13 0 31 27 15 12 26 18 21 16 18 15 17 13 24 13 13 20 15 14 19 21 30 15 24 13 4 23 15 18 28 26 24 17 5 11 27 13 20 25 25 8 20 8 20 8 34 7 26 28 16 15 9 19 12 27 31 28 23 21 26 23 14 28 31 12 4 29 11 18 4 27 27 23 11 33 21 31 23 25 16 15 18 16
29 42 32 37 52 45 19 31 31 30 6 6 27 19 18 17 48 43 41 24 16 46 34 41 17 24 47 45 29 21 30 18 33 24 36 31 14 46 41 33 36 47 22 11 5 32 15 8 38 6 50 30 12 19 3 28 25 46 48 43 21 19 29 46 34 48 49 40 31 0 32 44 28 24 24 10 32 46 35 22 39 28 25 44 51 16 36 34 17 16 42 29 36 34 45 28 49 29 21 37 47 29 20 11 43 43 23 30 28 12 23 46 36 21 27 34 6 40 45 25 30 38 15 4 40 40 41 19 52 24 3 27 42 31 28 30 24 34 29 9 38 32 14 43 2 26 28 37 35 36 47
14 35 36 18 45 21 16 37 4 11 36 26 37 30 24 36 28 12 36 21 38 46 4 9 29 36 32 21 30 19 5 18 2 32 36 45 23 17 23 9 4 18 17 21 29 13 21 30 8 28 19 32 20 16 31 49 27 19 18 15 18 39 46 29 9 31 28 19 27 32 0 23 37 9 9 27 42 42 42 34 40 45 35 33 38 26 41 45 15 20 20 3 40 31 16 38 36 4 12 7 27 22 25 35 34 16 9 2 19 28 25 45 35 19 20 3 33 16 28 19 8 39 38 29 9 11 14 14 45 13 29 49 34 23 6 16 38 25 47 34 9 38 24 16 33 43 4 43 12 45 33
15 16 22 7 24 5 25 24 27 15 45 38 31 29 42 37 5 20 17 20 41 27 19 22 30 32 11 4 20 38 28 26 24 26 20 37 30 14 4 14 22 12 37 36 44 12 29 45 16 43 21 20 32 25 45 46 21 8 18 11 23 38 39 7 14 8 5 4 15 44 23 0 27 28 20 35 30 23 27 31 22 39 28 13 17 29 25 33 28 36 2 22 24 16 11 30 15 26 29 17 4 15 25 41 15 9 26 23 16 34 22 26 19 37 17 20 42 6 7 19 17 22 41 43 20 14 11 30 24 20 41 46 15 13 28 14 33 11 42 41 15 24 40 10 45 38 24 27 10 30 12
23 17 6 23 26 31 23 4 40 26 26 25 4 9 41 14 29 41 16 16 18 19 34 41 11 7 24 30 8 40 40 21 39 5 10 10 18 38 23 29 39 37 41 30 30 25 19 33 35 31 45 7 24 23 30 21 10 34 41 33 20 15 12 25 30 27 30 25 12 28 37 27 0 36 28 18 5 20 7 8 12 13 3 21 27 14 8 8 28 35 27 34 9 11 35 3 26 38 34 35 28 16 12 20 19 32 34 35 18 16 12 19 11 40 17 36 24 28 24 18 29 12 19 29 39 35 33 33 26 24 25 21 18 16 39 21 9 16 16 21 35 4 36 33 28 12 35 9 27 8 24
15 38 35 23 49 27 13 36 7 14 28 19 36 28 15 32 33 21 38 20 33 48 12 18 26 34 37 27 29 10 6 15 9 31 36 44 19 26 28 15 13 27 9 13 21 16 17 21 17 20 28 31 13 13 23 45 26 27 27 23 16 35 44 34 15 36 34 25 26 24 9 28 36 0 8 21 41 44 41 32 39 43 34 37 43 23 40 44 8 11 26 7 39 30 25 37 41 5 3 16 32 21 24 29 37 24 2 7 18 23 24 46 34 10 19 12 26 22 33 18 12 38 32 21 18 20 21 5 48 12 21 44 37 23 4 17 36 26 44 28 18 37 15 23 25 41 5 42 18 44 38
7 29 27 15 40 21 7 28 12 6 27 18 28 21 21 27 25 19 29 12 29 39 10 18 20 26 29 21 21 18 12 9 11 23 27 36 14 22 20 9 13 23 17 16 24 8 12 25 14 23 25 23 12 7 25 40 18 22 23 19 8 30 36 26 10 28 26 17 18 24 9 20 28 8 0 18 33 36 33 25 31 35 26 29 35 17 32 36 8 16 18 6 31 22 21 29 33 10 9 13 24 13 16 26 29 19 7 7 10 19 16 38 26 18 11 11 25 16 25 10 6 30 29 23 17 16 17 10 40 4 21 40 28 15 11 9 28 18 37 25 14 29 20 19 25 33 7 34 11 36 30
20 32 22 28 42 36 11 21 28 21 10 6 17 9 23 11 39 36 31 15 12 36 27 35 7 15 37 36 18 24 27 9 29 14 26 24 5 37 32 24 31 38 25 13 12 23 6 15 30 13 42 20 8 11 12 24 14 37 39 34 12 14 24 37 25 39 40 31 21 10 27 35 18 21 18 0 22 36 25 12 29 23 15 34 40 6 26 25 13 19 33 24 26 23 36 18 39 26 19 30 38 20 10 8 32 34 20 25 19 2 13 36 26 24 18 29 7 31 36 16 22 28 11 11 34 31 32 17 42 15 7 23 31 22 25 21 16 25 24 7 30 22 19 34 10 21 24 27 26 26 37
28 19 8 27 27 35 28 7 45 31 28 29 5 13 45 15 32 45 18 21 19 19 39 46 15 8 26 34 13 45 45 26 44 10 12 6 22 42 26 34 44 41 46 34 34 30 24 37 40 35 49 11 29 28 34 19 15 37 45 37 25 15 9 28 35 30 33 29 16 32 42 30 5 41 33 22 0 21 6 10 13 10 7 23 28 18 8 3 33 40 31 39 10 14 39 4 27 43 39 40 31 21 17 22 21 36 39 40 23 20 17 19 13 45 22 41 26 32 27 23 34 13 20 33 44 39 37 38 27 29 29 20 20 20 44 26 9 20 13 23 39 6 40 37 31 11 40 8 31 5 26
30 7 14 24 6 28 35 16 46 32 45 43 24 27 55 34 20 43 7 26 38 4 39 45 29 27 12 27 19 52 46 33 44 22 11 27 34 37 20 33 44 35 52 45 48 30 34 51 39 49 44 17 39 34 48 40 23 31 41 34 31 35 30 16 34 16 21 24 18 46 42 23 20 44 36 36 21 0 15 28 8 31 23 10 9 31 13 22 39 48 25 40 11 14 34 23 10 44 44 39 20 23 27 39 8 32 43 41 26 34 25 3 11 52 25 41 42 29 16 27 35 8 39 47 43 37 34 44 6 32 43 41 8 21 46 27 29 18 34 40 38 16 51 33 46 32 41 13 30 17 11
28 13 6 25 21 31 28 5 45 31 33 32 9 16 47 19 27 44 12 21 23 13 39 45 18 12 21 31 12 46 45 26 44 12 7 12 25 40 23 33 44 38 46 37 37 29 26 40 39 38 47 10 31 28 37 25 15 34 43 35 25 20 15 23 34 25 28 26 15 35 42 27 7 41 33 25 6 15 0 14 7 16 10 17 22 21 2 7 33 42 28 39 4 12 36 8 21 43 39 39 27 20 18 26 15 34 39 40 23 23 17 13 8 46 22 41 30 30 23 23 34 7 24 36 43 38 35 38 21 29 32 26 14 19 44 26 14 18 19 27 38 4 43 35 35 17 40 2 30 3 20
23 25 14 25 34 33 19 12 37 26 18 18 5 4 35 6 35 41 24 15 10 27 33 41 6 2 32 33 12 36 37 17 36 6 18 12 13 40 28 29 38 39 37 25 24 25 15 27 35 25 46 13 20 19 24 16 10 36 43 35 17 7 12 32 30 34 36 28 17 22 34 31 8 32 25 12 10 28 14 0 20 11 5 29 35 9 16 13 24 31 30 31 17 18 37 6 34 35 30 35 34 17 9 12 27 34 30 32 19 10 11 27 19 36 18 35 16 30 31 17 28 20 11 23 39 36 35 29 34 21 19 16 26 18 35 22 4 21 12 13 35 12 31 35 21 9 32 16 28 15 32
26 6 7 22 14 27 28 8 43 29 38 36 16 20 48 26 21 41 5 21 30 8 37 43 22 19 14 26 12 46 43 27 42 15 4 19 27 35 19 31 42 34 46 39 41 27 27 44 37 42 42 10 32 28 41 32 16 30 39 32 25 27 22 17 32 18 22 22 13 39 40 22 12 39 31 29 13 8 7 20 0 23 15 10 15 24 5 14 33 42 24 37 3 9 32 15 15 41 39 37 20 18 20 32 8 30 38 38 21 27 18 7 5 46 20 39 35 27 16 22 32 1 31 40 41 35 32 38 14 27 36 33 7 17 42 24 21 15 26 33 36 8 44 31 39 24 38 5 28 9 13
33 29 18 35 37 43 30 16 47 36 23 29 9 15 46 12 42 51 28 25 13 29 44 51 17 9 36 43 19 47 47 28 47 14 22 4 24 49 35 39 49 48 48 36 33 35 26 36 45 34 56 19 31 30 31 9 19 45 52 44 27 9 1 38 40 40 43 37 24 28 45 39 13 43 35 23 10 31 16 11 23 0 11 33 38 20 18 9 35 42 39 41 20 24 46 10 37 45 41 45 41 26 19 17 31 43 41 42 28 21 21 29 23 47 27 46 22 39 37 27 39 23 14 32 49 46 44 40 37 32 28 10 30 27 46 31 7 28 3 19 45 16 42 44 26 2 42 18 37 14 36
22 20 9 23 29 31 21 7 38 25 23 22 2 6 38 11 31 39 19 14 15 22 33 40 8 4 27 31 8 38 38 19 37 3 13 10 15 38 24 28 38 37 39 27 27 24 17 30 34 28 45 8 22 21 27 19 8 34 41 33 18 12 12 27 29 29 32 26 13 25 35 28 3 34 26 15 7 23 10 5 15 11 0 24 30 11 11 10 26 33 28 32 12 13 35 3 29 36 32 34 30 15 10 17 22 32 32 33 17 13 10 22 14 38 16 35 21 28 26 16 28 15 16 26 38 35 33 31 29 22 22 19 21 16 37 20 6 17 14 18 34 7 33 33 25 11 33 12 26 11 27
22 4 15 15 12 18 29 17 37 23 44 39 25 27 49 35 10 33 5 21 39 14 30 35 29 28 3 17 17 46 37 28 35 23 11 29 30 27 10 24 34 25 45 40 45 21 30 47 29 45 34 16 34 29 46 41 20 21 31 24 26 36 32 6 25 7 11 14 13 44 33 13 21 37 29 34 23 10 17 29 10 33 24 0 7 28 15 24 34 43 15 31 13 11 24 24 5 35 38 29 10 16 24 40 2 22 35 32 19 33 21 13 10 46 18 32 41 19 6 20 26 10 40 44 33 27 24 38 12 25 41 42 3 14 37 20 30 11 36 40 28 17 46 23 44 33 33 15 21 19 3
29 10 21 20 7 22 36 23 42 29 50 46 31 33 56 41 14 37 11 28 45 13 35 39 35 34 6 21 23 52 43 35 40 29 17 34 37 31 15 29 39 29 51 47 52 27 37 54 33 52 38 22 41 36 53 47 26 25 35 28 33 42 37 10 30 10 15 19 20 51 38 17 27 43 35 40 28 9 22 35 15 38 30 7 0 34 20 29 41 50 19 37 18 17 28 30 2 41 44 34 14 23 30 46 8 26 41 38 26 39 28 12 16 52 25 37 47 23 10 27 32 15 46 51 37 31 28 45 7 32 47 48 9 21 43 26 36 18 41 46 32 23 53 27 50 39 39 20 26 24 5
17 25 17 22 37 30 10 16 28 19 16 12 13 5 27 10 33 34 24 9 13 31 26 34 3 11 31 30 12 27 28 8 28 9 20 21 4 35 26 22 30 35 28 17 18 19 6 21 28 19 40 14 11 10 18 23 8 32 37 30 9 13 21 31 23 33 34 25 15 16 26 29 14 23 17 6 18 31 21 9 24 20 11 28 34 0 21 21 15 22 27 23 21 17 32 14 33 26 21 28 32 14 4 12 26 30 21 24 13 5 7 31 20 27 12 28 13 26 30 11 21 23 13 17 32 29 29 20 36 14 13 23 25 16 26 16 13 19 21 12 28 17 23 30 16 18 23 22 22 22 31
27 11 5 23 19 29 27 5 44 30 34 32 11 17 47 21 25 42 10 20 25 12 38 44 19 14 19 29 11 45 44 26 43 12 5 14 25 38 21 32 43 36 45 37 38 28 26 41 38 39 45 9 31 27 38 27 15 32 41 33 24 22 17 21 33 23 26 24 14 36 41 25 8 40 32 26 8 13 2 16 5 18 11 15 20 21 0 9 32 41 26 38 2 10 34 10 19 42 38 38 25 19 18 28 13 32 38 39 22 24 17 11 6 45 21 40 32 28 21 22 33 5 26 37 42 36 33 37 19 28 33 28 12 18 43 25 16 16 21 29 37 4 43 33 36 19 39 2 29 5 18
31 20 11 30 28 38 31 10 48 34 30 31 8 16 47 17 34 48 19 24 20 20 42 49 18 11 28 37 16 48 48 29 47 13 14 5 25 45 29 37 47 44 49 37 37 33 27 40 43 38 52 14 32 31 37 18 18 40 48 40 28 16 8 30 38 32 35 32 19 34 45 33 8 44 36 25 3 22 7 13 14 9 10 24 29 21 9 0 36 43 34 42 11 17 42 7 28 46 42 43 34 24 20 24 22 39 42 43 26 23 20 20 15 48 25 44 28 35 30 26 37 14 21 36 47 42 40 41 28 32 32 19 21 23 47 29 10 23 12 25 42 9 43 40 33 10 43 9 34 5 27
13 33 28 21 45 29 5 28 15 14 20 11 28 20 14 24 32 26 32 13 25 42 17 24 18 26 35 29 21 13 14 7 16 23 29 36 11 30 26 17 19 31 13 8 16 16 9 17 21 15 33 23 5 5 17 37 18 30 31 27 8 27 36 32 18 34 33 24 21 17 15 28 28 8 8 13 33 39 33 24 33 35 26 34 41 15 32 36 0 9 26 12 31 25 29 29 39 13 6 20 31 16 16 21 32 27 7 13 15 15 16 40 29 13 14 17 18 24 31 12 14 32 24 15 23 24 25 5 43 8 14 36 32 18 12 14 28 21 36 20 22 29 13 27 18 33 11 34 19 36 34
22 42 37 30 54 37 14 37 17 22 22 13 35 27 5 30 41 32 41 22 30 51 23 29 25 33 44 37 30 5 16 16 20 30 38 43 18 37 35 24 24 38 6 6 12 24 16 11 28 11 39 32 11 14 14 42 27 37 38 34 17 33 43 41 25 43 42 33 30 16 20 36 35 11 16 19 40 48 42 31 42 42 33 43 50 22 41 43 9 0 34 18 40 34 36 36 48 16 8 27 40 25 24 25 41 34 11 18 24 21 25 49 38 5 23 23 21 32 40 21 21 41 29 12 29 31 32 6 52 17 15 41 41 27 14 23 35 30 43 23 29 38 4 34 18 40 16 43 27 43 43
13 18 23 5 26 4 23 25 25 12 43 36 30 27 39 35 7 18 19 18 39 29 16 20 28 31 13 3 20 35 25 24 21 26 21 37 28 12 5 11 20 11 34 34 42 10 27 43 14 41 19 20 30 23 43 46 20 7 16 9 21 37 39 9 11 10 7 2 15 42 20 2 27 26 18 33 31 25 28 30 24 39 28 15 19 27 26 34 26 34 0 19 25 17 9 30 17 23 27 14 6 13 23 39 17 7 24 20 14 32 20 28 20 35 15 18 40 4 9 17 14 23 39 41 18 12 9 28 26 18 39 45 17 12 25 12 32 11 41 39 13 25 38 8 43 37 21 28 8 31 14
11 33 33 17 44 20 13 34 6 8 32 23 34 27 22 33 27 14 33 18 35 43 5 12 26 32 31 20 27 17 6 15 5 29 33 42 20 19 22 8 7 20 16 19 27 10 18 28 10 26 21 29 17 13 29 46 24 19 20 16 14 36 42 28 8 30 27 18 24 29 3 22 34 7 6 24 39 40 39 31 37 41 32 31 37 23 38 42 12 18 19 0 37 28 18 35 35 4 10 9 25 19 22 32 32 16 7 1 16 25 22 42 32 17 17 5 30 15 27 16 5 36 35 27 11 13 14 12 43 10 26 46 32 20 6 13 34 22 43 31 11 35 22 16 30 39 2 40 11 42 32
26 9 5 22 17 28 26 5 43 29 35 33 13 17 46 23 24 41 8 19 27 10 37 43 19 16 17 28 10 44 43 25 42 12 4 16 25 36 20 31 42 35 44 37 38 27 25 41 37 39 43 8 30 26 38 29 14 31 40 32 23 24 19 20 32 21 25 23 13 36 40 24 9 39 31 26 10 11 4 17 3 20 12 13 18 21 2 11 31 40 25 37 0 9 33 12 17 41 37 37 23 18 18 29 11 31 37 38 21 24 16 10 5 44 20 39 32 27 19 21 32 3 28 37 41 35 32 36 17 27 33 30 10 17 42 24 18 15 23 30 36 5 42 32 36 21 38 3 28 7 16
17 8 6 13 19 20 20 8 34 20 33 29 15 16 40 24 18 32 7 12 28 17 28 34 18 17 14 20 6 38 34 19 33 12 5 21 20 28 12 22 33 27 38 31 35 18 20 38 28 36 35 5 25 20 36 32 9 23 31 23 17 25 23 14 23 16 19 15 4 34 31 16 11 30 22 23 14 14 12 18 9 24 13 11 17 17 10 17 25 34 17 28 9 0 25 14 16 32 30 28 17 9 13 29 9 22 29 29 12 22 11 16 4 38 11 30 30 18 13 13 23 8 29 34 32 26 23 30 19 18 30 32 8 8 33 15 19 6 27 29 27 8 37 23 33 23 29 12 19 15 14
16 27 31 12 35 6 26 33 21 15 46 39 38 34 40 42 14 9 28 23 45 38 13 12 34 39 22 7 27 35 22 27 18 33 30 45 31 3 14 12 14 2 34 37 45 13 30 46 8 44 10 28 33 26 46 53 27 3 7 2 24 44 46 18 11 18 13 10 23 45 16 11 35 25 21 36 39 34 36 37 32 46 35 24 28 32 34 42 29 36 9 18 33 25 0 37 26 20 28 9 14 20 29 44 26 2 25 18 19 36 27 37 28 35 20 13 43 6 18 21 15 31 45 44 11 5 4 30 35 21 42 52 26 19 22 16 39 19 48 43 7 33 40 2 46 44 20 36 10 39 23
25 20 9 25 29 33 24 7 41 28 24 25 1 9 41 11 32 42 19 17 15 21 36 43 11 4 27 33 10 41 41 22 40 6 13 8 18 40 26 31 41 39 42 30 30 27 20 33 37 31 47 10 25 24 30 17 11 36 43 35 21 12 9 28 32 30 33 28 15 28 38 30 3 37 29 18 4 23 8 6 15 10 3 24 30 14 10 7 29 36 30 35 12 14 37 0 29 39 35 37 31 18 13 18 22 34 35 36 20 16 13 21 14 41 19 38 22 30 27 19 31 15 16 29 41 38 35 34 29 25 25 18 21 18 40 23 6 19 12 19 37 7 36 35 27 9 36 10 29 9 27
26 9 20 18 9 20 34 22 40 27 49 44 30 32 54 40 12 35 10 26 44 14 33 37 34 33 4 19 22 50 41 33 38 28 16 33 35 29 13 27 37 27 49 45 50 25 35 52 31 50 36 21 39 34 51 46 25 23 33 26 31 41 36 8 28 8 13 17 18 49 36 15 26 41 33 39 27 10 21 34 15 37 29 5 2 33 19 28 39 48 17 35 17 16 26 29 0 39 42 31 12 21 29 45 7 24 39 36 24 38 26 13 15 50 23 35 46 21 8 25 30 14 45 49 35 29 26 43 9 30 46 47 8 19 41 24 35 16 40 45 30 22 51 25 49 38 37 20 24 24 3
15 37 37 21 48 24 16 38 2 12 33 24 38 31 20 36 31 16 37 22 38 47 8 13 29 36 35 24 31 15 2 18 4 33 37 46 23 21 26 12 8 22 13 18 26 14 21 26 12 25 23 33 18 16 28 49 28 23 22 19 18 39 46 32 12 34 31 22 28 29 4 26 38 5 10 26 43 44 43 35 41 45 36 35 41 26 42 46 13 16 23 4 41 32 20 39 39 0 8 11 29 23 26 34 36 20 6 3 20 28 26 46 36 15 21 7 31 19 31 20 9 40 37 26 13 15 18 10 47 14 26 49 36 24 2 17 38 26 47 33 13 39 20 20 30 43 3 44 15 46 36
16 38 33 24 49 29 11 34 10 15 25 16 34 26 13 30 34 24 38 19 31 47 15 21 24 32 38 29 27 9 9 13 12 29 35 42 17 29 29 16 16 30 8 10 18 17 15 18 20 17 31 29 11 11 20 43 24 29 30 26 14 33 42 35 17 37 35 26 26 21 12 29 34 3 9 19 39 44 39 30 39 41 32 38 44 21 38 42 6 8 27 10 37 30 28 35 42 8 0 19 33 21 22 27 37 26 3 10 19 21 22 46 34 9 19 15 24 24 34 17 13 38 30 18 21 23 24 2 48 12 18 42 37 23 7 18 34 26 42 26 21 35 12 26 22 39 8 40 19 42 39
12 32 33 15 41 13 19 34 11 9 40 31 36 31 31 38 21 6 33 20 41 43 4 6 31 36 28 14 27 26 12 21 8 31 33 44 26 10 19 6 5 11 24 28 36 10 24 37 1 35 13 29 25 19 37 51 26 12 11 8 19 41 46 24 5 25 21 15 24 37 7 17 35 16 13 30 40 39 39 35 37 45 34 29 34 28 38 43 20 27 14 9 37 28 9 37 31 11 19 0 20 19 26 38 31 9 16 9 16 31 24 42 32 26 17 4 37 10 23 18 7 36 41 35 4 4 7 21 40 14 34 51 31 20 13 13 38 22 47 37 2 35 31 9 38 43 11 40 9 42 28
18 14 23 10 21 8 28 25 31 19 48 41 32 31 46 39 1 23 15 23 43 24 23 25 33 33 8 7 22 42 32 29 28 28 20 38 33 17 6 18 26 15 41 39 47 16 32 48 20 46 24 22 35 28 48 48 24 11 21 14 26 41 40 4 18 4 2 8 17 47 27 4 28 32 24 38 31 20 27 34 20 41 30 10 14 32 25 34 31 40 6 25 23 17 14 31 12 29 33 20 0 18 28 44 12 12 30 26 19 37 25 23 19 41 20 24 45 10 4 22 20 20 44 46 24 17 14 34 21 23 44 48 13 16 31 17 35 13 43 44 19 25 44 13 48 40 27 25 14 29 9
8 16 14 8 27 16 12 15 25 11 30 23 17 14 32 22 19 24 16 5 26 26 19 25 15 17 18 16 8 30 25 11 24 12 14 25 15 23 12 13 24 22 30 23 29 9 14 30 19 28 30 10 17 12 30 32 7 19 26 18 8 24 27 17 14 19 20 11 5 29 22 15 16 21 13 20 21 23 20 17 18 26 15 16 23 14 19 24 16 25 13 19 18 9 20 18 21 23 21 19 18 0 10 26 16 17 20 20 3 19 7 25 13 29 2 21 27 13 16 4 14 17 26 28 23 19 18 21 27 9 26 32 15 2 24 6 19 5 28 26 19 16 29 18 30 24 20 21 11 23 18
14 21 14 18 33 26 11 13 28 17 20 16 12 5 29 12 29 32 20 6 16 28 25 32 5 10 27 26 8 29 28 9 27 7 16 20 7 32 22 20 29 32 29 19 22 16 8 25 26 23 37 10 13 11 22 25 4 29 35 27 8 15 20 27 21 29 30 21 11 20 25 25 12 24 16 10 17 27 18 9 20 19 10 24 30 4 18 20 16 24 23 22 18 13 29 13 29 26 22 26 28 10 0 16 22 27 22 23 10 9 3 27 16 29 9 27 17 23 26 8 20 19 16 21 30 27 26 21 32 13 17 25 21 12 27 13 12 15 21 16 26 14 25 27 20 17 23 19 19 20 27
28 36 25 34 45 42 19 24 36 29 6 12 17 13 29 7 45 44 35 21 5 39 35 43 11 14 43 42 23 30 35 17 37 17 29 20 13 45 38 32 39 46 31 19 16 31 14 19 38 17 50 24 16 19 14 17 20 44 47 42 20 8 18 43 33 45 46 37 27 11 35 41 20 29 26 8 22 39 26 12 32 17 17 40 46 12 28 24 21 25 39 32 29 29 44 18 45 34 27 38 44 26 16 0 38 42 28 33 25 8 19 39 30 30 24 37 5 38 42 23 30 31 4 15 42 39 40 25 45 23 11 16 37 28 33 28 14 31 18 2 38 24 25 42 9 15 32 28 34 27 43
23 2 13 16 11 20 28 15 38 24 42 38 23 25 48 33 12 35 3 21 37 12 31 37 27 26 5 19 15 46 38 27 36 21 9 27 29 29 12 25 36 27 46 39 44 22 29 46 31 44 36 14 33 28 45 39 18 23 33 26 24 34 30 8 26 9 13 16 13 43 34 15 19 37 29 32 21 8 15 27 8 31 22 2 8 26 13 22 32 41 17 32 11 9 26 22 7 36 37 31 12 16 22 38 0 24 36 33 19 31 20 11 8 45 18 33 39 21 8 20 27 8 38 43 35 29 26 37 11 25 39 40 1 14 38 20 28 11 34 38 30 15 45 25 42 31 34 13 22 17 5
14 25 29 9 33 4 24 30 20 13 44 37 35 31 38 39 12 11 26 21 43 36 12 13 32 35 20 5 24 34 21 25 17 30 27 42 29 5 12 10 14 4 33 35 43 11 28 44 8 42 12 25 31 24 44 50 24 3 9 2 22 41 43 16 9 16 12 8 20 43 16 9 32 24 19 34 36 32 34 34 30 43 32 22 26 30 32 39 27 34 7 16 31 22 2 34 24 20 26 9 12 17 27 42 24 0 23 17 17 34 24 35 26 33 18 13 41 4 16 19 13 29 43 42 11 5 2 28 33 19 40 49 24 16 22 14 36 16 45 41 7 30 38 1 44 41 18 34 8 37 21
14 36 33 21 47 26 11 34 8 12 27 18 34 26 15 30 32 21 36 18 32 46 12 18 24 32 35 26 27 11 7 13 10 29 34 42 17 26 26 14 13 27 10 13 21 14 15 21 17 20 28 29 12 11 23 43 24 26 27 23 14 33 42 32 14 34 32 23 25 23 9 26 34 2 7 20 39 43 39 30 38 41 32 35 41 21 38 42 7 11 24 7 37 29 25 35 39 6 3 16 30 20 22 28 36 23 0 7 17 22 22 45 33 11 17 12 25 21 31 16 11 37 31 21 18 20 21 5 47 10 21 43 35 22 5 16 34 25 42 27 18 35 15 23 25 39 5 40 17 42 36
12 34 34 18 45 21 14 35 5 9 33 24 35 28 22 34 28 14 34 19 36 44 5 11 27 33 32 21 28 17 5 16 4 30 34 43 21 19 23 9 6 20 16 19 27 11 19 28 10 26 21 30 18 14 29 47 25 20 20 17 15 37 43 29 9 31 28 19 25 30 2 23 35 7 7 25 40 41 40 32 38 42 33 32 38 24 39 43 13 18 20 1 38 29 18 36 36 3 10 9 26 20 23 33 33 17 7 0 17 26 23 43 33 17 18 5 31 16 28 17 6 37 36 27 11 13 15 12 44 11 27 47 33 21 5 14 35 23 44 32 11 36 22 17 31 40 2 41 12 43 33
5 19 17 9 30 17 10 18 22 8 29 22 19 15 29 22 20 22 19 4 26 29 16 23 15 19 21 17 11 27 22 10 21 14 17 27 14 22 13 10 21 21 27 22 28 6 13 29 16 27 27 13 16 10 29 34 9 19 25 17 7 25 29 19 11 21 21 12 8 28 19 16 18 18 10 19 23 26 23 19 21 28 17 19 26 13 22 26 15 24 14 16 21 12 19 20 24 20 19 16 19 3 10 25 19 17 17 17 0 18 8 28 16 27 1 18 26 13 18 3 11 20 26 27 20 17 16 19 30 7 25 34 18 5 21 3 21 8 30 25 16 19 28 17 29 26 17 24 9 26 21
20 30 20 27 40 35 12 19 30 22 11 8 15 7 25 9 38 37 29 14 10 34 28 36 5 12 36 35 17 26 29 10 30 12 24 22 5 38 31 25 32 38 27 15 14 23 7 17 31 15 43 18 10 12 14 22 13 37 40 34 12 12 22 36 26 38 39 30 20 12 28 34 16 23 19 2 20 34 23 10 27 21 13 33 39 5 24 23 15 21 32 25 24 22 36 16 38 28 21 31 37 19 9 8 31 34 22 26 18 0 12 34 24 26 17 30 8 31 35 15 23 26 10 13 35 32 33 19 40 16 9 21 30 21 27 20 14 24 22 7 31 20 21 34 12 19 25 25 26 24 36
12 19 12 15 30 23 11 12 28 15 23 18 12 7 30 15 26 30 18 4 19 26 23 30 8 12 24 23 6 29 28 9 27 7 14 20 9 30 19 18 28 29 29 20 24 14 9 27 24 25 35 8 14 11 25 27 2 26 33 25 8 17 22 24 19 26 27 18 8 23 25 22 12 24 16 13 17 25 17 11 18 21 10 21 28 7 17 20 16 25 20 22 16 11 27 13 26 26 22 24 25 7 3 19 20 24 22 23 8 12 0 25 14 29 7 25 20 20 23 6 18 17 19 23 28 25 24 21 30 12 20 27 19 9 27 11 14 12 23 19 24 13 26 25 23 19 23 18 17 20 24
32 10 14 27 8 31 35 15 48 34 45 43 22 27 55 32 23 46 9 28 36 1 42 48 29 25 15 30 19 53 48 34 47 22 11 25 34 40 23 36 47 38 53 46 48 32 34 51 42 49 47 17 39 35 48 38 23 34 44 37 32 33 28 19 37 19 24 27 20 46 45 26 19 46 38 36 19 3 13 27 7 29 22 13 12 31 11 20 40 49 28 42 10 16 37 21 13 46 46 42 23 25 27 39 11 35 45 43 28 34 25 0 12 53 27 44 42 32 19 29 37 8 37 47 46 40 37 45 8 34 43 39 11 23 48 29 27 20 32 40 41 15 51 36 46 30 43 11 33 15 14
21 6 5 17 17 23 24 7 38 24 34 32 15 17 44 25 19 36 5 16 29 13 32 38 19 18 13 23 8 42 38 23 37 13 1 19 23 31 15 26 37 30 42 34 38 22 23 41 32 39 38 6 28 24 38 31 12 26 35 27 21 26 22 15 27 17 20 18 8 36 35 19 11 34 26 26 13 11 8 19 5 23 14 10 16 20 6 15 29 38 20 32 5 4 28 14 15 36 34 32 19 13 16 30 8 26 33 33 16 24 14 12 0 42 15 34 32 22 15 17 27 4 30 37 36 30 27 34 17 22 33 32 7 12 37 19 20 10 26 30 31 7 40 27 36 23 33 8 23 11 13
25 46 41 32 58 37 18 41 16 23 27 18 40 32 5 35 43 31 45 26 35 55 22 28 30 38 46 37 34 0 15 20 19 35 42 48 23 36 37 25 23 37 2 11 16 25 21 15 27 15 38 36 16 18 18 47 31 37 37 33 21 38 48 43 25 45 43 34 34 21 19 37 40 10 18 24 45 52 46 36 46 47 38 46 52 27 45 48 13 5 35 17 44 38 35 41 50 15 9 26 41 29 29 30 45 33 11 17 27 26 29 53 42 0 27 22 26 32 42 25 22 45 34 17 28 30 31 8 56 20 20 46 44 31 13 26 40 34 48 28 28 42 7 33 23 45 15 47 28 48 47
6 18 16 10 29 18 9 17 23 9 28 21 18 14 29 21 21 23 18 3 25 28 17 24 14 18 20 18 10 27 23 9 22 13 16 26 13 23 14 11 22 22 27 21 27 7 12 28 17 26 28 12 15 9 28 33 8 20 26 18 6 24 28 19 12 21 22 13 7 27 20 17 17 19 11 18 22 25 22 18 20 27 16 18 25 12 21 25 14 23 15 17 20 11 20 19 23 21 19 17 20 2 9 24 18 18 17 18 1 17 7 27 15 27 0 19 25 14 18 2 12 19 25 26 21 18 17 19 29 7 24 33 17 4 22 4 20 7 29 24 17 18 27 18 28 25 18 23 10 25 20
13 34 35 17 44 17 18 36 7 10 37 28 37 31 27 38 25 9 35 21 40 45 2 7 31 37 31 18 29 22 8 20 4 32 35 45 25 14 22 8 3 15 20 24 32 12 23 33 5 31 16 31 22 18 34 51 27 16 15 12 19 41 47 27 7 28 25 18 26 34 3 20 36 12 11 29 41 41 41 35 39 46 35 32 37 28 40 44 17 23 18 5 39 30 13 38 35 7 15 4 24 21 27 37 33 13 12 5 18 30 25 44 34 22 19 0 35 14 27 19 7 38 40 32 6 8 11 17 44 14 31 51 33 22 9 15 39 24 47 36 6 37 27 13 35 44 7 42 11 44 32
27 38 28 35 48 43 18 27 33 28 3 8 21 15 24 11 46 43 37 22 10 42 34 42 13 18 44 43 25 26 32 16 35 20 32 25 12 44 39 31 38 45 27 15 11 30 13 14 37 12 49 26 13 18 9 22 21 44 46 41 19 13 23 44 32 46 47 38 28 6 33 42 24 26 25 7 26 42 30 16 35 22 21 41 47 13 32 28 18 21 40 30 32 30 43 22 46 31 24 37 45 27 17 5 39 41 25 31 26 8 20 42 32 26 25 35 0 38 43 23 29 34 9 10 41 38 39 22 48 22 6 21 38 29 30 28 18 32 23 3 37 28 20 41 5 20 29 32 33 31 44
11 22 24 5 30 5 21 26 20 10 41 34 31 27 36 35 11 14 23 17 39 33 12 16 28 31 17 5 20 32 21 22 17 26 23 38 26 9 9 8 15 8 31 32 40 8 25 41 10 39 16 21 28 21 41 46 20 6 13 5 19 37 39 13 7 14 11 5 16 40 16 6 28 22 16 31 32 29 30 30 27 39 28 19 23 26 28 35 24 32 4 15 27 18 6 30 21 19 24 10 10 13 23 38 21 4 21 16 13 31 20 32 22 32 14 14 38 0 13 15 11 26 39 39 14 8 5 26 30 16 37 45 21 12 21 10 32 12 41 37 9 26 36 5 41 37 17 30 5 33 18
18 10 19 10 17 12 27 21 32 19 46 39 28 29 46 37 5 27 11 21 41 20 25 29 31 30 4 11 19 42 33 27 30 25 16 34 31 21 5 19 28 19 41 39 45 17 30 46 23 44 28 18 33 27 46 45 22 15 25 18 24 38 36 1 20 3 6 9 15 45 28 7 24 33 25 36 27 16 23 31 16 37 26 6 10 30 21 30 31 40 9 27 19 13 18 27 8 31 34 23 4 16 26 42 8 16 31 28 18 35 23 19 15 42 18 27 43 13 0 20 22 16 42 44 27 21 18 35 17 23 42 45 9 14 33 17 32 11 39 42 22 21 44 17 46 36 29 21 16 25 5
6 20 17 12 31 20 7 18 22 9 26 19 18 13 27 20 23 24 20 2 24 30 17 24 13 18 22 20 11 25 22 7 21 13 18 26 11 24 16 12 22 24 25 19 25 8 10 26 18 24 29 13 13 7 26 33 8 21 27 19 4 23 28 21 13 23 24 15 9 25 19 19 18 18 10 16 23 27 23 17 22 27 16 20 27 11 22 26 12 21 17 16 21 13 21 19 25 20 17 18 22 4 8 23 20 19 16 17 3 15 6 29 17 25 2 19 23 15 20 0 12 21 24 24 22 19 18 17 31 6 22 33 19 6 21 5 20 9 29 22 18 19 25 19 26 25 17 24 11 26 22
6 28 28 12 38 16 12 29 11 3 33 24 30 24 26 31 22 13 28 14 34 38 5 13 24 30 26 16 22 22 11 13 10 25 28 38 18 16 17 3 10 17 21 22 30 5 16 31 8 29 19 24 18 12 31 44 20 16 17 13 12 34 40 23 4 25 22 13 19 30 8 17 29 12 6 22 34 35 34 28 32 39 28 26 32 21 33 37 14 21 14 5 32 23 15 31 30 9 13 7 20 14 20 30 27 13 11 6 11 23 18 37 27 22 12 7 29 11 22 12 0 31 33 29 11 10 11 15 38 7 27 44 27 15 11 8 32 17 40 29 8 30 25 13 31 37 7 35 6 37 27
25 6 6 21 14 26 27 8 42 28 37 35 16 19 47 26 20 40 5 20 30 9 36 42 21 19 13 26 11 45 42 26 41 14 3 19 26 34 18 30 41 33 45 38 40 26 26 43 36 41 41 9 31 27 40 32 15 29 38 31 24 27 22 16 31 17 21 21 12 38 39 22 12 38 30 28 13 8 7 20 1 23 15 10 15 23 5 14 32 41 23 36 3 8 31 15 14 40 38 36 20 17 19 31 8 29 37 37 20 26 17 8 4 45 19 38 34 26 16 21 31 0 31 39 40 34 31 37 14 26 35 33 7 16 41 23 21 14 26 32 35 8 43 30 38 24 37 6 27 10 13
30 36 25 34 45 42 22 23 39 32 9 16 15 13 33 5 45 47 35 22 1 38 38 46 11 12 43 42 23 34 38 20 40 17 29 17 15 48 38 35 42 48 35 23 20 32 17 23 41 21 53 24 19 22 18 13 20 45 50 43 22 5 15 43 36 45 46 37 27 15 38 41 19 32 29 11 20 39 24 11 31 14 16 40 46 13 26 21 24 29 39 35 28 29 45 16 45 37 30 41 44 26 16 4 38 43 31 36 26 10 19 37 30 34 25 40 9 39 42 24 33 31 0 19 44 42 42 28 45 26 15 12 37 28 36 29 11 31 14 6 41 23 29 43 13 12 35 26 35 25 43
28 42 34 36 54 44 18 33 28 29 10 5 29 21 14 20 47 41 42 23 20 48 32 38 18 26 46 44 29 17 27 17 30 25 37 34 14 45 40 32 33 46 18 8 1 31 14 4 36 2 48 31 11 18 2 32 25 45 46 42 20 23 33 45 33 47 48 39 31 4 29 43 29 21 23 11 33 47 36 23 40 32 26 44 51 17 37 36 15 12 41 27 37 34 44 29 49 26 18 35 46 28 21 15 43 42 21 27 27 13 23 47 37 17 26 32 10 39 44 24 29 39 19 0 38 39 40 16 53 23 4 31 42 30 25 29 27 33 33 13 37 33 10 42 6 30 26 38 34 37 46
16 36 37 19 44 16 23 38 12 13 43 34 40 35 33 42 24 3 37 24 45 47 7 2 35 40 31 17 31 28 13 25 9 35 37 48 30 10 23 10 5 12 26 30 38 14 28 39 4 37 10 33 28 23 40 55 30 14 9 10 23 45 50 27 9 28 24 19 28 40 9 20 39 18 17 34 44 43 43 39 41 49 38 33 37 32 42 47 23 29 18 11 41 32 11 41 35 13 21 4 24 23 30 42 35 11 18 11 20 35 28 46 36 28 21 6 41 14 27 22 11 40 44 38 0 6 9 23 44 18 37 54 35 24 15 17 41 26 50 40 5 39 33 11 41 46 13 44 13 46 32
13 30 32 13 38 9 21 34 15 10 42 34 37 32 35 39 17 6 31 21 42 41 8 8 32 37 25 10 28 30 16 22 12 32 31 45 27 6 17 7 9 7 28 32 40 11 25 41 3 39 10 29 28 21 41 52 27 8 8 4 20 42 47 21 6 21 17 13 23 40 11 14 35 20 16 31 39 37 38 36 35 46 35 27 31 29 36 42 24 31 12 13 35 26 5 38 29 15 23 4 17 19 27 39 29 5 20 13 17 32 25 40 30 30 18 8 38 8 21 19 10 34 42 39 6 0 3 25 38 16 37 51 29 19 17 14 38 20 47 38 2 34 35 5 41 43 15 38 8 41 26
13 27 29 10 35 6 22 31 18 11 43 35 35 32 36 39 14 9 28 20 42 38 10 11 31 35 22 7 25 31 19 23 15 30 28 43 28 5 14 8 12 6 30 33 41 10 26 42 6 40 12 26 29 22 42 50 25 5 9 2 21 41 44 18 7 18 14 10 21 41 14 11 33 21 17 32 37 34 35 35 32 44 33 24 28 29 33 40 25 32 9 14 32 23 4 35 26 18 24 7 14 18 26 40 26 2 21 15 16 33 24 37 27 31 17 11 39 5 18 18 11 31 42 40 9 3 0 26 35 17 38 50 26 17 20 13 37 17 46 39 5 31 36 2 42 42 16 35 7 38 23
17 38 33 25 49 31 10 33 12 16 23 14 33 25 11 28 35 26 37 18 29 47 17 23 23 31 39 31 26 8 11 12 14 28 34 41 16 31 30 18 18 32 8 8 16 18 14 16 22 15 33 28 9 10 18 41 23 31 32 28 13 31 41 36 19 38 36 27 26 19 14 30 33 5 10 17 38 44 38 29 38 40 31 38 45 20 37 41 5 6 28 12 36 30 30 34 43 10 2 21 34 21 21 25 37 28 5 12 19 19 21 45 34 8 19 17 22 26 35 17 15 37 28 16 23 25 26 0 48 12 16 40 36 23 9 18 33 26 41 24 23 34 10 28 20 38 10 39 21 41 39
34 12 20 27 0 29 39 22 49 35 51 49 30 33 59 40 21 44 12 31 44 8 42 46 35 33 13 28 25 57 49 38 47 28 17 33 40 38 22 36 45 36 57 50 54 33 40 57 40 55 45 23 44 39 54 46 28 32 42 35 35 41 36 17 37 17 22 26 23 52 45 24 26 48 40 42 27 6 21 34 14 37 29 12 7 36 19 28 43 52 26 43 17 19 35 29 9 47 48 40 21 27 32 45 11 33 47 44 30 40 30 8 17 56 29 44 48 30 17 31 38 14 45 53 44 38 35 48 0 36 49 47 12 25 49 31 35 22 40 46 39 22 56 34 52 38 45 19 33 23 12
5 25 23 13 36 21 5 24 16 6 25 18 24 17 22 24 24 20 25 8 26 35 12 20 17 23 27 21 17 20 16 6 15 19 23 32 11 22 18 9 17 23 20 16 24 8 9 25 15 23 26 19 12 5 25 37 14 22 24 19 5 27 33 24 10 26 25 16 14 24 13 20 24 12 4 15 29 32 29 21 27 32 22 25 32 14 28 32 8 17 18 10 27 18 21 25 30 14 12 14 23 9 13 23 25 19 10 11 7 16 12 34 22 20 7 14 22 16 23 6 7 26 26 23 18 16 17 12 36 0 21 37 24 11 15 6 25 14 33 22 15 25 21 19 25 30 11 30 11 32 27
26 39 29 34 49 42 16 28 28 27 7 3 24 16 18 16 45 40 38 21 16 43 31 38 14 21 44 42 25 20 27 15 30 21 33 30 11 43 38 30 33 44 21 9 5 29 12 8 35 6 47 27 9 16 5 28 21 43 45 40 18 19 29 43 31 45 46 37 28 3 29 41 25 21 21 7 29 43 32 19 36 28 22 41 47 13 33 32 14 15 39 26 33 30 42 25 46 26 18 34 44 26 17 11 39 40 21 27 25 9 20 43 33 20 24 31 6 37 42 22 27 35 15 4 37 37 38 16 49 21 0 27 38 28 25 27 23 31 29 9 35 29 14 40 4 26 25 34 32 33 44
39 38 27 41 47 49 33 25 51 42 21 28 18 20 45 13 50 57 37 31 11 39 49 57 20 15 45 49 26 46 50 31 51 20 31 14 26 56 42 45 53 55 47 35 32 41 28 35 51 33 62 27 31 33 30 1 25 51 58 50 32 10 11 46 46 48 50 43 31 27 49 46 21 44 40 23 20 41 26 16 33 10 19 42 48 23 28 19 36 41 45 46 30 32 52 18 47 49 42 51 48 32 25 16 40 49 43 47 34 21 27 39 32 46 33 51 21 45 45 33 44 33 12 31 54 51 50 40 47 37 27 0 39 33 48 37 13 35 7 18 50 25 41 50 25 9 46 28 43 24 45
22 1 12 16 12 20 28 14 38 24 41 37 22 24 48 32 13 35 2 20 36 12 31 37 26 25 6 19 14 46 38 27 36 20 8 26 28 29 12 25 36 27 46 39 43 22 28 46 31 44 36 13 33 28 44 38 17 23 33 26 24 33 29 9 26 10 14 16 12 42 34 15 18 37 28 31 20 8 14 26 7 30 21 3 9 25 12 21 32 41 17 32 10 8 26 21 8 36 37 31 13 15 21 37 1 24 35 33 18 30 19 11 7 44 17 33 38 21 9 19 27 7 37 42 35 29 26 36 12 24 38 39 0 13 38 19 27 10 33 37 30 14 44 25 41 30 33 12 22 16 6
9 14 13 7 25 15 14 14 26 12 32 25 18 15 34 23 17 25 14 7 27 24 20 26 17 18 16 15 8 32 26 13 25 13 13 26 17 22 10 14 25 21 32 25 31 10 16 32 20 30 29 9 19 14 32 33 8 18 25 17 10 25 27 15 15 17 18 10 4 31 23 13 16 23 15 22 20 21 19 18 17 27 16 14 21 16 18 23 18 27 12 20 17 8 19 18 19 24 23 20 16 2 12 28 14 16 22 21 5 21 9 23 12 31 4 22 29 12 14 6 15 16 28 30 24 19 17 23 25 11 28 33 13 0 25 7 20 3 29 28 19 15 31 17 32 25 21 20 11 22 16
16 39 38 23 50 26 16 39 3 14 32 23 39 31 18 35 33 18 39 23 37 49 10 15 29 37 37 26 32 13 2 18 6 34 38 47 22 23 28 14 10 24 11 17 25 16 20 25 14 24 25 34 17 16 27 48 29 25 24 21 19 38 47 34 14 36 33 24 29 28 6 28 39 4 11 25 44 46 44 35 42 46 37 37 43 26 43 47 12 14 25 6 42 33 22 40 41 2 7 13 31 24 27 33 38 22 5 5 21 27 27 48 37 13 22 9 30 21 33 21 11 41 36 25 15 17 20 9 49 15 25 48 38 25 0 18 39 27 47 32 15 40 18 22 29 44 4 45 17 47 38
2 20 20 7 31 15 11 21 19 5 31 24 22 18 28 25 18 18 20 7 29 30 13 19 18 22 21 15 14 26 19 12 18 17 20 30 16 18 12 7 18 18 26 22 30 3 15 31 13 29 24 16 18 11 31 37 12 16 22 14 9 28 32 18 8 20 19 10 11 30 16 14 21 17 9 21 26 27 26 22 24 31 20 20 26 16 25 29 14 23 12 13 24 15 16 23 24 17 18 13 17 6 13 28 20 14 16 14 3 20 11 29 19 26 4 15 28 10 17 5 8 23 29 29 17 14 13 18 31 6 27 37 19 7 18 0 24 9 33 27 13 22 27 14 31 29 14 27 6 29 21
26 26 15 29 35 37 23 13 40 29 20 22 5 8 39 7 36 44 25 18 10 27 37 44 10 2 33 37 13 40 40 21 40 7 19 8 17 43 29 32 42 42 41 29 28 28 19 31 38 29 49 14 24 23 27 13 12 38 45 37 20 6 8 33 33 35 37 30 18 24 38 33 9 36 28 16 9 29 14 4 21 7 6 30 36 13 16 10 28 35 32 34 18 19 39 6 35 38 34 38 35 19 12 14 28 36 34 35 21 14 14 27 20 40 20 39 18 32 32 20 32 21 11 27 41 38 37 33 35 25 23 13 27 20 39 24 0 22 8 15 37 13 35 37 23 5 35 16 30 14 33
11 11 12 7 22 15 17 14 28 14 35 28 19 18 37 26 14 26 11 10 30 21 22 28 20 20 13 14 9 35 28 16 27 15 11 26 20 22 7 16 27 21 35 28 34 12 19 35 22 33 29 9 22 17 35 35 11 18 25 17 13 28 28 12 17 14 15 9 4 34 25 11 16 26 18 25 20 18 18 21 15 28 17 11 18 19 16 23 21 30 11 22 15 6 19 19 16 26 26 22 13 5 15 31 11 16 25 23 8 24 12 20 10 34 7 24 32 12 11 9 17 14 31 33 26 20 17 26 22 14 31 35 10 3 27 9 22 0 30 31 21 14 34 17 35 27 23 18 13 21 13
35 32 21 37 40 45 31 19 49 38 23 30 12 17 47 13 45 53 31 27 13 32 46 53 18 11 39 45 22 48 49 29 49 16 25 7 25 52 38 41 51 51 49 37 34 37 27 37 47 35 58 22 32 31 32 6 21 47 54 46 29 10 4 41 42 43 46 39 27 29 47 42 16 44 37 24 13 34 19 12 26 3 14 36 41 21 21 12 36 43 41 43 23 27 48 12 40 47 42 47 43 28 21 18 34 45 42 44 30 22 23 32 26 48 29 47 23 41 39 29 40 26 14 33 50 47 46 41 40 33 29 7 33 29 47 33 8 30 0 20 45 19 43 45 27 3 43 21 38 17 39
27 36 26 34 46 42 18 25 35 28 5 10 18 13 27 8 45 43 35 21 7 40 34 42 11 15 43 42 23 28 34 16 36 18 30 22 12 44 38 31 38 45 29 17 14 30 13 17 37 15 49 24 15 18 12 19 20 43 46 41 19 10 20 43 32 45 46 37 27 9 34 41 21 28 25 7 23 40 27 13 33 19 18 40 46 12 29 25 20 23 39 31 30 29 43 19 45 33 26 37 44 26 16 2 38 41 27 32 25 7 19 40 30 28 24 36 3 37 42 22 29 32 6 13 40 38 39 24 46 22 9 18 37 28 32 27 15 31 20 0 37 25 23 41 8 17 31 29 33 28 43
12 31 33 14 39 11 20 34 13 9 41 32 36 31 33 38 19 5 32 20 41 42 6 7 31 36 26 12 27 28 14 21 10 31 32 44 26 8 18 6 7 9 26 30 38 10 24 39 1 37 11 29 26 20 39 51 26 10 9 6 19 41 46 22 5 23 19 14 23 38 9 15 35 18 14 30 39 38 38 35 36 45 34 28 32 28 37 42 22 29 13 11 36 27 7 37 30 13 21 2 19 19 26 38 30 7 18 11 16 31 24 41 31 28 17 6 37 9 22 18 8 35 41 37 5 2 5 23 39 15 35 50 30 19 15 13 37 21 45 37 0 34 33 7 39 42 13 39 8 41 27
24 13 2 21 22 29 24 1 41 27 30 28 8 13 43 18 26 40 12 17 22 15 35 41 15 11 20 28 8 42 41 22 40 8 6 12 21 36 20 29 40 35 42 33 34 25 22 37 35 35 43 6 27 24 34 24 11 31 39 31 21 19 15 22 30 24 27 23 11 32 38 24 4 37 29 22 6 16 4 12 8 16 7 17 23 17 4 9 29 38 25 35 5 8 33 7 22 39 35 35 25 16 14 24 15 30 35 36 19 20 13 15 7 42 18 37 28 26 21 19 30 8 23 33 39 34 31 34 22 25 29 25 14 15 40 22 13 14 19 25 34 0 39 31 32 16 36 5 26 7 20
26 45 39 34 57 41 18 39 21 26 20 13 35 27 4 30 45 36 44 25 30 54 27 33 25 33 48 41 33 7 20 18 24 32 41 43 19 41 39 28 28 42 9 6 9 28 17 8 32 8 43 34 12 18 11 42 28 41 42 38 21 33 43 45 29 47 46 37 33 14 24 40 36 15 20 19 40 51 43 31 44 42 33 46 53 23 43 43 13 4 38 22 42 37 40 36 51 20 12 31 44 29 25 25 45 38 15 22 28 21 26 51 40 7 27 27 20 36 44 25 25 43 29 10 33 35 36 10 56 21 14 41 44 31 18 27 35 34 43 23 33 39 0 38 16 40 20 44 31 44 47
14 26 29 10 34 5 24 31 20 13 44 37 36 32 38 39 13 10 27 21 43 37 12 13 32 36 21 6 25 33 21 25 17 31 28 43 29 5 13 10 14 4 32 35 43 11 28 44 8 42 11 26 31 24 44 51 25 3 8 1 22 42 44 17 9 17 13 9 21 43 16 10 33 23 19 34 37 33 35 35 31 44 33 23 27 30 33 40 27 34 8 16 32 23 2 35 25 20 26 9 13 18 27 42 25 1 23 17 17 34 25 36 27 33 18 13 41 5 17 19 13 30 43 42 11 5 2 28 34 19 40 50 25 17 22 14 37 17 45 41 7 31 38 0 44 42 18 35 8 38 22
30 42 32 38 52 46 20 31 32 31 4 7 26 19 20 16 49 44 41 25 14 46 35 42 17 23 47 46 28 23 31 19 34 24 36 29 15 47 42 34 37 48 24 13 7 33 16 10 39 8 51 30 13 20 5 26 24 47 49 44 22 17 27 47 35 49 50 41 31 2 33 45 28 25 25 10 31 46 35 21 39 26 25 44 50 16 36 33 18 18 43 30 36 33 46 27 49 30 22 38 48 30 20 9 42 44 25 31 29 12 23 46 36 23 28 35 5 41 46 26 31 38 13 6 41 41 42 20 52 25 4 25 41 32 29 31 23 35 27 8 39 32 16 44 0 24 29 37 36 36 47
31 29 18 34 38 42 28 16 45 34 21 27 9 13 44 10 41 49 28 23 11 30 42 49 15 7 36 42 18 45 45 26 45 12 22 5 22 48 34 37 47 47 46 34 31 33 24 34 43 32 54 19 29 28 29 8 17 43 50 42 25 7 3 37 38 39 42 35 23 26 43 38 12 41 33 21 11 32 17 9 24 2 11 33 39 18 19 10 33 40 37 39 21 23 44 9 38 43 39 43 40 24 17 15 31 41 39 40 26 19 19 30 23 45 25 44 20 37 36 25 37 24 12 30 46 43 42 38 38 30 26 9 30 25 44 29 5 27 3 17 42 16 40 42 24 0 40 19 35 15 36
12 34 34 19 45 22 13 35 5 10 31 22 35 28 20 33 29 16 34 19 35 44 7 13 26 33 33 22 28 15 5 15 5 30 34 43 20 21 24 10 8 22 14 18 26 12 18 26 12 25 23 30 16 13 28 46 25 21 22 18 15 36 43 30 10 32 29 20 25 28 4 24 35 5 7 24 40 41 40 32 38 42 33 33 39 23 39 43 11 16 21 2 38 29 20 36 37 3 8 11 27 20 23 32 34 18 5 2 17 25 23 43 33 15 18 7 29 17 29 17 7 37 35 26 13 15 16 10 45 11 25 46 33 21 4 14 35 23 43 31 13 36 20 18 29 40 0 41 13 43 34
29 11 7 25 19 31 29 6 46 32 35 33 11 18 48 21 26 44 10 22 25 11 40 46 20 14 19 31 13 47 46 27 45 13 7 14 26 39 23 34 45 38 47 38 39 30 27 42 40 40 46 11 32 29 39 27 16 34 43 35 26 22 17 22 35 23 27 26 16 37 43 27 9 42 34 27 8 13 2 16 5 18 12 15 20 22 2 9 34 43 28 40 3 12 36 10 20 44 40 40 25 21 19 28 13 34 40 41 24 25 18 11 8 47 23 42 32 30 21 24 35 6 26 38 44 38 35 39 19 30 34 28 12 20 45 27 16 18 21 29 39 5 44 35 37 19 41 0 31 4 18
6 23 24 6 33 10 16 25 16 5 36 29 28 24 32 31 15 13 24 13 35 34 9 15 24 28 20 10 19 28 17 17 14 23 24 36 21 12 11 3 14 12 27 27 35 3 20 36 9 34 18 20 23 16 36 43 18 11 16 8 14 34 38 17 4 18 15 7 15 35 12 10 27 18 11 26 31 30 30 28 28 37 26 21 26 22 29 34 19 27 8 11 28 19 10 29 24 15 19 9 14 11 19 34 22 8 17 12 9 26 17 33 23 28 10 11 33 5 16 11 6 27 35 34 13 8 7 21 33 11 32 43 22 11 17 6 30 13 38 33 8 26 31 8 36 35 13 31 0 33 21
31 15 9 28 23 34 31 8 48 34 33 33 10 17 49 20 30 47 14 24 24 15 42 48 19 13 23 34 15 48 48 29 47 13 10 10 26 43 26 36 47 41 49 38 38 32 27 41 42 39 50 13 32 31 38 23 18 37 46 38 28 20 13 26 37 27 31 29 18 36 45 30 8 44 36 26 5 17 3 15 9 14 11 19 24 22 5 5 36 43 31 42 7 15 39 9 24 46 42 42 29 23 20 27 17 37 42 43 26 24 20 15 11 48 25 44 31 33 25 26 37 10 25 37 46 41 38 41 23 32 33 24 16 22 47 29 14 21 17 28 41 7 44 38 36 15 43 4 33 0 22
23 7 18 15 12 17 30 20 37 24 47 41 28 30 49 38 9 32 8 23 42 15 30 34 32 31 1 16 20 47 38 29 35 26 14 32 33 26 10 24 33 24 46 41 47 22 32 48 28 46 33 19 35 30 48 44 23 20 30 23 26 39 35 5 25 5 10 14 16 47 33 12 24 38 30 37 26 11 20 32 13 36 27 3 5 31 18 27 34 43 14 32 16 14 23 27 3 36 39 28 9 18 27 43 5 21 36 33 21 36 24 14 13 47 20 32 44 18 5 22 27 13 43 46 32 26 23 39 12 27 44 45 6 16 38 21 33 13 39 43 27 20 47 22 47 36 34 18 21 22 0
0         1148     
387       535      
316       446      
66        208      
975       1114     
18        174      
136       259      
289       432      
0         123      
0         81       
232       382      
223       396      
296       452      
274       413      
663       793      
611       734      
791       914      
2         122      
388       542      
77        236      
265       398      
463       574      
0         112      
0         107      
572       692      
570       704      
419       543      
48        202      
540       707      
928       1072     
163       308      
121       277      
0         97       
308       411      
308       456      
351       478      
80        245      
53        166      
40        217      
0         99       
0         112      
32        147      
675       779      
198       328      
624       764      
766       880      
103       259      
691       809      
0         147      
219       361      
730       877      
490       637      
111       252      
125       269      
205       346      
355       511      
542       673      
24        146      
35        168      
0         146      
135       274      
284       401      
355       501      
417       577      
0         82       
404       541      
416       549      
60        193      
544       667      
206       361      
0         110      
40        178      
283       433      
166       305      
161       294      
102       250      
380       522      
428       582      
373       509      
288       414      
337       447      
344       466      
295       457      
416       548      
448       611      
85        239      
307       454      
340       456      
138       252      
662       789      
61        198      
158       282      
324       441      
516       630      
2         137      
564       715      
441       574      
0         119      
172       294      
800       921      
427       574      
60        216      
85        217      
267       396      
454       591      
17        153      
180       310      
0         98       
79        224      
263       405      
76        222      
476       619      
492       640      
651       781      
72        208      
731       865      
205       359      
22        137      
422       555      
500       655      
0         56       
374       523      
290       419      
200       356      
730       871      
0         114      
3         129      
199       342      
450       589      
696       857      
231       349      
623       756      
405       537      
516       668      
178       301      
61        201      
813       991      
508       632      
338       483      
231       370      
0         113      
548       671      
626       769      
8         135      
224       344      
354       471      
0         90       
330       467      
0         81       
316       478      
863       1009     
