151
0 25 26 58 43 58 46 9 16 44 34 28 15 28 22 22 42 38 39 13 22 35 42 25 33 39 36 37 21 43 7 18 44 50 28 13 24 51 41 29 4 23 21 18 35 26 25 41 18 47 32 41 20 41 41 17 32 35 39 38 33 26 24 25 48 43 52 37 42 32 26 35 11 44 26 44 25 40 45 33 8 34 35 37 31 20 26 42 48 40 3 41 43 40 13 25 37 45 42 36 32 33 5 26 47 13 49 45 45 8 12 49 12 14 6 29 19 17 20 40 24 42 4 38 18 4 44 23 15 26 35 29 6 24 40 34 31 50 15 28 44 30 7 43 52 44 39 16 21 20 14
25 0 1 33 32 32 38 20 9 18 22 19 10 4 12 22 26 14 23 11 22 10 28 5 11 15 14 12 17 23 20 16 18 25 13 16 2 25 15 11 21 24 7 7 19 16 18 15 17 24 7 20 7 25 24 20 10 10 17 20 24 22 7 1 23 18 27 16 29 20 13 11 14 25 9 22 0 14 23 12 16 14 10 12 7 12 21 22 23 18 26 28 26 16 12 10 13 21 21 12 17 10 19 22 22 14 24 21 20 16 22 25 12 24 25 7 12 8 14 32 9 16 23 21 7 21 23 24 15 2 11 22 27 22 23 18 13 26 10 13 19 11 18 24 28 28 26 8 11 26 22
26 1 0 32 31 32 38 21 9 18 21 20 11 3 13 22 25 14 23 12 22 9 27 5 11 14 14 11 17 22 21 17 18 25 13 16 2 24 14 11 22 24 8 7 18 16 17 15 17 23 6 20 8 25 23 20 10 9 17 20 24 22 8 1 22 17 26 15 29 20 14 10 14 24 9 22 1 14 23 12 17 13 9 11 7 13 20 21 22 17 27 28 25 15 12 10 12 20 21 11 17 9 20 22 21 14 23 20 19 17 22 24 13 24 25 7 12 8 14 32 9 16 24 20 7 21 23 24 16 2 11 22 27 22 22 18 13 25 10 13 19 11 18 24 27 27 26 8 12 26 22
58 33 32 0 42 3 49 53 41 15 37 45 43 29 42 47 31 23 41 44 47 23 35 33 28 18 29 21 44 23 53 47 15 10 34 46 33 8 17 34 54 49 38 39 30 39 41 17 45 17 26 29 39 43 28 48 28 22 25 36 42 45 36 32 9 15 5 24 39 37 39 22 46 24 36 22 32 17 22 31 49 25 22 19 26 42 43 22 11 19 59 38 26 17 44 34 20 15 34 22 39 24 52 45 10 45 8 12 12 49 51 11 45 52 56 30 40 39 40 47 34 15 56 28 38 53 34 48 47 31 22 43 58 45 28 39 36 12 41 38 13 34 50 37 5 31 38 39 40 51 50
43 32 31 42 0 39 7 44 33 37 10 51 36 29 43 21 11 40 54 35 21 35 7 26 40 29 43 34 22 19 43 44 37 32 18 30 29 39 33 42 42 20 37 33 14 17 18 34 25 25 33 48 37 56 14 26 39 31 43 50 10 17 38 30 35 29 38 21 3 12 44 27 36 18 40 45 31 31 46 43 36 21 32 30 35 42 17 20 31 24 46 4 16 35 36 22 27 27 51 35 48 26 38 17 38 31 39 31 36 39 31 31 37 29 37 37 25 32 23 5 23 33 45 14 33 40 53 20 42 33 36 14 39 19 14 49 44 30 30 44 37 42 39 54 37 11 5 33 41 23 29
58 32 32 3 39 0 46 52 41 16 34 46 42 29 42 46 28 24 43 43 46 23 32 32 29 17 31 21 42 20 52 47 16 8 32 45 32 10 17 35 53 47 38 38 27 37 39 17 44 14 26 31 39 45 25 46 28 22 27 38 39 43 36 32 9 14 6 22 36 34 40 21 45 21 36 24 32 17 24 32 48 24 22 19 26 42 41 19 9 17 58 35 23 18 43 33 19 13 36 22 41 23 51 43 12 44 10 10 13 48 50 8 44 51 55 30 39 39 39 44 33 15 55 25 38 52 36 46 47 31 23 40 57 43 25 41 37 9 40 39 15 35 49 39 3 28 35 39 40 49 49
46 38 38 49 7 46 0 48 38 44 16 57 41 36 49 24 18 47 61 40 24 42 14 33 47 36 50 41 26 26 46 49 44 39 24 33 36 46 40 49 45 23 44 38 21 22 22 41 28 32 40 55 42 63 21 29 46 38 50 57 14 20 45 36 42 36 45 28 10 18 51 34 40 25 46 52 37 38 53 50 39 28 39 37 42 47 20 27 38 31 49 11 23 42 41 28 34 34 58 42 54 33 41 20 45 34 46 38 43 42 34 38 41 32 40 44 30 37 27 6 29 40 48 21 38 43 60 23 46 39 43 17 42 22 21 56 51 37 35 50 44 48 42 61 44 18 12 38 46 26 32
9 20 21 53 44 52 48 0 12 38 35 19 9 23 13 24 42 32 30 9 24 29 43 21 27 34 28 31 22 40 2 9 38 45 28 14 19 45 35 21 5 26 15 13 35 27 26 35 19 43 26 33 14 32 41 18 26 30 33 29 34 27 18 19 43 37 47 33 43 33 17 30 8 42 18 38 19 34 39 25 8 31 29 31 26 11 27 39 42 36 9 42 43 35 8 24 32 40 33 31 23 28 8 27 41 13 43 40 39 5 15 44 7 17 13 23 19 13 21 41 23 36 5 38 13 7 35 25 6 20 30 30 14 25 40 25 22 45 14 19 39 21 5 34 47 45 40 12 12 23 17
16 9 9 41 33 41 38 12 0 27 23 19 3 12 11 17 30 22 27 3 17 18 31 9 19 23 22 20 12 28 12 11 27 34 16 8 8 33 23 16 12 19 8 2 23 15 15 24 10 31 15 28 6 29 29 12 18 18 25 25 23 18 11 8 31 26 35 21 31 21 15 19 5 30 13 30 9 23 31 20 8 19 18 20 15 9 17 27 31 25 17 30 31 24 4 12 21 29 29 20 20 17 11 18 30 6 32 29 28 8 14 33 5 16 16 15 7 1 9 31 11 25 15 26 2 12 31 18 10 10 19 19 18 17 28 22 18 34 2 16 28 17 9 30 36 33 28 1 10 18 14
44 18 18 15 37 16 44 38 27 0 30 30 28 15 26 38 26 8 27 29 38 8 30 20 13 8 15 6 33 19 38 31 0 12 25 33 19 6 4 19 39 40 23 25 23 30 32 3 33 15 11 15 24 29 23 36 12 9 11 22 35 37 21 18 7 9 10 16 34 30 24 12 32 21 20 10 18 6 10 16 34 17 8 8 11 27 35 18 11 13 44 33 23 2 30 24 10 12 20 7 25 14 37 37 4 31 6 8 3 34 39 13 30 40 42 15 28 25 30 41 24 4 41 22 25 39 20 40 32 16 7 36 44 37 23 25 21 15 27 23 1 19 36 23 13 28 32 25 25 42 38
34 22 21 37 10 34 16 35 23 30 0 41 26 20 32 14 9 30 44 26 14 25 8 16 31 22 34 25 13 14 34 34 30 27 8 21 19 34 26 32 33 14 27 23 7 8 9 27 16 20 24 39 27 46 10 17 30 22 34 41 5 10 28 20 30 23 33 14 8 2 34 18 27 14 30 37 21 24 38 33 27 13 23 22 26 32 9 15 26 18 37 7 12 28 27 12 20 22 42 26 38 17 29 10 32 22 34 26 30 30 22 26 28 22 28 28 16 23 14 11 13 26 36 9 23 31 44 14 33 23 27 7 30 11 10 39 34 25 21 34 31 32 30 45 32 11 5 24 31 17 20
28 19 20 45 51 46 57 19 19 30 41 0 17 23 9 36 45 22 11 18 36 24 47 24 17 32 16 26 31 42 21 10 30 42 32 26 21 36 30 11 24 38 13 19 38 34 34 29 29 43 23 19 14 13 43 31 18 27 21 12 42 37 12 20 37 36 40 35 48 39 6 30 21 44 11 26 19 31 26 14 23 33 26 29 21 10 36 41 41 37 28 47 45 28 18 29 32 40 16 24 6 29 25 37 34 24 36 38 33 20 31 43 18 33 31 17 26 19 28 50 28 32 24 40 19 25 18 37 13 18 23 38 33 36 42 7 9 45 21 7 31 11 22 16 43 47 45 19 10 37 32
15 10 11 43 36 42 41 9 3 28 26 17 0 13 8 20 33 23 25 2 20 20 34 12 18 24 21 22 15 31 9 8 28 35 19 10 10 34 25 15 11 22 7 4 26 18 18 25 13 33 17 27 5 27 32 15 18 20 24 24 26 21 10 10 33 28 37 24 34 24 12 20 5 33 12 29 10 24 30 19 8 22 20 22 16 7 20 30 33 27 16 33 34 25 2 15 22 30 28 21 18 19 11 21 32 8 34 30 30 6 15 34 2 17 17 15 10 4 12 34 14 26 12 29 4 11 30 21 7 11 20 22 19 20 31 20 17 35 5 14 29 16 8 29 37 36 31 3 7 21 16
28 4 3 29 29 29 36 23 12 15 20 23 13 0 16 23 22 13 25 15 23 8 25 5 11 11 14 9 18 19 22 20 15 22 12 18 4 21 12 13 24 25 11 10 16 15 17 12 18 20 5 20 11 27 20 21 10 7 16 21 23 22 11 3 20 14 24 12 27 19 17 7 17 21 12 21 4 11 22 13 20 10 7 9 6 16 20 18 19 14 29 26 22 13 15 9 9 17 22 10 19 6 23 22 19 16 21 17 17 19 24 21 15 25 27 8 13 10 15 31 9 13 25 18 10 24 24 25 19 5 10 21 29 22 19 20 15 22 12 16 16 14 21 25 24 24 24 11 15 27 23
22 12 13 42 43 42 49 13 11 26 32 9 8 16 0 28 37 19 17 10 28 18 39 16 13 25 14 20 23 35 15 5 26 36 24 18 13 32 24 8 18 30 5 10 30 25 26 24 21 36 16 19 5 19 36 23 13 20 19 16 33 29 5 13 32 29 36 28 40 30 4 23 13 37 5 24 12 24 25 12 16 26 19 22 14 2 28 34 34 30 22 39 38 23 10 20 25 33 20 19 10 22 19 29 30 16 32 31 28 14 23 36 10 25 25 11 18 10 20 41 19 26 18 33 10 19 22 29 7 11 18 30 27 28 35 12 9 38 13 6 27 8 16 21 38 40 37 10 1 29 24
22 22 22 47 21 46 24 24 17 38 14 36 20 23 28 0 22 36 44 18 0 31 22 18 33 30 36 32 5 27 23 28 38 37 13 10 20 42 34 32 21 2 24 18 18 8 6 35 6 32 28 42 23 46 24 5 32 29 39 41 11 4 27 21 38 31 41 23 20 12 31 26 17 27 29 44 22 32 45 34 16 21 30 30 29 26 4 26 36 27 25 19 26 36 19 14 28 32 43 33 37 24 17 4 40 12 42 34 38 19 10 37 19 8 16 29 10 17 8 18 14 34 24 21 18 19 45 2 24 24 33 7 18 2 23 38 34 36 14 32 39 33 18 46 41 25 17 17 26 4 8
42 26 25 31 11 28 18 42 30 26 9 45 33 22 37 22 0 30 47 33 22 25 4 21 32 19 35 24 21 8 41 41 26 21 14 28 24 28 23 35 40 23 32 29 7 16 17 24 24 14 24 38 32 49 3 25 30 22 33 42 13 19 33 25 24 18 27 11 8 10 39 17 34 7 34 35 26 21 36 34 34 12 22 21 26 37 17 9 20 13 44 7 5 25 34 18 17 16 42 25 41 17 36 19 27 29 28 20 25 37 30 20 35 30 36 29 23 29 21 16 19 22 43 5 29 38 43 22 40 27 26 16 38 19 3 42 37 19 28 38 27 35 37 45 26 3 7 30 36 25 28
38 14 14 23 40 24 47 32 22 8 30 22 23 13 19 36 30 0 19 25 36 5 33 18 5 11 7 5 31 23 32 24 8 20 23 30 16 14 8 11 34 38 16 20 25 28 30 7 31 21 8 9 18 21 27 34 5 8 4 14 34 35 14 15 15 14 18 18 36 30 16 12 27 25 13 8 14 9 9 8 30 17 6 8 7 20 33 21 19 16 39 34 26 6 25 22 11 18 13 3 17 12 33 35 12 28 14 16 11 29 36 21 25 38 38 8 26 21 28 41 22 10 35 24 20 34 14 38 25 12 3 34 40 35 25 17 13 23 24 15 9 11 31 16 21 30 33 21 18 40 36
39 23 23 41 54 43 61 30 27 27 44 11 25 25 17 44 47 19 0 27 44 22 50 28 15 30 12 23 39 41 32 21 27 39 36 35 25 33 27 12 35 46 19 25 41 39 40 26 37 40 22 12 21 2 44 39 16 25 16 5 47 45 17 24 34 33 37 35 52 43 13 29 30 43 15 19 23 28 19 12 33 34 24 26 20 19 43 39 38 34 39 51 44 25 27 33 29 37 7 21 7 29 36 45 31 33 33 35 30 31 40 40 27 42 42 17 33 26 35 55 32 29 35 42 25 36 8 45 24 21 20 45 44 43 43 5 10 42 29 11 28 12 33 5 40 48 49 26 18 45 41
13 11 12 44 35 43 40 9 3 29 26 18 2 15 10 18 33 25 27 0 18 21 34 12 20 26 23 23 15 31 9 10 29 36 19 8 10 35 26 17 10 20 9 4 26 18 18 26 12 34 18 29 7 29 32 13 20 21 26 26 26 20 12 11 34 29 38 24 34 24 14 21 3 33 14 31 11 25 32 21 6 22 21 23 18 8 20 30 34 28 15 33 34 27 1 15 23 31 30 23 20 19 9 20 33 6 35 31 31 5 13 35 2 15 15 17 10 4 12 34 14 27 12 29 4 10 32 20 7 12 22 22 17 19 31 22 19 36 5 16 30 18 7 31 38 36 31 3 9 19 14
22 22 22 47 21 46 24 24 17 38 14 36 20 23 28 0 22 36 44 18 0 31 22 18 33 30 36 32 5 27 23 28 38 37 13 10 20 42 34 32 21 2 24 18 18 8 6 35 6 32 28 42 23 46 24 5 32 29 39 41 11 4 27 21 38 31 41 23 20 12 31 26 17 27 29 44 22 32 45 34 16 21 30 30 29 26 4 26 36 27 25 19 26 36 19 14 28 32 43 33 37 24 17 4 40 12 42 34 38 19 10 37 19 8 16 29 10 17 8 18 14 34 24 21 18 19 45 2 24 24 33 7 18 2 23 38 34 36 14 32 39 33 18 46 41 25 17 17 26 4 8
35 10 9 23 35 23 42 29 18 8 25 24 20 8 18 31 25 5 22 21 31 0 28 13 7 8 10 2 26 19 29 23 8 18 18 25 11 14 6 13 30 33 14 16 20 23 25 6 26 19 3 14 15 24 22 29 6 3 9 17 29 30 12 10 14 12 18 13 31 25 18 7 23 21 13 13 10 7 14 10 26 12 2 5 3 18 28 18 17 13 35 29 23 6 21 17 8 16 18 2 19 8 29 30 12 23 14 14 11 26 31 19 22 33 34 7 21 17 23 36 17 8 32 20 16 30 19 33 23 8 2 29 36 30 21 19 15 21 19 17 9 13 27 21 20 26 28 17 17 35 31
42 28 27 35 7 32 14 43 31 30 8 47 34 25 39 22 4 33 50 34 22 28 0 23 35 23 38 28 21 12 42 42 30 25 15 29 26 32 27 38 41 22 34 30 9 16 17 28 24 18 28 42 34 52 7 25 34 25 37 45 11 18 35 27 28 22 31 15 4 10 41 21 35 11 36 39 28 25 40 38 35 16 26 25 30 39 17 13 24 17 45 3 9 29 35 19 21 20 46 29 44 21 37 18 31 30 32 24 29 38 30 24 36 30 36 33 24 30 22 12 20 26 44 8 30 39 47 22 41 29 30 15 38 19 7 45 40 23 29 40 31 38 38 49 30 4 4 31 38 25 28
25 5 5 33 26 32 33 21 9 20 16 24 12 5 16 18 21 18 28 12 18 13 23 0 15 14 18 14 13 19 21 20 20 25 8 13 3 26 16 16 21 20 11 8 14 11 12 17 13 22 10 24 11 30 20 16 14 11 21 25 19 17 12 4 23 17 27 12 24 15 18 10 14 21 14 26 5 15 27 17 16 10 12 13 11 16 15 18 22 16 26 23 22 18 13 5 12 20 26 15 22 8 19 17 23 12 25 20 21 17 19 24 14 20 23 12 8 8 10 27 4 17 24 17 8 21 28 20 19 7 15 17 25 17 19 23 18 25 9 18 21 16 18 29 27 24 21 9 15 22 18
33 11 11 28 40 29 47 27 19 13 31 17 18 11 13 33 32 5 15 20 33 7 35 15 0 15 3 9 28 26 27 18 13 25 23 27 13 19 13 6 29 35 12 17 26 26 27 12 28 26 7 9 13 17 29 31 1 10 6 10 34 32 9 12 20 19 23 20 38 30 11 14 23 28 8 11 11 14 12 3 26 19 9 12 5 15 30 25 24 20 34 36 30 11 20 20 15 23 11 7 12 14 29 32 17 25 19 21 16 24 33 26 20 35 35 4 23 18 25 42 19 15 30 27 17 29 13 35 20 9 6 32 37 32 28 12 8 28 21 10 14 6 26 14 26 33 35 18 13 37 33
39 15 14 18 29 17 36 34 23 8 22 32 24 11 25 30 19 11 30 26 30 8 23 14 15 0 17 6 25 12 33 30 8 10 17 27 15 12 4 21 35 32 21 21 15 22 24 5 26 11 9 20 22 32 16 29 14 5 15 24 27 29 20 14 9 4 13 8 26 22 26 4 28 14 21 16 15 2 17 18 30 9 6 3 11 26 27 11 9 6 40 25 16 6 26 16 2 8 24 8 27 6 33 29 10 26 12 7 8 30 33 11 26 34 37 15 22 21 22 33 16 4 36 15 21 35 25 32 30 15 9 28 39 29 16 27 23 13 23 25 9 21 32 27 14 21 24 22 25 34 32
36 14 14 29 43 31 50 28 22 15 34 16 21 14 14 36 35 7 12 23 36 10 38 18 3 17 0 11 31 29 29 19 15 27 26 30 16 21 15 7 32 38 14 20 29 29 30 14 31 28 10 6 16 14 32 34 4 13 5 7 37 35 11 15 22 21 25 23 41 33 12 17 26 31 9 10 14 16 11 2 29 22 12 14 8 16 33 27 26 22 36 39 32 13 23 23 17 25 8 9 10 17 32 35 19 28 21 23 18 27 36 28 23 38 38 7 26 21 28 45 22 17 32 30 20 32 10 38 21 12 8 35 40 35 31 10 7 30 24 10 16 6 29 11 28 36 38 21 14 40 36
37 12 11 21 34 21 41 31 20 6 25 26 22 9 20 32 24 5 23 23 32 2 28 14 9 6 11 0 27 18 31 25 6 16 19 27 13 12 4 15 32 34 16 18 20 24 26 4 27 17 5 14 17 25 22 30 8 3 9 18 30 31 14 12 12 10 16 13 31 25 20 7 25 20 15 12 12 5 13 12 28 12 2 3 5 20 29 16 15 11 37 29 21 4 23 18 6 14 18 2 21 8 31 31 10 25 12 12 9 28 33 17 24 34 36 9 22 19 24 36 18 6 34 19 18 32 19 34 25 10 3 30 38 31 20 21 17 19 21 19 7 15 29 21 18 25 28 19 19 36 32
21 17 17 44 22 42 26 22 12 33 13 31 15 18 23 5 21 31 39 15 5 26 21 13 28 25 31 27 0 24 21 23 33 34 10 8 15 37 29 27 20 7 20 13 15 5 4 30 3 29 23 37 18 41 21 5 27 24 34 36 12 6 22 16 34 28 38 20 21 11 27 21 14 24 24 39 17 27 40 29 14 18 25 25 24 21 5 23 32 24 24 20 23 31 16 9 23 29 38 28 32 19 16 6 35 9 37 31 33 17 10 34 16 9 16 24 5 12 3 19 9 29 23 18 13 18 40 7 21 19 28 8 18 5 20 34 29 33 10 28 34 28 17 41 38 23 18 13 21 9 8
43 23 22 23 19 20 26 40 28 19 14 42 31 19 35 27 8 23 41 31 27 19 12 19 26 12 29 18 24 0 40 39 19 13 15 29 22 20 16 31 40 28 30 27 8 18 20 17 26 6 19 32 30 43 5 28 25 16 27 36 19 24 30 22 16 10 19 7 16 15 36 12 33 2 31 28 23 14 29 29 34 9 17 14 21 35 22 1 12 6 45 15 4 18 32 17 11 8 36 19 37 13 37 24 19 29 20 12 17 36 33 12 33 33 39 25 23 27 23 24 18 15 43 5 27 38 37 27 38 24 20 21 41 24 5 38 33 11 27 35 19 31 37 39 18 9 15 28 34 30 31
7 20 21 53 43 52 46 2 12 38 34 21 9 22 15 23 41 32 32 9 23 29 42 21 27 33 29 31 21 40 0 11 37 43 27 13 19 43 34 22 3 24 16 13 34 26 25 34 18 42 26 34 14 34 40 17 27 29 33 31 33 26 19 19 42 36 46 33 42 32 19 29 7 42 19 38 19 33 39 26 7 31 29 31 25 13 26 39 41 36 7 41 42 34 8 23 31 39 35 30 25 28 6 26 41 12 43 39 39 4 14 43 7 16 11 24 18 13 20 40 22 35 3 37 13 5 37 24 8 20 29 29 12 24 39 27 24 44 13 21 38 23 4 36 46 44 39 12 14 22 15
18 16 17 47 44 47 49 9 11 31 34 10 8 20 5 28 41 24 21 10 28 23 42 20 18 30 19 25 23 39 11 0 31 40 27 17 17 37 29 13 14 29 9 12 34 26 26 29 21 40 21 24 9 23 40 22 18 25 24 20 34 29 10 17 37 34 41 32 42 32 8 27 11 41 10 29 16 29 30 17 13 30 24 27 19 4 28 38 39 34 18 41 42 28 9 23 29 37 24 24 14 26 15 29 35 15 37 36 33 10 21 41 8 23 21 16 18 12 20 42 22 31 14 37 12 15 26 29 3 15 23 30 23 28 39 16 13 42 13 10 32 13 12 25 43 44 39 11 5 28 22
44 18 18 15 37 16 44 38 27 0 30 30 28 15 26 38 26 8 27 29 38 8 30 20 13 8 15 6 33 19 37 31 0 12 25 33 19 6 4 19 38 40 22 24 23 30 32 3 33 15 11 15 23 29 23 36 12 9 11 22 35 37 20 18 7 9 10 16 34 30 24 12 31 21 20 10 18 6 10 16 34 17 8 8 11 26 35 18 11 13 43 33 23 2 29 24 10 12 20 7 25 14 37 37 4 31 6 8 3 34 39 13 30 40 42 15 28 25 30 41 24 4 40 22 24 38 20 40 31 16 7 36 44 37 23 25 21 15 27 23 1 19 35 23 13 28 32 25 25 42 38
50 25 25 10 32 8 39 45 34 12 27 42 35 22 36 37 21 20 39 36 37 18 25 25 25 10 27 16 34 13 43 40 12 0 24 37 25 9 12 31 45 39 31 31 20 29 31 13 36 7 19 27 32 41 18 38 24 15 23 34 32 35 30 24 5 6 6 14 29 27 36 13 38 14 31 21 24 11 21 28 40 16 16 13 21 36 33 12 1 9 50 28 16 14 36 25 11 5 32 18 37 15 43 35 8 36 9 4 9 40 42 1 36 43 47 25 31 31 31 37 25 10 46 18 31 45 32 38 40 25 19 33 49 35 18 37 33 3 32 35 11 31 42 35 5 21 28 32 35 41 41
28 13 13 34 18 32 24 28 16 25 8 32 19 12 24 13 14 23 36 19 13 18 15 8 23 17 26 19 10 15 27 27 25 24 0 15 11 29 21 24 26 15 19 15 7 5 7 22 11 19 16 32 19 38 13 14 22 16 27 33 11 12 20 12 25 18 28 10 16 7 26 13 20 15 22 31 13 19 32 25 20 8 17 17 18 24 10 14 22 14 31 15 15 23 20 4 15 19 34 20 30 11 23 12 27 15 29 21 25 23 18 24 21 19 24 20 9 15 8 19 5 21 29 10 15 24 36 15 26 15 20 11 26 12 12 31 26 24 14 26 26 24 23 37 28 17 13 16 23 17 17
13 16 16 46 30 45 33 14 8 33 21 26 10 18 18 10 28 30 35 8 10 25 29 13 27 27 30 27 8 29 13 17 33 37 15 0 14 39 29 24 12 12 16 10 22 13 12 30 5 34 22 36 14 37 28 5 26 24 33 33 20 13 19 15 36 30 40 24 29 19 22 23 7 30 21 38 16 28 39 28 6 21 25 26 23 16 13 29 35 27 16 28 30 31 9 12 25 32 37 27 28 21 8 13 36 2 38 33 34 9 6 37 9 8 10 23 6 9 7 27 11 30 15 25 10 10 39 12 14 18 27 16 12 12 27 30 26 37 6 24 34 25 9 38 40 31 26 9 17 11 6
24 2 2 33 29 32 36 19 8 19 19 21 10 4 13 20 24 16 25 10 20 11 26 3 13 15 16 13 15 22 19 17 19 25 11 14 0 25 16 13 20 22 8 6 17 14 15 16 15 23 8 22 8 27 23 18 12 11 19 22 22 20 9 1 24 18 28 15 27 18 15 11 13 24 11 24 2 15 25 14 15 13 11 13 9 13 18 21 23 17 25 26 25 17 11 8 13 21 23 13 19 9 18 20 23 12 25 21 21 15 20 25 12 22 23 9 10 7 12 30 7 17 22 20 6 20 25 22 16 4 13 20 25 20 22 20 15 26 8 15 20 13 17 26 28 27 24 7 12 24 20
51 25 24 8 39 10 46 45 33 6 34 36 34 21 32 42 28 14 33 35 42 14 32 26 19 12 21 12 37 20 43 37 6 9 29 39 25 0 9 25 44 44 28 30 27 34 36 9 38 15 17 21 29 35 25 41 18 14 17 28 39 41 26 24 4 11 4 20 36 34 30 16 37 21 26 14 24 10 14 22 40 21 14 12 17 32 39 19 9 16 49 35 23 8 35 28 14 12 26 13 31 18 43 41 2 37 0 8 4 40 45 10 36 46 48 21 33 31 34 44 28 8 46 25 30 44 26 44 37 22 13 40 50 41 25 31 27 12 33 29 5 25 41 29 7 28 35 31 31 46 43
41 15 14 17 33 17 40 35 23 4 26 30 25 12 24 34 23 8 27 26 34 6 27 16 13 4 15 4 29 16 34 29 4 12 21 29 16 9 0 19 35 36 20 21 19 26 28 1 29 13 8 16 21 29 20 32 12 5 11 22 31 33 18 15 8 6 12 12 30 26 24 8 28 18 19 12 15 2 12 16 31 13 5 4 9 24 31 15 11 10 40 29 20 2 26 20 6 10 20 6 25 10 34 33 7 28 9 8 5 31 35 13 27 36 39 13 24 22 26 37 20 2 37 19 21 35 21 36 29 14 7 32 41 33 20 25 21 15 24 23 5 19 32 23 14 25 28 22 23 38 34
29 11 11 34 42 35 49 21 16 19 32 11 15 13 8 32 35 11 12 17 32 13 38 16 6 21 7 15 27 31 22 13 19 31 24 24 13 25 19 0 25 34 8 14 29 27 28 18 26 32 12 12 10 14 33 28 7 16 12 9 35 33 5 12 26 25 29 24 40 31 5 19 20 33 3 17 11 20 18 5 23 23 15 18 10 9 31 30 30 26 29 39 34 17 17 21 21 29 13 13 6 18 26 33 23 22 25 27 22 21 30 32 17 32 32 6 22 15 24 43 20 21 25 31 14 26 15 34 14 9 12 33 34 32 32 7 2 34 18 4 20 1 23 14 32 37 37 15 8 34 30
4 21 22 54 42 53 45 5 12 39 33 24 11 24 18 21 40 34 35 10 21 30 41 21 29 35 32 32 20 40 3 14 38 45 26 12 20 44 35 25 0 22 18 14 33 25 24 36 17 43 27 37 16 37 39 16 29 30 35 34 32 25 21 20 43 38 47 33 41 31 22 31 7 41 22 40 21 35 41 29 6 31 30 32 27 16 25 39 43 37 5 40 41 36 9 23 33 41 38 32 28 29 4 25 42 11 44 41 40 5 11 45 9 13 8 26 17 13 19 39 22 37 3 36 14 2 40 22 11 22 31 28 9 23 38 30 27 46 13 24 39 26 3 39 48 43 38 13 17 19 13
23 24 24 49 20 47 23 26 19 40 14 38 22 25 30 2 23 38 46 20 2 33 22 20 35 32 38 34 7 28 24 29 40 39 15 12 22 44 36 34 22 0 26 20 19 10 8 37 8 33 30 44 25 48 24 7 34 31 41 43 11 4 29 23 40 33 43 24 20 12 33 28 19 27 31 46 24 34 47 36 18 23 32 32 31 28 5 27 37 28 26 19 26 38 21 16 30 33 45 35 39 26 18 4 42 14 44 36 40 21 11 38 21 9 17 31 12 19 10 17 16 36 25 22 20 20 47 0 26 26 35 7 19 3 23 40 36 37 16 34 41 35 20 48 43 25 18 19 28 3 9
21 7 8 38 37 38 44 15 8 23 27 13 7 11 5 24 32 16 19 9 24 14 34 11 12 21 14 16 20 30 16 9 22 31 19 16 8 28 20 8 18 26 0 6 25 22 22 20 18 31 12 20 2 21 31 20 11 16 18 17 30 26 3 8 28 25 32 23 35 26 7 18 12 32 5 23 7 20 24 12 15 21 15 18 11 5 24 29 30 25 23 34 33 20 9 16 20 28 21 16 12 17 18 26 26 14 28 27 25 13 22 32 9 24 24 8 14 7 16 38 15 22 19 28 6 18 23 26 10 6 15 26 26 24 30 14 10 33 10 8 23 9 15 22 34 35 32 7 4 26 22
18 7 7 39 33 38 38 13 2 25 23 19 4 10 10 18 29 20 25 4 18 16 30 8 17 21 20 18 13 27 13 12 24 31 15 10 6 30 21 14 14 20 6 0 22 16 16 22 12 29 13 26 5 27 28 14 16 16 23 23 24 19 9 7 29 24 33 20 31 21 13 17 7 29 11 28 7 21 29 18 9 18 16 18 13 9 18 26 29 23 19 30 30 22 5 11 19 27 27 18 18 15 12 19 28 8 30 27 26 9 16 31 6 18 18 13 8 1 10 32 10 23 16 25 0 14 29 20 11 8 17 20 20 18 27 20 16 32 4 14 25 15 11 28 34 32 28 1 9 20 16
35 19 18 30 14 27 21 35 23 23 7 38 26 16 30 18 7 25 41 26 18 20 9 14 26 15 29 20 15 8 34 34 23 20 7 22 17 27 19 29 33 19 25 22 0 10 12 20 18 13 19 34 25 43 6 20 25 17 29 36 12 16 26 18 23 16 26 7 11 7 32 12 27 8 27 31 19 17 31 29 27 7 17 16 21 30 14 8 19 11 38 10 8 21 27 11 13 15 37 20 35 12 30 16 25 22 27 19 23 30 25 19 28 24 31 24 16 22 15 18 12 19 36 3 22 31 38 19 33 20 21 13 33 16 5 36 31 18 21 31 24 29 30 40 25 10 9 23 29 22 23
26 16 16 39 17 37 22 27 15 30 8 34 18 15 25 8 16 28 39 18 8 23 16 11 26 22 29 24 5 18 26 26 30 29 5 13 14 34 26 27 25 10 22 16 10 0 2 27 8 23 20 35 20 41 16 10 25 21 31 36 8 7 23 15 30 23 33 15 16 6 29 18 19 18 25 36 16 24 37 28 19 13 22 22 21 24 5 18 27 19 29 15 18 28 19 6 20 24 37 25 33 16 21 7 32 14 34 26 30 22 15 29 20 14 21 23 8 15 6 16 7 26 28 13 16 23 39 10 25 18 25 6 23 7 15 34 29 28 13 29 31 27 22 40 33 18 13 16 24 12 13
25 18 17 41 18 39 22 26 15 32 9 34 18 17 26 6 17 30 40 18 6 25 17 12 27 24 30 26 4 20 25 26 32 31 7 12 15 36 28 28 24 8 22 16 12 2 0 29 7 25 22 36 20 42 18 8 26 23 33 37 8 5 24 16 32 25 35 17 17 7 29 20 18 20 26 38 17 26 39 29 18 15 24 24 23 24 3 20 29 21 28 16 20 30 18 8 22 26 38 27 34 18 20 5 34 13 36 28 32 21 13 31 19 13 19 24 7 14 5 16 8 28 27 15 15 22 40 8 24 19 27 5 21 5 17 35 30 30 12 30 33 28 21 41 35 20 14 15 23 10 11
41 15 15 17 34 17 41 35 24 3 27 29 25 12 24 35 24 7 26 26 35 6 28 17 12 5 14 4 30 17 34 29 3 13 22 30 16 9 1 18 36 37 20 22 20 27 29 0 30 14 8 15 21 28 21 33 11 6 10 21 32 34 18 15 8 7 12 13 31 27 23 9 29 19 19 11 15 3 11 15 31 14 5 5 9 24 32 16 12 11 41 30 21 1 27 21 7 11 19 5 24 11 34 34 7 28 9 9 5 31 36 14 27 37 39 13 25 22 27 38 21 3 37 20 22 36 20 37 29 14 6 33 41 34 21 24 20 16 24 22 4 18 33 22 14 26 29 23 23 39 35
18 17 17 45 25 44 28 19 10 33 16 29 13 18 21 6 24 31 37 12 6 26 24 13 28 26 31 27 3 26 18 21 33 36 11 5 15 38 29 26 17 8 18 12 18 8 7 30 0 30 23 37 16 39 24 3 27 24 34 35 15 8 21 16 35 29 39 21 24 14 25 22 11 26 23 39 17 27 40 29 11 19 25 25 24 19 8 25 33 25 21 23 26 31 13 9 24 30 38 28 30 19 13 8 35 6 37 32 33 14 7 35 13 8 13 24 5 11 3 22 9 29 20 21 12 15 40 8 18 19 28 11 15 7 23 32 28 35 8 26 34 27 14 40 39 26 21 11 20 9 6
47 24 23 17 25 14 32 43 31 15 20 43 33 20 36 32 14 21 40 34 32 19 18 22 26 11 28 17 29 6 42 40 15 7 19 34 23 15 13 32 43 33 31 29 13 23 25 14 30 0 20 29 31 42 11 33 25 16 24 35 25 29 31 23 11 7 13 10 22 20 37 13 36 7 32 25 24 12 25 29 38 12 17 14 22 36 27 5 6 6 48 21 9 15 34 21 11 3 33 19 38 14 41 29 14 33 15 7 13 38 37 6 35 37 43 26 27 30 27 30 22 11 45 11 29 42 34 32 39 25 20 26 45 29 11 38 34 5 31 36 15 32 40 36 12 14 21 30 35 35 36
32 7 6 26 33 26 40 26 15 11 24 23 17 5 16 28 24 8 22 18 28 3 28 10 7 9 10 5 23 19 26 21 11 19 16 22 8 17 8 12 27 30 12 13 19 20 22 8 23 20 0 16 13 24 22 26 6 4 11 17 27 27 11 7 16 13 20 13 30 23 17 7 20 21 12 16 7 8 17 10 22 12 3 6 2 17 25 18 18 14 32 29 23 9 18 14 9 17 18 5 18 7 25 27 15 20 17 15 13 22 28 20 19 30 31 6 18 14 20 35 14 10 29 20 13 27 20 30 21 6 5 26 33 27 21 19 14 22 16 16 12 12 24 21 22 26 28 14 16 32 28
41 20 20 29 48 31 55 33 28 15 39 19 27 20 19 42 38 9 12 29 42 14 42 24 9 20 6 14 37 32 34 24 15 27 32 36 22 21 16 12 37 44 20 26 34 35 36 15 37 29 16 0 22 14 36 40 10 17 5 7 43 41 17 21 22 22 25 27 45 39 16 21 32 34 15 7 20 18 7 8 35 26 15 17 14 21 39 30 26 25 41 43 35 14 29 29 20 26 5 12 13 21 38 41 19 34 21 23 18 33 42 28 29 44 44 13 32 27 34 50 28 18 37 33 26 38 5 44 26 18 12 41 46 41 34 12 11 30 30 14 16 11 35 8 28 39 42 27 20 46 42
20 7 8 39 37 39 42 14 6 24 27 14 5 11 5 23 32 18 21 7 23 15 34 11 13 22 16 17 18 30 14 9 23 32 19 14 8 29 21 10 16 25 2 5 25 20 20 21 16 31 13 22 0 23 31 18 13 17 19 19 28 24 5 8 29 25 33 23 35 25 9 18 10 32 7 24 7 21 25 14 13 21 16 19 12 5 23 29 30 25 21 34 33 21 7 15 20 28 23 17 14 17 16 24 27 12 29 28 26 11 20 32 7 22 22 10 12 5 14 36 14 23 17 28 5 16 25 24 8 7 16 24 24 22 30 16 12 33 8 10 24 11 13 24 35 35 32 5 4 24 20
41 25 25 43 56 45 63 32 29 29 46 13 27 27 19 46 49 21 2 29 46 24 52 30 17 32 14 25 41 43 34 23 29 41 38 37 27 35 29 14 37 48 21 27 43 41 42 28 39 42 24 14 23 0 46 41 18 27 18 7 49 46 19 26 36 35 39 37 54 45 15 31 32 45 17 21 25 30 21 14 35 36 26 28 22 21 45 41 40 36 41 53 46 27 29 35 31 39 9 23 9 31 38 46 33 35 35 37 32 33 42 42 29 44 44 19 35 28 37 57 34 31 37 44 27 38 9 47 26 23 22 47 46 45 45 7 12 44 31 13 30 14 35 6 42 50 51 28 20 47 43
41 24 23 28 14 25 21 41 29 23 10 43 32 20 36 24 3 27 44 32 24 22 7 20 29 16 32 22 21 5 40 40 23 18 13 28 23 25 20 33 39 24 31 28 6 16 18 21 24 11 22 36 31 46 0 26 28 19 31 39 15 20 31 23 21 15 24 9 11 12 37 15 33 4 32 32 24 18 32 32 33 10 20 18 24 36 19 6 17 10 44 10 2 22 33 17 15 13 40 23 39 15 36 20 24 28 25 17 22 36 31 17 34 30 37 27 22 28 21 19 18 19 42 3 28 37 41 24 39 25 24 17 39 21 1 40 35 16 27 36 24 33 36 43 23 5 10 29 35 27 29
17 20 20 48 26 46 29 18 12 36 17 31 15 21 23 5 25 34 39 13 5 29 25 16 31 29 34 30 5 28 17 22 36 38 14 5 18 41 32 28 16 7 20 14 20 10 8 33 3 33 26 40 18 41 26 0 30 27 37 37 16 9 23 19 38 32 42 24 25 15 27 25 12 28 25 42 20 30 43 32 11 22 28 28 27 21 9 28 36 28 20 24 28 34 14 12 27 33 41 31 32 22 12 9 38 7 40 35 36 14 5 38 14 5 11 27 8 13 6 23 12 32 19 23 14 14 43 7 19 22 31 12 13 7 25 34 30 38 10 28 37 29 13 42 42 28 22 13 22 6 3
32 10 10 28 39 28 46 26 18 12 30 18 18 10 13 32 30 5 16 20 32 6 34 14 1 14 4 8 27 25 27 18 12 24 22 26 12 18 12 7 29 34 11 16 25 25 26 11 27 25 6 10 13 18 28 30 0 9 7 11 33 31 9 11 19 18 22 19 36 29 12 13 23 27 8 12 10 13 13 4 25 18 8 11 4 15 29 24 23 19 34 35 29 10 20 19 14 22 12 6 13 13 28 31 16 24 18 20 15 24 32 25 20 34 34 3 22 17 24 41 18 14 30 26 16 29 14 34 20 8 5 31 36 31 27 13 9 27 20 11 13 7 26 15 25 32 34 17 13 36 32
35 10 9 22 31 22 38 30 18 9 22 27 20 7 20 29 22 8 25 21 29 3 25 11 10 5 13 3 24 16 29 25 9 15 16 24 11 14 5 16 30 31 16 16 17 21 23 6 24 16 4 17 17 27 19 27 9 0 12 20 27 28 15 10 13 9 17 10 28 22 21 4 23 18 16 15 10 4 16 13 25 9 1 2 6 21 26 15 14 10 35 26 20 7 21 15 5 13 21 4 22 5 28 28 12 23 14 11 10 25 30 16 22 31 34 10 19 17 21 33 15 6 32 17 16 30 22 31 25 10 5 27 36 28 18 22 18 18 19 20 10 16 27 24 18 23 25 17 20 33 29
39 17 17 25 43 27 50 33 25 11 34 21 24 16 19 39 33 4 16 26 39 9 37 21 6 15 5 9 34 27 33 24 11 23 27 33 19 17 11 12 35 41 18 23 29 31 33 10 34 24 11 5 19 18 31 37 7 12 0 11 38 38 15 18 18 17 21 22 40 34 17 16 29 29 14 5 17 13 6 7 32 21 10 12 10 21 36 25 22 20 40 38 30 9 26 25 15 21 9 7 15 16 35 38 15 31 17 19 14 30 39 24 26 41 41 10 29 24 31 45 25 13 36 28 23 35 10 41 26 15 7 37 43 38 29 14 12 26 27 15 12 11 32 12 24 34 37 24 19 43 39
38 20 20 36 50 38 57 29 25 22 41 12 24 21 16 41 42 14 5 26 41 17 45 25 10 24 7 18 36 36 31 20 22 34 33 33 22 28 22 9 34 43 17 23 36 36 37 21 35 35 17 7 19 7 39 37 11 20 11 0 44 42 14 21 29 28 32 30 47 40 12 24 29 38 12 14 20 23 14 7 32 29 19 21 15 18 40 34 33 29 38 46 39 20 26 30 24 32 4 16 6 24 35 42 26 31 28 30 25 30 39 35 26 41 41 12 31 24 33 52 29 24 34 37 23 35 6 43 23 17 15 42 43 41 38 5 7 37 27 10 23 8 32 5 35 43 45 24 17 43 39
33 24 24 42 10 39 14 34 23 35 5 42 26 23 33 11 13 34 47 26 11 29 11 19 34 27 37 30 12 19 33 34 35 32 11 20 22 39 31 35 32 11 30 24 12 8 8 32 15 25 27 43 28 49 15 16 33 27 38 44 0 7 31 23 35 28 38 19 9 5 37 23 26 19 33 42 24 29 43 36 26 18 28 27 29 32 7 20 31 23 36 8 17 33 26 14 25 27 45 31 41 22 28 7 37 21 39 31 35 29 21 31 27 19 27 31 15 22 13 8 15 31 35 14 23 30 47 11 32 26 31 4 29 9 15 42 37 30 20 37 36 35 29 48 37 15 7 23 31 14 19
26 22 22 45 17 43 20 27 18 37 10 37 21 22 29 4 19 35 45 20 4 30 18 17 32 29 35 31 6 24 26 29 37 35 12 13 20 41 33 33 25 4 26 19 16 7 5 34 8 29 27 41 24 46 20 9 31 28 38 42 7 0 28 21 37 30 40 21 16 9 32 25 19 24 30 43 22 31 44 34 19 20 29 29 28 27 2 24 34 25 29 15 22 35 21 13 27 30 43 32 37 23 21 0 39 14 41 33 37 22 14 35 21 12 20 29 11 18 9 14 13 33 28 19 19 23 45 4 26 24 32 3 22 2 20 39 35 34 16 33 38 33 22 46 40 21 14 19 27 7 12
24 7 8 36 38 36 45 18 11 21 28 12 10 11 5 27 33 14 17 12 27 12 35 12 9 20 11 14 22 30 19 10 20 30 20 19 9 26 18 5 21 29 3 9 26 23 24 18 21 31 11 17 5 19 31 23 9 15 15 14 31 28 0 8 26 24 30 23 36 27 6 18 15 32 2 20 7 19 21 9 18 21 14 17 9 6 27 29 29 25 26 35 33 18 12 17 20 28 18 14 10 17 21 28 24 17 26 26 23 16 25 31 12 27 27 6 17 10 19 39 16 20 22 28 9 21 20 29 11 6 13 29 29 27 30 12 7 33 13 6 21 6 18 19 32 35 33 10 5 29 25
25 1 1 32 30 32 36 19 8 18 20 20 10 3 13 21 25 15 24 11 21 10 27 4 12 14 15 12 16 22 19 17 18 24 12 15 1 24 15 12 20 23 8 7 18 15 16 15 16 23 7 21 8 26 23 19 11 10 18 21 23 21 8 0 23 17 27 15 28 19 14 10 13 24 10 23 1 14 24 13 16 13 10 12 8 13 19 21 22 17 25 27 25 16 12 9 12 20 22 12 18 9 19 21 22 13 24 20 20 16 21 24 12 23 24 8 11 7 13 31 8 16 22 20 7 20 24 23 16 3 12 21 26 21 22 19 14 25 9 14 19 12 17 25 27 27 25 8 12 25 21
48 23 22 9 35 9 42 43 31 7 30 37 33 20 32 38 24 15 34 34 38 14 28 23 20 9 22 12 34 16 42 37 7 5 25 36 24 4 8 26 43 40 28 29 23 30 32 8 35 11 16 22 29 36 21 38 19 13 18 29 35 37 26 23 0 7 4 16 32 30 31 13 36 17 27 15 23 8 16 23 38 17 13 10 17 32 35 15 5 12 48 31 19 9 34 25 11 8 27 13 32 15 41 37 3 35 4 4 4 38 42 6 35 43 46 21 31 30 31 40 25 6 45 21 29 43 27 40 37 22 14 36 48 37 21 32 28 8 32 30 6 26 40 30 6 24 31 30 31 42 41
43 18 17 15 29 14 36 37 26 9 23 36 28 14 29 31 18 14 33 29 31 12 22 17 19 4 21 10 28 10 36 34 9 6 18 30 18 11 6 25 38 33 25 24 16 23 25 7 29 7 13 22 25 35 15 32 18 9 17 28 28 30 24 17 7 0 10 9 26 23 30 7 30 12 25 18 18 5 18 22 33 10 10 7 15 30 28 9 5 5 42 24 14 8 29 19 5 4 26 12 31 9 36 30 9 29 11 3 7 33 36 7 29 37 40 19 25 24 25 33 19 5 39 14 24 37 27 33 33 19 13 29 42 30 15 31 27 9 26 29 9 25 34 29 10 19 24 25 29 35 35
52 27 26 5 38 6 45 47 35 10 33 40 37 24 36 41 27 18 37 38 41 18 31 27 23 13 25 16 38 19 46 41 10 6 28 40 28 4 12 29 47 43 32 33 26 33 35 12 39 13 20 25 33 39 24 42 22 17 21 32 38 40 30 27 4 10 0 19 35 33 34 17 40 20 30 18 27 12 18 26 42 20 17 14 21 36 38 18 7 15 52 34 22 12 38 29 15 11 30 17 35 19 45 40 6 39 4 7 7 42 46 7 39 47 50 25 35 34 35 43 29 10 49 24 33 47 30 43 41 26 17 39 52 40 24 35 31 9 36 33 9 29 44 33 3 27 34 34 35 45 45
37 16 15 24 21 22 28 33 21 16 14 35 24 12 28 23 11 18 35 24 23 13 15 12 20 8 23 13 20 7 33 32 16 14 10 24 15 20 12 24 33 24 23 20 7 15 17 13 21 10 13 27 23 37 9 24 19 10 22 30 19 21 23 15 16 9 19 0 18 14 29 6 26 9 24 24 16 10 24 23 28 2 11 9 15 28 19 6 12 4 38 17 10 14 25 11 6 9 31 14 30 6 31 21 18 23 20 12 16 29 28 14 26 29 34 19 17 20 17 25 12 12 36 7 20 32 32 24 31 17 15 20 36 21 8 31 26 14 21 28 17 25 30 34 18 13 16 21 27 27 27
42 29 29 39 3 36 10 43 31 34 8 48 34 27 40 20 8 36 52 34 20 31 4 24 38 26 41 31 21 16 42 42 34 29 16 29 27 36 30 40 41 20 35 31 11 16 17 31 24 22 30 45 35 54 11 25 36 28 40 47 9 16 36 28 32 26 35 18 0 10 42 23 35 15 38 42 29 28 42 40 35 18 28 27 32 40 16 17 28 21 45 1 13 32 35 20 24 24 48 31 46 23 37 16 35 30 36 28 33 38 30 28 36 28 36 35 24 31 22 8 21 30 44 11 31 39 49 20 41 31 32 13 38 18 11 47 42 27 29 42 34 40 38 51 34 8 3 32 39 23 28
32 20 20 37 12 34 18 33 21 30 2 39 24 19 30 12 10 30 43 24 12 25 10 15 30 22 33 25 11 15 32 32 30 27 7 19 18 34 26 31 31 12 26 21 7 6 7 27 14 20 23 39 25 45 12 15 29 22 34 40 5 9 27 19 30 23 33 14 10 0 33 18 25 15 29 37 20 24 38 32 25 13 23 22 25 30 7 15 26 18 35 9 14 28 25 10 20 22 41 26 37 17 27 9 32 20 34 26 30 28 20 26 26 20 26 27 14 21 12 12 11 26 34 10 21 29 43 12 31 22 27 6 28 9 11 38 33 25 19 33 31 31 28 44 32 13 7 22 29 15 18
26 13 14 39 44 40 51 17 15 24 34 6 12 17 4 31 39 16 13 14 31 18 41 18 11 26 12 20 27 36 19 8 24 36 26 22 15 30 24 5 22 33 7 13 32 29 29 23 25 37 17 16 9 15 37 27 12 21 17 12 37 32 6 14 31 30 34 29 42 33 0 24 17 38 5 22 13 25 23 10 20 27 20 23 15 6 31 35 35 31 26 41 39 22 14 23 26 34 16 18 6 23 23 32 28 20 30 32 27 18 27 37 14 29 29 11 21 14 23 45 22 26 22 34 13 23 18 33 11 12 17 33 31 31 36 8 5 39 17 2 25 6 20 17 37 41 39 14 5 33 28
35 11 10 22 27 21 34 30 19 12 18 30 20 7 23 26 17 12 29 21 26 7 21 10 14 4 17 7 21 12 29 27 12 13 13 23 11 16 8 19 31 28 18 17 12 18 20 9 22 13 7 21 18 31 15 25 13 4 16 24 23 25 18 10 13 7 17 6 23 18 24 0 23 14 19 19 11 6 20 17 26 5 5 4 9 23 23 11 12 7 35 22 16 10 22 12 2 10 25 8 25 2 29 25 14 22 16 10 12 26 29 14 22 30 33 13 18 17 18 29 12 8 32 13 17 30 26 28 26 12 9 24 35 25 14 26 21 15 19 23 13 19 27 28 17 19 21 18 22 30 28
11 14 14 46 36 45 40 8 5 32 27 21 5 17 13 17 34 27 30 3 17 23 35 14 23 28 26 25 14 33 7 11 31 38 20 7 13 37 28 20 7 19 12 7 27 19 18 29 11 36 20 32 10 32 33 12 23 23 29 29 26 19 15 13 36 30 40 26 35 25 17 23 0 35 17 34 14 27 35 24 3 24 23 25 20 11 19 32 35 30 12 34 35 29 3 16 25 33 33 25 23 22 6 19 35 5 37 33 33 3 11 37 3 13 12 20 11 6 13 33 15 29 10 30 7 7 35 19 8 15 24 22 14 18 32 25 22 38 6 19 32 21 4 34 40 37 32 6 12 18 12
44 25 24 24 18 21 25 42 30 21 14 44 33 21 37 27 7 25 43 33 27 21 11 21 28 14 31 20 24 2 42 41 21 14 15 30 24 21 18 33 41 27 32 29 8 18 20 19 26 7 21 34 32 45 4 28 27 18 29 38 19 24 32 24 17 12 20 9 15 15 38 14 35 0 33 30 25 16 30 31 35 11 19 16 23 37 22 3 13 8 46 14 2 20 34 19 13 9 38 21 39 15 38 24 20 30 21 13 19 38 33 13 35 32 39 27 24 29 23 23 20 17 44 5 29 39 39 27 40 26 22 21 41 24 4 40 35 12 29 37 21 33 38 41 19 7 14 30 36 30 31
26 9 9 36 40 36 46 18 13 20 30 11 12 12 5 29 34 13 15 14 29 13 36 14 8 21 9 15 24 31 19 10 20 31 22 21 11 26 19 3 22 31 5 11 27 25 26 19 23 32 12 15 7 17 32 25 8 16 14 12 33 30 2 10 27 25 30 24 38 29 5 19 17 33 0 19 9 20 20 7 20 22 15 18 10 6 29 30 30 26 26 37 34 18 14 19 21 29 16 14 8 18 23 30 24 19 26 27 23 18 27 32 14 29 29 6 19 12 21 41 18 21 22 29 11 23 18 31 11 7 13 31 31 29 31 10 5 34 15 4 21 4 20 17 33 36 35 12 5 31 27
44 22 22 22 45 24 52 38 30 10 37 26 29 21 24 44 35 8 19 31 44 13 39 26 11 16 10 12 39 28 38 29 10 21 31 38 24 14 12 17 40 46 23 28 31 36 38 11 39 25 16 7 24 21 32 42 12 15 5 14 42 43 20 23 15 18 18 24 42 37 22 19 34 30 19 0 22 14 1 12 37 24 14 15 15 25 41 27 20 22 45 41 32 10 31 30 18 22 12 11 20 20 40 43 12 36 14 18 12 35 44 21 31 46 46 15 34 29 36 48 30 14 41 31 28 40 12 46 30 20 11 42 48 43 32 19 17 23 32 20 10 16 37 15 21 37 40 29 24 48 44
25 0 1 32 31 32 37 19 9 18 21 19 10 4 12 22 26 14 23 11 22 10 28 5 11 15 14 12 17 23 19 16 18 24 13 16 2 24 15 11 21 24 7 7 19 16 17 15 17 24 7 20 7 25 24 20 10 10 17 20 24 22 7 1 23 18 27 16 29 20 13 11 14 25 9 22 0 14 23 12 16 14 10 12 7 12 20 22 23 18 26 28 26 16 12 10 13 21 21 12 17 10 19 22 22 14 24 21 20 16 22 25 12 24 25 7 12 8 14 32 9 16 22 21 7 21 23 24 15 2 11 22 27 22 23 18 13 26 10 13 19 11 18 24 28 28 26 8 11 26 22
40 14 14 17 31 17 38 34 23 6 24 31 24 11 24 32 21 9 28 25 32 7 25 15 14 2 16 5 27 14 33 29 6 11 19 28 15 10 2 20 35 34 20 21 17 24 26 3 27 12 8 18 21 30 18 30 13 4 13 23 29 31 19 14 8 5 12 10 28 24 25 6 27 16 20 14 14 0 14 17 29 11 5 2 10 25 29 13 10 8 39 27 18 4 25 18 4 9 22 7 26 8 32 31 8 27 10 7 6 29 34 12 26 35 38 14 23 21 24 35 18 2 36 17 20 34 23 34 29 14 8 30 40 31 18 26 22 14 23 24 7 20 31 25 14 23 26 21 24 36 33
45 23 23 22 46 24 53 39 31 10 38 26 30 22 25 45 36 9 19 32 45 14 40 27 12 17 11 13 40 29 39 30 10 21 32 39 25 14 12 18 41 47 24 29 31 37 39 11 40 25 17 7 25 21 32 43 13 16 6 14 43 44 21 24 16 18 18 24 42 38 23 20 35 30 20 1 23 14 0 13 38 25 15 16 16 26 42 27 21 22 46 41 32 10 32 31 18 22 12 12 20 21 41 44 13 37 14 18 12 36 45 22 32 47 47 16 35 30 37 49 31 14 42 31 29 41 12 47 31 21 12 43 49 44 32 19 18 24 33 21 10 17 38 15 21 37 40 30 25 49 45
33 12 12 31 43 32 50 25 20 16 33 14 19 13 12 34 34 8 12 21 34 10 38 17 3 18 2 12 29 29 26 17 16 28 25 28 14 22 16 5 29 36 12 18 29 28 29 15 29 29 10 8 14 14 32 32 4 13 7 7 36 34 9 13 23 22 26 23 40 32 10 17 24 31 7 12 12 17 13 0 27 22 12 15 8 13 32 28 27 23 33 39 33 14 21 22 18 26 9 10 9 17 30 34 20 26 22 24 19 25 34 29 21 36 36 5 24 19 26 44 21 18 29 30 18 30 11 36 18 10 9 34 38 34 31 9 5 31 22 8 17 4 27 12 29 36 37 19 12 38 34
8 16 17 49 36 48 39 8 8 34 27 23 8 20 16 16 34 30 33 6 16 26 35 16 26 30 29 28 14 34 7 13 34 40 20 6 15 40 31 23 6 18 15 9 27 19 18 31 11 38 22 35 13 35 33 11 25 25 32 32 26 19 18 16 38 33 42 28 35 25 20 26 3 35 20 37 16 29 38 27 0 26 25 27 22 14 19 34 38 32 11 34 35 31 6 17 28 36 36 27 26 24 3 19 37 5 39 36 35 3 8 40 6 10 9 22 11 9 13 33 16 31 9 30 9 5 38 18 10 17 26 22 11 18 32 28 25 41 7 22 34 24 3 37 43 37 32 8 15 16 9
34 14 13 25 21 24 28 31 19 17 13 33 22 10 26 21 12 17 34 22 21 12 16 10 19 9 22 12 18 9 31 30 17 16 8 21 13 21 13 23 31 23 21 18 7 13 15 14 19 12 12 26 21 36 10 22 18 9 21 29 18 20 21 13 17 10 20 2 18 13 27 5 24 11 22 24 14 11 25 22 26 0 10 9 14 26 18 8 14 6 36 17 12 15 23 9 7 11 30 13 29 5 29 20 19 21 21 13 17 27 26 16 24 27 31 17 15 18 15 24 10 13 34 8 18 30 31 23 29 15 14 19 33 20 9 30 25 16 19 26 18 23 28 33 20 14 16 19 25 25 25
35 10 9 22 32 22 39 29 18 8 23 26 20 7 19 30 22 6 24 21 30 2 26 12 9 6 12 2 25 17 29 24 8 16 17 25 11 14 5 15 30 32 15 16 17 22 24 5 25 17 3 15 16 26 20 28 8 1 10 19 28 29 14 10 13 10 17 11 28 23 20 5 23 19 15 14 10 5 15 12 25 10 0 3 5 20 27 16 15 11 35 27 21 6 21 16 6 14 19 3 21 6 28 29 12 23 14 12 10 25 31 17 22 32 34 9 20 17 22 34 16 7 32 18 16 30 20 32 24 9 4 28 36 29 19 21 17 19 19 19 9 15 27 22 19 24 26 17 19 34 30
37 12 11 19 30 19 37 31 20 8 22 29 22 9 22 30 21 8 26 23 30 5 25 13 12 3 14 3 25 14 31 27 8 13 17 26 13 12 4 18 32 32 18 18 16 22 24 5 25 14 6 17 19 28 18 28 11 2 12 21 27 29 17 12 10 7 14 9 27 22 23 4 25 16 18 15 12 2 16 15 27 9 3 0 8 23 27 13 12 8 37 26 18 6 23 16 3 11 21 5 24 6 30 29 10 25 12 9 8 27 32 14 24 33 36 12 21 19 22 33 16 4 34 16 18 32 22 32 27 12 6 28 38 29 17 24 20 16 21 22 9 18 29 24 16 22 25 19 22 34 31
31 7 7 26 35 26 42 26 15 11 26 21 16 6 14 29 26 7 20 18 29 3 30 11 5 11 8 5 24 21 25 19 11 21 18 23 9 17 9 10 27 31 11 13 21 21 23 9 24 22 2 14 12 22 24 27 4 6 10 15 29 28 9 8 17 15 21 15 32 25 15 9 20 23 10 15 7 10 16 8 22 14 5 8 0 15 26 20 20 16 32 31 25 9 18 15 11 19 16 5 16 9 25 28 15 21 17 17 14 22 29 22 18 31 31 4 19 14 21 37 15 11 28 22 13 27 18 31 20 5 4 27 33 28 23 17 12 24 17 14 12 10 24 19 23 28 30 14 14 33 29
20 12 13 42 42 42 47 11 9 27 32 10 7 16 2 26 37 20 19 8 26 18 39 16 15 26 16 20 21 35 13 4 26 36 24 16 13 32 24 9 16 28 5 9 30 24 24 24 19 36 17 21 5 21 36 21 15 21 21 18 32 27 6 13 32 30 36 28 40 30 6 23 11 37 6 25 12 25 26 13 14 26 20 23 15 0 26 34 35 30 20 39 38 24 8 20 25 33 22 20 12 22 17 27 30 14 32 32 29 12 21 37 8 23 23 12 16 10 18 40 19 26 16 33 9 17 24 27 5 11 19 28 25 26 35 14 11 38 11 8 27 10 14 23 38 40 37 9 1 27 22
26 21 20 43 17 41 20 27 17 35 9 36 20 20 28 4 17 33 43 20 4 28 17 15 30 27 33 29 5 22 26 28 35 33 10 13 18 39 31 31 25 5 24 18 14 5 3 32 8 27 25 39 23 45 19 9 29 26 36 40 7 2 27 19 35 28 38 19 16 7 31 23 19 22 29 41 20 29 42 32 19 18 27 27 26 26 0 22 31 23 29 15 21 33 20 11 25 28 41 30 36 21 21 2 37 14 39 31 35 22 14 33 21 12 20 27 9 16 7 14 11 31 28 17 17 23 43 5 26 22 30 3 22 2 18 38 33 32 14 32 36 31 22 44 37 20 13 17 25 8 12
42 22 21 22 20 19 27 39 27 18 15 41 30 18 34 26 9 21 39 30 26 18 13 18 25 11 27 16 23 1 39 38 18 12 14 29 21 19 15 30 39 27 29 26 8 18 20 16 25 5 18 30 29 41 6 28 24 15 25 34 20 24 29 21 15 9 18 6 17 15 35 11 32 3 30 27 22 13 27 28 34 8 16 13 20 34 22 0 11 5 44 16 5 17 31 17 10 7 34 18 36 12 37 24 18 29 19 11 16 35 32 11 32 32 38 24 23 26 22 25 18 14 42 6 26 38 35 27 37 23 19 21 40 24 6 37 32 10 27 34 18 30 36 37 17 10 16 27 33 30 31
48 23 22 11 31 9 38 42 31 11 26 41 33 19 34 36 20 19 38 34 36 17 24 22 24 9 26 15 32 12 41 39 11 1 22 35 23 9 11 30 43 37 30 29 19 27 29 12 33 6 18 26 30 40 17 36 23 14 22 33 31 34 29 22 5 5 7 12 28 26 35 12 35 13 30 20 23 10 21 27 38 14 15 12 20 35 31 11 0 8 47 27 15 13 34 23 10 4 31 17 36 14 41 33 8 34 9 3 8 38 40 2 34 41 45 24 29 29 29 36 24 9 44 17 29 42 31 36 38 24 18 32 47 33 17 36 32 4 31 34 10 30 39 34 6 20 27 30 34 39 39
40 18 17 19 24 17 31 36 25 13 18 37 27 14 30 27 13 16 34 28 27 13 17 16 20 6 22 11 24 6 36 34 13 9 14 27 17 16 10 26 37 28 25 23 11 19 21 11 25 6 14 25 25 36 10 28 19 10 20 29 23 25 25 17 12 5 15 4 21 18 31 7 30 8 26 22 18 8 22 23 32 6 11 8 16 30 23 5 8 0 42 19 10 12 28 15 5 5 29 13 32 8 35 25 14 27 16 8 12 32 32 10 29 33 37 20 21 24 21 28 16 9 39 9 23 36 30 28 33 19 14 24 39 25 10 32 28 10 25 30 14 26 34 32 14 15 19 24 29 31 31
3 26 27 59 46 58 49 9 17 44 37 28 16 29 22 25 44 39 39 15 25 35 45 26 34 40 36 37 24 45 7 18 43 50 31 16 25 49 40 29 5 26 23 19 38 29 28 41 21 48 32 41 21 41 44 20 34 35 40 38 36 29 26 25 48 42 52 38 45 35 26 35 12 46 26 45 26 39 46 33 11 36 35 37 32 20 29 44 47 42 0 44 46 41 14 28 37 45 42 37 32 34 8 29 47 15 49 45 45 10 15 49 14 17 9 31 21 18 23 43 26 41 4 41 19 6 44 26 15 27 36 32 8 27 43 34 31 50 18 28 44 30 8 43 52 47 42 18 21 23 17
41 28 28 38 4 35 11 42 30 33 7 47 33 26 39 19 7 34 51 33 19 29 3 23 36 25 39 29 20 15 41 41 33 28 15 28 26 35 29 39 40 19 34 30 10 15 16 30 23 21 29 43 34 53 10 24 35 26 38 46 8 15 35 27 31 24 34 17 1 9 41 22 34 14 37 41 28 27 41 39 34 17 27 26 31 39 15 16 27 19 44 0 12 31 34 19 23 23 46 30 45 22 36 15 33 29 35 27 31 37 29 27 35 27 35 34 23 30 21 9 20 28 43 10 30 38 47 19 40 30 31 12 37 17 10 46 41 26 28 41 33 39 37 49 33 7 2 31 38 22 27
43 26 25 26 16 23 23 43 31 23 12 45 34 22 38 26 5 26 44 34 26 23 9 22 30 16 32 21 23 4 42 42 23 16 15 30 25 23 20 34 41 26 33 30 8 18 20 21 26 9 23 35 33 46 2 28 29 20 30 39 17 22 33 25 19 14 22 10 13 14 39 16 35 2 34 32 26 18 32 33 35 12 21 18 25 38 21 5 15 10 46 12 0 22 35 19 15 11 39 23 40 16 38 22 22 30 23 15 21 38 33 15 36 32 39 29 24 30 23 21 20 19 44 5 30 39 40 26 41 27 24 19 41 23 3 41 36 14 29 38 23 35 38 42 21 5 12 31 37 29 31
40 16 15 17 35 18 42 35 24 2 28 28 25 13 23 36 25 6 25 27 36 6 29 18 11 6 13 4 31 18 34 28 2 14 23 31 17 8 2 17 36 38 20 22 21 28 30 1 31 15 9 14 21 27 22 34 10 7 9 20 33 35 18 16 9 8 12 14 32 28 22 10 29 20 18 10 16 4 10 14 31 15 6 6 9 24 33 17 13 12 41 31 22 0 27 22 8 12 18 5 23 12 34 35 6 29 8 10 5 31 37 15 27 38 40 12 26 23 28 39 22 4 37 21 22 36 19 38 29 14 5 34 42 35 22 23 19 17 25 21 3 17 33 21 15 27 30 23 23 40 36
13 12 12 44 36 43 41 8 4 30 27 18 2 15 10 19 34 25 27 1 19 21 35 13 20 26 23 23 16 32 8 9 29 36 20 9 11 35 26 17 9 21 9 5 27 19 18 27 13 34 18 29 7 29 33 14 20 21 26 26 26 21 12 12 34 29 38 25 35 25 14 22 3 34 14 31 12 25 32 21 6 23 21 23 18 8 20 31 34 28 14 34 35 27 0 16 24 32 30 23 20 20 9 21 33 7 35 32 31 5 13 36 1 15 15 17 11 5 13 34 15 27 11 30 5 9 32 21 6 13 22 23 17 20 32 22 19 37 6 16 30 18 6 31 39 37 32 4 9 20 14
25 10 10 34 22 33 28 24 12 24 12 29 15 9 20 14 18 22 33 15 14 17 19 5 20 16 23 18 9 17 23 23 24 25 4 12 8 28 20 21 23 16 16 11 11 6 8 21 9 21 14 29 15 35 17 12 19 15 25 30 14 13 17 9 25 19 29 11 20 10 23 12 16 19 19 30 10 18 31 22 17 9 16 16 15 20 11 17 23 15 28 19 19 22 16 0 14 20 31 19 27 10 20 13 26 12 28 22 24 19 16 25 17 17 22 17 6 11 6 22 1 20 26 14 11 21 33 16 22 12 19 12 24 13 16 28 23 25 10 23 25 21 20 34 29 21 17 12 19 18 15
37 13 12 20 27 19 34 32 21 10 20 32 22 9 25 28 17 11 29 23 28 8 21 12 15 2 17 6 23 11 31 29 10 11 15 25 13 14 6 21 33 30 20 19 13 20 22 7 24 11 9 20 20 31 15 27 14 5 15 24 25 27 20 12 11 5 15 6 24 20 26 2 25 13 21 18 13 4 18 18 28 7 6 3 11 25 25 10 10 5 37 23 15 8 24 14 0 8 24 8 27 4 31 27 12 24 14 8 10 28 30 12 24 31 35 15 20 19 20 31 14 6 34 13 19 32 25 30 28 14 9 26 37 27 14 27 23 13 21 25 11 21 29 27 15 19 22 20 24 32 29
45 21 20 15 27 13 34 40 29 12 22 40 30 17 33 32 16 18 37 31 32 16 20 20 23 8 25 14 29 8 39 37 12 5 19 32 21 12 10 29 41 33 28 27 15 24 26 11 30 3 17 26 28 39 13 33 22 13 21 32 27 30 28 20 8 4 11 9 24 22 34 10 33 9 29 22 21 9 22 26 36 11 14 11 19 33 28 7 4 5 45 23 11 12 32 20 8 0 30 16 35 12 39 30 11 32 12 4 10 36 36 5 32 37 42 23 26 27 26 32 21 8 42 13 27 40 31 33 36 22 17 28 44 30 13 35 31 5 29 33 12 29 37 33 10 16 23 28 32 36 35
42 21 21 34 51 36 58 33 29 20 42 16 28 22 20 43 42 13 7 30 43 18 46 26 11 24 8 18 38 36 35 24 20 32 34 37 23 26 20 13 38 45 21 27 37 37 38 19 38 33 18 5 23 9 40 41 12 21 9 4 45 43 18 22 27 26 30 31 48 41 16 25 33 38 16 12 21 22 12 9 36 30 19 21 16 22 41 34 31 29 42 46 39 18 30 31 24 30 0 16 10 25 39 43 24 35 26 28 23 34 43 33 30 45 45 14 33 28 35 53 30 22 38 37 27 39 2 45 27 19 16 43 47 43 38 9 11 35 31 14 21 12 36 3 33 43 45 28 21 47 43
36 12 11 22 35 22 42 31 20 7 26 24 21 10 19 33 25 3 21 23 33 2 29 15 7 8 9 2 28 19 30 24 7 18 20 27 13 13 6 13 32 35 16 18 20 25 27 5 28 19 5 12 17 23 23 31 6 4 7 16 31 32 14 12 13 12 17 14 31 26 18 8 25 21 14 11 12 7 12 10 27 13 3 5 5 20 30 18 17 13 37 30 23 5 23 19 8 16 16 0 19 9 30 32 11 25 13 14 10 27 33 19 23 35 36 8 23 19 25 37 19 8 33 21 18 32 17 35 25 10 1 31 38 32 22 19 15 21 21 17 8 13 29 19 19 27 29 19 19 37 33
32 17 17 39 48 41 54 23 20 25 38 6 18 19 10 37 41 17 7 20 37 19 44 22 12 27 10 21 32 37 25 14 25 37 30 28 19 31 25 6 28 39 12 18 35 33 34 24 30 38 18 13 14 9 39 32 13 22 15 6 41 37 10 18 32 31 35 30 46 37 6 25 23 39 8 20 17 26 20 9 26 29 21 24 16 12 36 36 36 32 32 45 40 23 20 27 27 35 10 19 0 24 29 37 29 26 31 33 28 24 33 38 20 35 35 12 26 19 28 49 26 27 28 37 18 29 12 38 17 15 18 38 37 36 38 2 4 40 22 4 26 6 26 11 38 43 43 19 11 38 34
33 10 9 24 26 23 33 28 17 14 17 29 19 6 22 24 17 12 29 19 24 8 21 8 14 6 17 8 19 13 28 26 14 15 11 21 9 18 10 18 29 26 17 15 12 16 18 11 19 14 7 21 17 31 15 22 13 5 16 24 22 23 17 9 15 9 19 6 23 17 23 2 22 15 18 20 10 8 21 17 24 5 6 6 9 22 21 12 14 8 34 22 16 12 20 10 4 12 25 9 24 0 27 23 16 20 18 12 14 24 26 16 21 27 31 13 15 16 16 28 10 10 31 13 15 29 26 26 25 11 10 22 33 23 14 25 20 17 17 22 15 19 26 28 19 19 21 16 21 28 25
5 19 20 52 38 51 41 8 11 37 29 25 11 23 19 17 36 33 36 9 17 29 37 19 29 33 32 31 16 37 6 15 37 43 23 8 18 43 34 26 4 18 18 12 30 21 20 34 13 41 25 38 16 38 36 12 28 28 35 35 28 21 21 19 41 36 45 31 37 27 23 29 6 38 23 40 19 32 41 30 3 29 28 30 25 17 21 37 41 35 8 36 38 34 9 20 31 39 39 30 29 27 0 21 40 8 42 39 38 5 8 43 9 10 6 25 14 12 15 35 19 34 7 33 12 2 41 18 12 20 29 24 8 19 35 31 28 44 10 25 37 27 3 40 46 39 34 11 18 16 9
26 22 22 45 17 43 20 27 18 37 10 37 21 22 29 4 19 35 45 20 4 30 18 17 32 29 35 31 6 24 26 29 37 35 12 13 20 41 33 33 25 4 26 19 16 7 5 34 8 29 27 41 24 46 20 9 31 28 38 42 7 0 28 21 37 30 40 21 16 9 32 25 19 24 30 43 22 31 44 34 19 20 29 29 28 27 2 24 33 25 29 15 22 35 21 13 27 30 43 32 37 23 21 0 39 14 41 33 37 22 14 35 21 12 20 29 11 18 9 14 13 33 28 19 19 23 45 4 26 24 32 3 22 2 20 39 35 34 16 33 38 33 22 46 39 21 14 19 27 7 12
47 22 21 10 38 12 45 41 30 4 32 34 32 19 30 40 27 12 31 33 40 12 31 23 17 10 19 10 35 19 41 35 4 8 27 36 23 2 7 23 42 42 26 28 25 32 34 7 35 14 15 19 27 33 24 38 16 12 15 26 37 39 24 22 3 9 6 18 35 32 28 14 35 20 24 12 22 8 13 20 37 19 12 10 15 30 37 18 8 14 47 33 22 6 33 26 12 11 24 11 29 16 40 39 0 35 2 7 2 37 42 9 33 43 46 18 31 29 32 42 26 6 43 23 28 42 24 42 35 20 11 38 48 39 24 29 25 11 31 27 3 23 39 27 9 27 33 29 29 44 41
13 14 14 45 31 44 34 13 6 31 22 24 8 16 16 12 29 28 33 6 12 23 30 12 25 26 28 25 9 29 12 15 31 36 15 2 12 37 28 22 11 14 14 8 22 14 13 28 6 33 20 34 12 35 28 7 24 23 31 31 21 14 17 13 35 29 39 23 30 20 20 22 5 30 19 36 14 27 37 26 5 21 23 25 21 14 14 29 34 27 15 29 30 29 7 12 24 32 35 25 26 20 8 14 35 0 37 32 33 8 8 36 7 10 11 21 6 7 8 28 11 29 14 25 8 9 37 14 12 16 25 17 13 13 27 28 24 37 4 22 32 23 8 36 39 32 27 7 15 13 8
49 24 23 8 39 10 46 43 32 6 34 36 34 21 32 42 28 14 33 35 42 14 32 25 19 12 21 12 37 20 43 37 6 9 29 38 25 0 9 25 44 44 28 30 27 34 36 9 37 15 17 21 29 35 25 40 18 14 17 28 39 41 26 24 4 11 4 20 36 34 30 16 37 21 26 14 24 10 14 22 39 21 14 12 17 32 39 19 9 16 49 35 23 8 35 28 14 12 26 13 31 18 42 41 2 37 0 8 4 39 44 10 35 45 48 20 33 31 34 44 28 8 45 25 30 44 26 44 37 22 13 40 50 41 25 31 27 12 33 29 5 25 41 29 7 28 35 31 31 46 43
45 21 20 12 31 10 38 40 29 8 26 38 30 17 31 34 20 16 35 31 34 14 24 20 21 7 23 12 31 12 39 36 8 4 21 33 21 8 8 27 41 36 27 27 19 26 28 9 32 7 15 23 28 37 17 35 20 11 19 30 31 33 26 20 4 3 7 12 28 26 32 10 33 13 27 18 21 7 18 24 36 13 12 9 17 32 31 11 3 8 45 27 15 10 32 22 8 4 28 14 33 12 39 33 7 32 8 0 6 36 38 5 32 39 43 21 27 27 28 36 22 6 42 17 27 40 28 36 36 21 15 32 45 33 17 33 29 7 29 31 8 27 37 31 7 20 27 28 31 38 37
45 20 19 12 36 13 43 39 28 3 30 33 30 17 28 38 25 11 30 31 38 11 29 21 16 8 18 9 33 17 39 33 3 9 25 34 21 4 5 22 40 40 25 26 23 30 32 5 33 13 13 18 26 32 22 36 15 10 14 25 35 37 23 20 4 7 7 16 33 30 27 12 33 19 23 12 20 6 12 19 35 17 10 8 14 29 35 16 8 12 45 31 21 5 31 24 10 10 23 10 28 14 38 37 2 33 4 6 0 35 40 10 32 41 44 17 29 27 30 40 24 4 42 21 26 40 23 40 34 19 10 36 46 37 22 28 24 12 29 26 2 22 37 26 10 26 31 27 28 42 39
8 16 17 49 39 48 42 5 8 34 30 20 6 19 14 19 37 29 31 5 19 26 38 17 24 30 27 28 17 36 4 10 34 40 23 9 15 40 31 21 5 21 13 9 30 22 21 31 14 38 22 33 11 33 36 14 24 25 30 30 29 22 16 16 38 33 42 29 38 28 18 26 3 38 18 35 16 29 36 25 3 27 25 27 22 12 22 35 38 32 10 37 38 31 5 19 28 36 34 27 24 24 5 22 37 8 39 36 35 0 11 40 4 13 11 21 14 9 16 36 18 31 7 33 9 5 36 21 7 17 26 25 13 21 35 26 23 41 9 20 34 22 2 35 43 40 35 8 13 19 12
12 22 22 51 31 50 34 15 14 39 22 31 15 24 23 10 30 36 40 13 10 31 30 19 33 33 36 33 10 33 14 21 39 42 18 6 20 45 35 30 11 11 22 16 25 15 13 36 7 37 28 42 20 42 31 5 32 30 39 39 21 14 25 21 42 36 46 28 30 20 27 29 11 33 27 44 22 34 45 34 8 26 31 32 29 21 14 32 40 32 15 29 33 37 13 16 30 36 43 33 33 26 8 14 42 8 44 38 40 11 0 41 14 2 6 29 11 15 10 28 16 36 14 28 16 9 45 11 18 24 33 17 8 12 30 35 32 41 12 29 40 31 10 44 45 33 27 15 22 8 2
49 25 24 11 31 8 38 44 33 13 26 43 34 21 36 37 20 21 40 35 37 19 24 24 26 11 28 17 34 12 43 41 13 1 24 37 25 10 13 32 45 38 32 31 19 29 31 14 35 6 20 28 32 42 17 38 25 16 24 35 31 35 31 24 6 7 7 14 28 26 37 14 37 13 32 21 25 12 22 29 40 16 17 14 22 37 33 11 2 10 49 27 15 15 36 25 12 5 33 19 38 16 43 35 9 36 10 5 10 40 41 0 36 42 47 26 31 31 31 36 26 11 46 17 31 44 33 38 40 26 20 32 49 35 17 38 34 2 33 36 12 32 41 36 6 20 27 32 36 41 40
12 12 13 45 37 44 41 7 5 30 28 18 2 15 10 19 35 25 27 2 19 22 36 14 20 26 23 24 16 33 7 8 30 36 21 9 12 36 27 17 9 21 9 6 28 20 19 27 13 35 19 29 7 29 34 14 20 22 26 26 27 21 12 12 35 29 39 26 36 26 14 22 3 35 14 31 12 26 32 21 6 24 22 24 18 8 21 32 34 29 14 35 36 27 1 17 24 32 30 23 20 21 9 21 33 7 35 32 32 4 14 36 0 16 15 17 12 6 14 35 16 28 10 31 6 9 32 21 5 13 22 24 17 20 33 22 19 37 7 16 30 18 6 31 39 38 33 5 9 20 15
14 24 24 52 29 51 32 17 16 40 22 33 17 25 25 8 30 38 42 15 8 33 30 20 35 34 38 34 9 33 16 23 40 43 19 8 22 46 36 32 13 9 24 18 24 14 13 37 8 37 30 44 22 44 30 5 34 31 41 41 19 12 27 23 43 37 47 29 28 20 29 30 13 32 29 46 24 35 47 36 10 27 32 33 31 23 12 32 41 33 17 27 32 38 15 17 31 37 45 35 35 27 10 12 43 10 45 39 41 13 2 42 16 0 8 31 12 17 11 26 17 37 16 27 18 11 47 9 20 26 35 15 10 10 29 37 34 42 14 31 41 33 12 46 46 32 25 17 24 6 2
6 25 25 56 37 55 40 13 16 42 28 31 17 27 25 16 36 38 42 15 16 34 36 23 35 37 38 36 16 39 11 21 42 47 24 10 23 48 39 32 8 17 24 18 31 21 19 39 13 43 31 44 22 44 37 11 34 34 41 41 27 20 27 24 46 40 50 34 36 26 29 33 12 39 29 46 25 38 47 36 9 31 34 36 31 23 20 38 45 37 9 35 39 40 15 22 35 42 45 36 35 31 6 20 46 11 48 43 44 11 6 47 15 8 0 31 16 17 16 34 21 40 10 34 18 6 47 17 18 26 35 23 2 18 36 37 34 47 15 31 43 33 9 46 50 39 33 17 24 14 8
29 7 7 30 37 30 44 23 15 15 28 17 15 8 11 29 29 8 17 17 29 7 33 12 4 15 7 9 24 25 24 16 15 25 20 23 9 21 13 6 26 31 8 13 24 23 24 13 24 26 6 13 10 19 27 27 3 10 10 12 31 29 6 8 21 19 25 19 35 27 11 13 20 27 6 15 7 14 16 5 22 17 9 12 4 12 27 24 24 20 31 34 29 12 17 17 15 23 14 8 12 13 25 29 18 21 20 21 17 21 29 26 17 31 31 0 19 14 21 39 16 15 27 25 13 26 16 31 17 5 7 29 33 29 26 13 8 28 17 10 15 6 23 17 27 31 32 14 11 33 29
19 12 12 40 25 39 30 19 7 28 16 26 10 13 18 10 23 26 33 10 10 21 24 8 23 22 26 22 5 23 18 18 28 31 9 6 10 33 24 22 17 12 14 8 16 8 7 25 5 27 18 32 12 35 22 8 22 19 29 31 15 11 17 11 31 25 35 17 24 14 21 18 11 24 19 34 12 23 35 24 11 15 20 21 19 16 9 23 29 21 21 23 24 26 11 6 20 26 33 23 26 15 14 11 31 6 33 27 29 14 11 31 12 12 16 19 0 7 2 23 5 25 20 19 8 15 35 12 17 14 23 12 18 10 21 28 24 31 5 22 29 23 14 36 34 26 21 8 16 14 10
17 8 8 39 32 39 37 13 1 25 23 19 4 10 10 17 29 21 26 4 17 17 30 8 18 21 21 19 12 27 13 12 25 31 15 9 7 31 22 15 13 19 7 1 22 15 14 22 11 30 14 27 5 28 28 13 17 17 24 24 22 18 10 7 30 24 34 20 31 21 14 17 6 29 12 29 8 21 30 19 9 18 17 19 14 10 16 26 29 24 18 30 30 23 5 11 19 27 28 19 19 16 12 18 29 7 31 27 27 9 15 31 6 17 17 14 7 0 9 30 10 23 16 25 1 13 30 19 11 9 18 19 19 17 27 21 17 32 3 15 26 16 10 29 34 32 28 1 9 19 15
20 14 14 40 23 39 27 21 9 30 14 28 12 15 20 8 21 28 35 12 8 23 22 10 25 22 28 24 3 23 20 20 30 31 8 7 12 34 26 24 19 10 16 10 15 6 5 27 3 27 20 34 14 37 21 6 24 21 31 33 13 9 19 13 31 25 35 17 22 12 23 18 13 23 21 36 14 24 37 26 13 15 22 22 21 18 7 22 29 21 23 21 23 28 13 6 20 26 35 25 28 16 15 9 32 8 34 28 30 16 10 31 14 11 16 21 2 9 0 21 6 26 22 18 10 17 37 10 19 16 25 10 18 8 20 30 26 31 7 24 31 25 16 38 35 24 19 10 18 12 9
40 32 32 47 5 44 6 41 31 41 11 50 34 31 41 18 16 41 55 34 18 36 12 27 42 33 45 36 19 24 40 42 41 37 19 27 30 44 37 43 39 17 38 32 18 16 16 38 22 30 35 50 36 57 19 23 41 33 45 52 8 14 39 31 40 33 43 25 8 12 45 29 33 23 41 48 32 35 49 44 33 24 34 33 37 40 14 25 36 28 43 9 21 39 34 22 31 32 53 37 49 28 35 14 42 28 44 36 40 36 28 36 35 26 34 39 23 30 21 0 23 37 42 19 31 37 54 17 40 34 38 11 36 16 19 50 45 35 28 45 42 43 36 56 42 16 9 31 39 20 26
24 9 9 34 23 33 29 23 11 24 13 28 14 9 19 14 19 22 32 14 14 17 20 4 19 16 22 18 9 18 22 22 24 25 5 11 7 28 20 20 22 16 15 10 12 7 8 21 9 22 14 28 14 34 18 12 18 15 25 29 15 13 16 8 25 19 29 12 21 11 22 12 15 20 18 30 9 18 31 21 16 10 16 16 15 19 11 18 24 16 26 20 20 22 15 1 14 21 30 19 26 10 19 13 26 11 28 22 24 18 16 26 16 17 21 16 5 10 6 23 0 20 25 15 10 20 32 16 21 11 19 13 23 13 17 27 22 26 9 22 25 20 19 33 29 22 18 11 18 18 15
42 16 16 15 33 15 40 36 25 4 26 32 26 13 26 34 22 10 29 27 34 8 26 17 15 4 17 6 29 15 35 31 4 10 21 30 17 8 2 21 37 36 22 23 19 26 28 3 29 11 10 18 23 31 19 32 14 6 13 24 31 33 20 16 6 5 10 12 30 26 26 8 29 17 21 14 16 2 14 18 31 13 7 4 11 26 31 14 9 9 41 28 19 4 27 20 6 8 22 8 27 10 34 33 6 29 8 6 4 31 36 11 28 37 40 15 25 23 26 37 20 0 38 18 22 36 23 36 31 16 9 32 42 33 19 27 23 13 25 25 5 21 33 25 12 24 28 23 25 38 35
4 23 24 56 45 55 48 5 15 41 36 24 12 25 18 24 43 35 35 12 24 32 44 24 30 36 32 34 23 43 3 14 40 46 29 15 22 46 37 25 3 25 19 16 36 28 27 37 20 45 29 37 17 37 42 19 30 32 36 34 35 28 22 22 45 39 49 36 44 34 22 32 10 44 22 41 22 36 42 29 9 34 32 34 28 16 28 42 44 39 4 43 44 37 11 26 34 42 38 33 28 31 7 28 43 14 45 42 42 7 14 46 10 16 10 27 20 16 22 42 25 38 0 39 16 5 40 25 11 23 32 31 10 26 41 30 27 47 16 24 40 26 6 39 49 46 41 15 17 22 16
38 21 20 28 14 25 21 38 26 22 9 40 29 18 33 21 5 24 42 29 21 20 8 17 27 15 30 19 18 5 37 37 22 18 10 25 20 25 19 31 36 22 28 25 3 13 15 20 21 11 20 33 28 44 3 23 26 17 28 37 14 19 28 20 21 14 24 7 11 10 34 13 30 5 29 31 21 17 31 30 30 8 18 16 22 33 17 6 17 9 41 10 5 21 30 14 13 13 37 21 37 13 33 19 23 25 25 17 21 33 28 17 31 27 34 25 19 25 18 19 15 18 39 0 25 34 38 22 36 22 22 16 36 19 2 38 33 16 24 33 23 31 33 40 23 7 10 26 32 25 26
18 7 7 38 33 38 38 13 2 25 23 19 4 10 10 18 29 20 25 4 18 16 30 8 17 21 20 18 13 27 13 12 24 31 15 10 6 30 21 14 14 20 6 0 22 16 15 22 12 29 13 26 5 27 28 14 16 16 23 23 23 19 9 7 29 24 33 20 31 21 13 17 7 29 11 28 7 20 29 18 9 18 16 18 13 9 17 26 29 23 19 30 30 22 5 11 19 27 27 18 18 15 12 19 28 8 30 27 26 9 16 31 6 18 18 13 8 1 10 31 10 22 16 25 0 14 29 20 11 8 17 20 20 18 27 20 16 32 4 14 25 15 11 28 34 32 28 1 9 20 16
4 21 21 53 40 52 43 7 12 39 31 25 11 24 19 19 38 34 36 10 19 30 39 21 29 35 32 32 18 38 5 15 38 45 24 10 20 44 35 26 2 20 18 14 31 23 22 36 15 42 27 38 16 38 37 14 29 30 35 35 30 23 21 20 43 37 47 32 39 29 23 30 7 39 23 40 21 34 41 30 5 30 30 32 27 17 23 38 42 36 6 38 39 36 9 21 32 40 39 32 29 29 2 23 42 9 44 40 40 5 9 44 9 11 6 26 15 13 17 37 20 36 5 34 14 0 41 20 12 22 31 26 8 21 36 31 28 45 12 25 39 27 3 40 47 41 36 13 18 17 11
44 23 23 34 53 36 60 35 31 20 44 18 30 24 22 45 43 14 8 32 45 19 47 28 13 25 10 19 40 37 37 26 20 32 36 39 25 26 21 15 40 47 23 29 38 39 40 20 40 34 20 5 25 9 41 43 14 22 10 6 47 45 20 24 27 27 30 32 49 43 18 26 35 39 18 12 23 23 12 11 38 31 20 22 18 24 43 35 31 30 44 47 40 19 32 33 25 31 2 17 12 26 41 45 24 37 26 28 23 36 45 33 32 47 47 16 35 30 37 54 32 23 40 38 29 41 0 47 29 21 17 45 49 45 39 11 13 35 33 16 21 14 38 3 33 44 46 30 23 49 45
23 24 24 48 20 46 23 25 18 40 14 37 21 25 29 2 22 38 45 20 2 33 22 20 35 32 38 34 7 27 24 29 40 38 15 12 22 44 36 34 22 0 26 20 19 10 8 37 8 32 30 44 24 47 24 7 34 31 41 43 11 4 29 23 40 33 43 24 20 12 33 28 19 27 31 46 24 34 47 36 18 23 32 32 31 27 5 27 36 28 26 19 26 38 21 16 30 33 45 35 38 26 18 4 42 14 44 36 40 21 11 38 21 9 17 31 12 19 10 17 16 36 25 22 20 20 47 0 26 26 35 7 19 3 23 40 36 37 16 34 41 35 20 48 42 25 18 19 28 3 9
15 15 16 47 42 47 46 6 10 32 33 13 7 19 7 24 40 25 24 7 24 23 41 19 20 30 21 25 21 38 8 3 31 40 26 14 16 37 29 14 11 26 10 11 33 25 24 29 18 39 21 26 8 26 39 19 20 25 26 23 32 26 11 16 37 33 41 31 41 31 11 26 8 40 11 30 15 29 31 18 10 29 24 27 20 5 26 37 38 33 15 40 41 29 6 22 28 36 27 25 17 25 12 26 35 12 37 36 34 7 18 40 5 20 18 17 17 11 19 40 21 31 11 36 11 12 29 26 0 15 24 29 20 25 38 19 16 41 12 13 32 15 9 28 43 43 38 10 6 25 19
26 2 2 31 33 31 39 20 10 16 23 18 11 5 11 24 27 12 21 12 24 8 29 7 9 15 12 10 19 24 20 15 16 25 15 18 4 22 14 9 22 26 6 8 20 18 19 14 19 25 6 18 7 23 25 22 8 10 15 17 26 24 6 3 22 19 26 17 31 22 12 12 15 26 7 20 2 14 21 10 17 15 9 12 5 11 22 23 24 19 27 30 27 14 13 12 14 22 19 10 15 11 20 24 20 16 22 21 19 17 24 26 13 26 26 5 14 9 16 34 11 16 23 22 8 22 21 26 15 0 9 24 28 24 24 16 11 27 12 11 17 9 19 22 28 29 28 9 10 28 24
35 11 11 22 36 23 43 30 19 7 27 23 20 10 18 33 26 3 20 22 33 2 30 15 6 9 8 3 28 20 29 23 7 19 20 27 13 13 7 12 31 35 15 17 21 25 27 6 28 20 5 12 16 22 24 31 5 5 7 15 31 32 13 12 14 13 17 15 32 27 17 9 24 22 13 11 11 8 12 9 26 14 4 6 4 19 30 19 18 14 36 31 24 5 22 19 9 17 16 1 18 10 29 32 11 25 13 15 10 26 33 20 22 35 35 7 23 18 25 38 19 9 32 22 17 31 17 35 24 9 0 31 37 32 23 18 14 22 21 16 8 12 28 19 20 28 30 18 18 37 33
29 22 22 43 14 40 17 30 19 36 7 38 22 21 30 7 16 34 45 22 7 29 15 17 32 28 35 30 8 21 29 30 36 33 11 16 20 40 32 33 28 7 26 20 13 6 5 33 11 26 26 41 24 47 17 12 31 27 37 42 4 3 29 21 36 29 39 20 13 6 33 24 22 21 31 42 22 30 43 34 22 19 28 28 27 28 3 21 32 24 32 12 19 34 23 12 26 28 43 31 38 22 24 3 38 17 40 32 36 25 17 32 24 15 23 29 12 19 10 11 13 32 31 16 20 26 45 7 29 24 31 0 25 5 17 40 35 31 17 34 37 33 25 46 38 18 11 20 28 10 15
6 27 27 58 39 57 42 14 18 44 30 33 19 29 27 18 38 40 44 17 18 36 38 25 37 39 40 38 18 41 12 23 44 49 26 12 25 50 41 34 9 19 26 20 33 23 21 41 15 45 33 46 24 46 39 13 36 36 43 43 29 22 29 26 48 42 52 36 38 28 31 35 14 41 31 48 27 40 49 38 11 33 36 38 33 25 22 40 47 39 8 37 41 42 17 24 37 44 47 38 37 33 8 22 48 13 50 45 46 13 8 49 17 10 2 33 18 19 18 36 23 42 10 36 20 8 49 19 20 28 37 25 0 20 38 39 36 49 17 33 45 35 11 48 52 41 35 19 26 16 10
24 22 22 45 19 43 22 25 17 37 11 36 20 22 28 2 19 35 43 19 2 30 19 17 32 29 35 31 5 24 24 28 37 35 12 12 20 41 33 32 23 3 24 18 16 7 5 34 7 29 27 41 22 45 21 7 31 28 38 41 9 2 27 21 37 30 40 21 18 9 31 25 18 24 29 43 22 31 44 34 18 20 29 29 28 26 2 24 33 25 27 17 23 35 20 13 27 30 43 32 36 23 19 2 39 13 41 33 37 21 12 35 20 10 18 29 10 17 8 16 13 33 26 19 18 21 45 3 25 24 32 5 20 0 20 38 34 34 15 32 38 33 20 46 39 22 15 18 26 6 10
40 23 22 28 14 25 21 40 28 23 10 42 31 19 35 23 3 25 43 31 23 21 7 19 28 16 31 20 20 5 39 39 23 18 12 27 22 25 20 32 38 23 30 27 5 15 17 21 23 11 21 34 30 45 1 25 27 18 29 38 15 20 30 22 21 15 24 8 11 11 36 14 32 4 31 32 23 18 32 31 32 9 19 17 23 35 18 6 17 10 43 10 3 22 32 16 14 13 38 22 38 14 35 20 24 27 25 17 22 35 30 17 33 29 36 26 21 27 20 19 17 19 41 2 27 36 39 23 38 24 23 17 38 20 0 39 34 16 26 35 24 32 35 41 23 5 10 28 34 26 28
34 18 18 39 49 41 56 25 22 25 39 7 20 20 12 38 42 17 5 22 38 19 45 23 12 27 10 21 34 38 27 16 25 37 31 30 20 31 25 7 30 40 14 20 36 34 35 24 32 38 19 12 16 7 40 34 13 22 14 5 42 39 12 19 32 31 35 31 47 38 8 26 25 40 10 19 18 26 19 9 28 30 21 24 17 14 38 37 36 32 34 46 41 23 22 28 27 35 9 19 2 25 31 39 29 28 31 33 28 26 35 38 22 37 37 13 28 21 30 50 27 27 30 38 20 31 11 40 19 16 18 40 39 38 39 0 5 40 24 6 26 7 28 9 38 44 44 21 13 40 36
31 13 13 36 44 37 51 22 18 21 34 9 17 15 9 34 37 13 10 19 34 15 40 18 8 23 7 17 29 33 24 13 21 33 26 26 15 27 21 2 27 36 10 16 31 29 30 20 28 34 14 11 12 12 35 30 9 18 12 7 37 35 7 14 28 27 31 26 42 33 5 21 22 35 5 17 13 22 18 5 25 25 17 20 12 11 33 32 32 28 31 41 36 19 19 23 23 31 11 15 4 20 28 35 25 24 27 29 24 23 32 34 19 34 34 8 24 17 26 45 22 23 27 33 16 28 13 36 16 11 14 35 36 34 34 5 0 36 20 3 22 2 25 12 34 39 39 17 10 36 32
50 26 25 12 30 9 37 45 34 15 25 45 35 22 38 36 19 23 42 36 36 21 23 25 28 13 30 19 33 11 44 42 15 3 24 37 26 12 15 34 46 37 33 32 18 28 30 16 35 5 22 30 33 44 16 38 27 18 26 37 30 34 33 25 8 9 9 14 27 25 39 15 38 12 34 23 26 14 24 31 41 16 19 16 24 38 32 10 4 10 50 26 14 17 37 25 13 5 35 21 40 17 44 34 11 37 12 7 12 41 41 2 37 42 47 28 31 32 31 35 26 13 47 16 32 45 35 37 41 27 22 31 49 34 16 40 36 0 34 38 14 34 42 38 7 19 26 33 37 40 40
15 10 10 41 30 40 35 14 2 27 21 21 5 12 13 14 28 24 29 5 14 19 29 9 21 23 24 21 10 27 13 13 27 32 14 6 8 33 24 18 13 16 10 4 21 13 12 24 8 31 16 30 8 31 27 10 20 19 27 27 20 16 13 9 32 26 36 21 29 19 17 19 6 29 15 32 10 23 33 22 7 19 19 21 17 11 14 27 31 25 18 28 29 25 6 10 21 29 31 21 22 17 10 16 31 4 33 29 29 9 12 33 7 14 15 17 5 3 7 28 9 25 16 24 4 12 33 16 12 12 21 17 17 15 26 24 20 34 0 18 28 19 10 32 36 31 26 3 12 16 12
28 13 13 38 44 39 50 19 16 23 34 7 14 16 6 32 38 15 11 16 32 17 40 18 10 25 10 19 28 35 21 10 23 35 26 24 15 29 23 4 24 34 8 14 31 29 30 22 26 36 16 14 10 13 36 28 11 20 15 10 37 33 6 14 30 29 33 28 42 33 2 23 19 37 4 20 13 24 21 8 22 26 19 22 14 8 32 34 34 30 28 41 38 21 16 23 25 33 14 17 4 22 25 33 27 22 29 31 26 20 29 36 16 31 31 10 22 15 24 45 22 25 24 33 14 25 16 34 13 11 16 34 33 32 35 6 3 38 18 0 24 4 22 15 36 40 39 15 7 34 30
44 19 19 13 37 15 44 39 28 1 31 31 29 16 27 39 27 9 28 30 39 9 31 21 14 9 16 7 34 19 38 32 1 11 26 34 20 5 5 20 39 41 23 25 24 31 33 4 34 15 12 16 24 30 24 37 13 10 12 23 36 38 21 19 6 9 9 17 34 31 25 13 32 21 21 10 19 7 10 17 34 18 9 9 12 27 36 18 10 14 44 33 23 3 30 25 11 12 21 8 26 15 37 38 3 32 5 8 2 34 40 12 30 41 43 15 29 26 31 42 25 5 40 23 25 39 21 41 32 17 8 37 45 38 24 26 22 14 28 24 0 20 36 24 12 28 33 26 26 43 39
30 11 11 34 42 35 48 21 17 19 32 11 16 14 8 33 35 11 12 18 33 13 38 16 6 21 6 15 28 31 23 13 19 31 24 25 13 25 19 1 26 35 9 15 29 27 28 18 27 32 12 11 11 14 33 29 7 16 11 8 35 33 6 12 26 25 29 25 40 31 6 19 21 33 4 16 11 20 17 4 24 23 15 18 10 10 31 30 30 26 30 39 35 17 18 21 21 29 12 13 6 19 27 33 23 23 25 27 22 22 31 32 18 33 33 6 23 16 25 43 20 21 26 31 15 27 14 35 15 9 12 33 35 33 32 7 2 34 19 4 20 0 24 13 32 37 37 16 9 35 31
7 18 18 50 39 49 42 5 9 36 30 22 8 21 16 18 37 31 33 7 18 27 38 18 26 32 29 29 17 37 4 12 35 42 23 9 17 41 32 23 3 20 15 11 30 22 21 33 14 40 24 35 13 35 36 13 26 27 32 32 29 22 18 17 40 34 44 30 38 28 20 27 4 38 20 37 18 31 38 27 3 28 27 29 24 14 22 36 39 34 8 37 38 33 6 20 29 37 36 29 26 26 3 22 39 8 41 37 37 2 10 41 6 12 9 23 14 10 16 36 19 33 6 33 11 3 38 20 9 19 28 25 11 20 35 28 25 42 10 22 36 24 0 37 44 40 35 10 15 18 12
43 24 24 37 54 39 61 34 30 23 45 16 29 25 21 46 45 16 5 31 46 21 49 29 14 27 11 21 41 39 36 25 23 35 37 38 26 29 23 14 39 48 22 28 40 40 41 22 40 36 21 8 24 6 43 42 15 24 12 5 48 46 19 25 30 29 33 34 51 44 17 28 34 41 17 15 24 25 15 12 37 33 22 24 19 23 44 37 34 32 43 49 42 21 31 34 27 33 3 19 11 28 40 46 27 36 29 31 26 35 44 36 31 46 46 17 36 29 38 56 33 25 39 40 28 40 3 48 28 22 19 46 48 46 41 9 12 38 32 15 24 13 37 0 36 46 48 29 22 48 44
52 28 27 5 37 3 44 47 36 13 32 43 37 24 38 41 26 21 40 38 41 20 30 27 26 14 28 18 38 18 46 43 13 5 28 40 28 7 14 32 48 43 34 34 25 33 35 14 39 12 22 28 35 42 23 42 25 18 24 35 37 40 32 27 6 10 3 18 34 32 37 17 40 19 33 21 28 14 21 29 43 20 19 16 23 38 37 17 6 14 52 33 21 15 39 29 15 10 33 19 38 19 46 39 9 39 7 7 10 43 45 6 39 46 50 27 34 34 35 42 29 12 49 23 34 47 33 42 43 28 20 38 52 39 23 38 34 7 36 36 12 32 44 36 0 26 33 35 37 45 44
44 28 27 31 11 28 18 45 33 28 11 47 36 24 40 25 3 30 48 36 25 26 4 24 33 21 36 25 23 9 44 44 28 21 17 31 27 28 25 37 43 25 35 32 10 18 20 26 26 14 26 39 35 50 5 28 32 23 34 43 15 21 35 27 24 19 27 13 8 13 41 19 37 7 36 37 28 23 37 36 37 14 24 22 28 40 20 10 20 15 47 7 5 27 37 21 19 16 43 27 43 19 39 21 27 32 28 20 26 40 33 20 38 32 39 31 26 32 24 16 22 24 46 7 32 41 44 25 43 29 28 18 41 22 5 44 39 19 31 40 28 37 40 46 26 0 8 33 39 28 31
39 26 26 38 5 35 12 40 28 32 5 45 31 24 37 17 7 33 49 31 17 28 4 21 35 24 38 28 18 15 39 39 32 28 13 26 24 35 28 37 38 18 32 28 9 13 14 29 21 21 28 42 32 51 10 22 34 25 37 45 7 14 33 25 31 24 34 16 3 7 39 21 32 14 35 40 26 26 40 37 32 16 26 25 30 37 13 16 27 19 42 2 12 30 32 17 22 23 45 29 43 21 34 14 33 27 35 27 31 35 27 27 33 25 33 32 21 28 19 9 18 28 41 10 28 36 46 18 38 28 30 11 35 15 10 44 39 26 26 39 33 37 35 48 33 8 0 29 36 21 25
16 8 8 39 33 39 38 12 1 25 24 19 3 11 10 17 30 21 26 3 17 17 31 9 18 22 21 19 13 28 12 11 25 32 16 9 7 31 22 15 13 19 7 1 23 16 15 23 11 30 14 27 5 28 29 13 17 17 24 24 23 19 10 8 30 25 34 21 32 22 14 18 6 30 12 29 8 21 30 19 8 19 17 19 14 9 17 27 30 24 18 31 31 23 4 12 20 28 28 19 19 16 11 19 29 7 31 28 27 8 15 32 5 17 17 14 8 1 10 31 11 23 15 26 1 13 30 19 10 9 18 20 19 18 28 21 17 33 3 15 26 16 10 29 35 33 29 0 9 19 15
21 11 12 40 41 40 46 12 10 25 31 10 7 15 1 26 36 18 18 9 26 17 38 15 13 25 14 19 21 34 14 5 25 35 23 17 12 31 23 8 17 28 4 9 29 24 23 23 20 35 16 20 4 20 35 22 13 20 19 17 31 27 5 12 31 29 35 27 39 29 5 22 12 36 5 24 11 24 25 12 15 25 19 22 14 1 25 33 34 29 21 38 37 23 9 19 24 32 21 19 11 21 18 27 29 15 31 31 28 13 22 36 9 24 24 11 16 9 18 39 18 25 17 32 9 18 23 28 6 10 18 28 26 26 34 13 10 37 12 7 26 9 15 22 37 39 36 9 0 28 23
20 26 26 51 23 49 26 23 18 42 17 37 21 27 29 4 25 40 45 19 4 35 25 22 37 34 40 36 9 30 22 28 42 41 17 11 24 46 38 34 19 3 26 20 22 12 10 39 9 35 32 46 24 47 27 6 36 33 43 43 14 7 29 25 42 35 45 27 23 15 33 30 18 30 31 48 26 36 49 38 16 25 34 34 33 27 8 30 39 31 23 22 29 40 20 18 32 36 47 37 38 28 16 7 44 13 46 38 42 19 8 41 20 6 14 33 14 19 12 20 18 38 22 25 20 17 49 3 25 28 37 10 16 6 26 40 36 40 16 34 43 35 18 48 45 28 21 19 28 0 7
14 22 22 50 29 49 32 17 14 38 20 32 16 23 24 8 28 36 41 14 8 31 28 18 33 32 36 32 8 31 15 22 38 41 17 6 20 43 34 30 13 9 22 16 23 13 11 35 6 36 28 42 20 43 29 3 32 29 39 39 19 12 25 21 41 35 45 27 28 18 28 28 12 31 27 44 22 33 45 34 9 25 30 31 29 22 12 31 39 31 17 27 31 36 14 15 29 35 43 33 34 25 9 12 41 8 43 37 39 12 2 40 15 2 8 29 10 15 9 26 15 35 16 26 16 11 45 9 19 24 33 15 10 10 28 36 32 40 12 30 39 31 12 44 44 31 25 15 23 7 0
0         1150     
57        186      
59        211      
750       859      
766       925      
140       274      
258       394      
536       670      
0         127      
121       258      
208       328      
676       791      
0         116      
63        211      
419       570      
19        149      
159       328      
352       484      
562       730      
0         96       
2         137      
57        230      
188       333      
47        190      
358       491      
78        228      
359       477      
62        235      
0         137      
179       309      
0         59       
420       552      
107       253      
131       268      
222       357      
24        179      
76        217      
115       238      
113       233      
383       530      
0         87       
2         164      
457       603      
426       579      
260       428      
239       362      
15        156      
378       558      
0         114      
157       311      
71        229      
599       747      
434       579      
967       1109     
179       298      
10        145      
425       537      
77        216      
333       489      
570       712      
209       345      
15        136      
400       577      
62        181      
127       246      
336       441      
151       262      
289       447      
248       413      
196       336      
562       690      
77        207      
0         80       
182       303      
390       499      
619       759      
469       612      
89        240      
638       762      
346       493      
0         86       
274       422      
71        233      
325       484      
383       538      
429       572      
0         140      
174       280      
307       473      
717       854      
509       648      
202       344      
165       329      
107       220      
670       819      
487       625      
92        221      
293       443      
610       742      
353       475      
348       508      
277       441      
0         83       
23        135      
118       233      
0         112      
120       272      
851       1023     
94        244      
0         71       
489       640      
141       296      
0         118      
34        165      
498       632      
400       529      
2         117      
0         122      
42        179      
257       364      
50        194      
338       465      
839       948      
294       424      
0         93       
520       638      
590       713      
496       628      
554       674      
647       791      
388       522      
219       354      
523       654      
0         162      
282       409      
570       694      
376       500      
134       299      
0         132      
356       501      
91        259      
342       503      
0         91       
571       731      
131       258      
187       341      
209       318      
0         121      
435       566      
22        175      
914       1053     
