151
0 28 31 23 29 34 44 37 37 34 18 10 17 30 34 29 52 7 36 21 21 37 27 43 23 10 26 28 40 28 39 30 10 25 31 12 8 17 49 11 29 36 41 44 20 42 25 25 26 31 32 29 27 7 38 13 33 44 27 28 37 36 38 13 28 39 33 45 50 31 5 5 39 22 42 32 44 13 39 46 36 42 19 10 11 31 16 25 28 25 30 43 31 44 21 35 32 18 20 34 43 45 25 35 35 18 15 21 5 35 24 16 26 40 30 23 24 36 6 32 38 28 24 31 35 34 36 17 32 49 41 48 32 41 24 33 51 31 20 53 4 22 24 39 27 10 8 38 38 39 37
28 0 20 18 2 20 29 31 31 7 9 18 13 22 23 16 23 26 14 23 14 22 10 20 4 17 27 4 21 5 11 2 34 5 23 30 20 20 21 30 9 23 18 20 9 14 12 19 15 17 5 28 23 33 17 16 10 18 9 1 12 13 14 18 16 18 5 26 22 29 27 32 32 18 19 25 19 15 23 22 33 15 10 20 20 14 24 4 12 16 28 17 24 16 14 27 7 10 11 8 25 26 10 19 10 11 16 7 23 29 26 12 14 15 18 25 16 17 32 23 33 5 20 24 12 22 23 17 19 21 18 20 16 18 17 9 23 24 17 27 31 7 3 21 24 31 26 21 20 20 10
31 20 0 35 19 3 13 50 50 20 19 21 25 41 43 4 38 25 34 11 11 6 10 40 19 23 44 16 9 15 29 21 31 23 3 24 27 14 35 25 11 42 38 16 14 26 30 36 33 36 20 45 5 33 10 18 30 37 11 19 32 12 34 28 5 38 23 14 34 46 28 34 51 33 14 43 23 24 43 42 51 33 15 21 20 6 34 21 31 34 44 37 42 28 30 46 27 21 25 28 12 14 11 39 30 24 27 17 26 47 10 23 7 33 37 40 33 7 33 3 52 15 36 41 12 41 5 14 38 32 14 34 4 14 7 14 35 42 31 44 34 15 19 8 40 28 25 7 7 8 23
23 18 35 0 20 36 46 15 15 25 15 19 10 8 12 30 36 26 17 32 23 38 25 24 16 17 9 22 39 23 26 20 32 13 36 32 15 27 34 32 26 13 22 38 19 32 8 2 5 9 23 10 33 30 35 20 16 26 24 19 20 31 19 10 29 19 23 44 36 11 26 28 17 1 37 10 37 12 16 27 16 27 19 23 24 30 8 15 10 4 10 24 9 33 4 13 19 13 9 21 43 44 23 14 21 10 9 17 22 13 35 11 26 26 8 7 3 34 29 36 18 22 2 9 30 12 38 25 10 39 36 34 32 36 27 27 38 9 3 35 26 19 17 38 6 32 28 38 37 37 28
29 2 19 20 0 18 27 33 33 5 11 19 15 24 25 15 23 27 15 22 14 21 9 21 6 19 29 3 20 4 11 2 35 7 22 30 22 20 21 31 8 25 19 18 9 13 14 21 17 19 3 30 22 34 14 17 11 18 8 1 13 11 15 20 15 19 5 23 21 31 28 34 34 20 16 27 17 17 25 23 35 15 10 20 20 13 26 6 14 18 30 18 26 15 16 29 8 12 13 9 23 24 9 21 11 13 18 8 24 31 25 14 13 15 20 27 18 16 33 22 35 4 22 26 9 24 21 17 21 20 15 20 15 15 16 7 22 26 19 27 32 7 5 19 26 31 26 20 19 18 8
34 20 3 36 18 0 10 51 51 19 20 24 26 42 43 5 36 28 33 14 13 3 10 39 19 25 45 15 6 14 28 20 34 23 5 27 29 17 34 28 10 42 37 14 16 25 30 37 33 36 19 46 8 36 7 21 29 36 11 18 31 10 33 30 6 37 22 11 33 47 31 37 51 35 11 43 20 26 43 41 51 32 16 24 23 5 36 21 31 34 46 36 42 27 31 46 26 22 27 27 9 11 12 39 29 25 28 18 29 47 13 24 8 32 37 41 34 4 36 4 52 14 37 42 11 41 3 17 38 29 11 33 3 11 10 13 32 42 32 43 37 15 19 5 41 31 28 4 4 5 22
44 29 13 46 27 10 0 60 60 25 30 34 36 51 52 15 40 38 41 24 23 7 20 45 29 35 55 24 7 23 33 28 44 33 13 37 39 27 38 38 19 52 43 14 26 29 40 47 43 46 26 56 17 46 12 31 37 41 21 27 38 15 40 40 16 44 28 4 37 57 41 47 61 45 13 53 23 36 51 46 61 37 26 34 33 15 46 31 41 44 56 41 52 31 41 56 33 32 37 33 3 3 22 47 35 35 38 28 39 57 22 34 18 37 47 51 44 10 46 12 62 23 47 52 16 51 8 27 48 32 14 37 13 14 20 18 36 52 42 47 47 25 28 7 51 41 38 7 7 7 27
37 31 50 15 33 51 60 0 1 37 30 34 25 9 9 45 42 41 23 47 38 53 40 27 31 32 11 35 52 36 33 32 47 26 51 47 30 42 40 47 40 11 27 51 34 39 19 14 16 13 35 8 48 44 47 35 23 32 39 32 26 44 25 25 44 23 32 56 42 6 41 42 2 16 49 6 46 27 14 30 4 33 34 38 39 45 21 28 18 15 7 30 7 39 19 3 27 28 23 28 56 57 38 16 28 25 24 32 37 2 50 26 41 32 13 14 15 48 43 51 3 35 13 7 42 9 53 40 11 45 48 40 47 48 42 40 44 7 18 39 40 34 30 52 10 47 43 52 51 51 36
37 31 50 15 33 51 60 1 0 36 30 34 25 8 8 45 41 41 22 47 38 53 39 26 30 32 11 34 52 35 32 31 47 25 51 47 30 42 39 47 39 10 26 50 34 38 18 13 15 12 34 8 48 44 47 35 22 31 38 31 25 43 24 25 44 22 31 56 41 6 41 42 2 16 48 5 45 27 13 29 5 32 34 38 39 44 21 27 17 14 7 29 6 38 18 2 26 27 22 27 56 57 37 15 27 24 24 31 37 2 50 26 41 31 12 14 14 47 43 51 4 34 13 6 42 8 53 39 10 44 47 39 46 47 42 39 43 6 18 38 40 33 29 51 10 47 43 51 50 50 35
34 7 20 25 5 19 25 37 36 0 16 24 20 28 28 16 19 31 15 25 17 20 11 20 11 24 34 6 17 6 9 5 39 12 23 34 27 23 17 35 9 27 18 15 14 9 18 26 21 23 2 34 23 39 12 22 12 17 10 6 12 9 14 25 16 18 3 21 17 35 33 39 38 25 13 31 12 22 26 22 39 13 15 25 25 14 31 11 17 22 34 17 29 11 21 33 8 17 18 8 21 22 11 22 10 18 23 13 29 34 27 19 14 13 23 32 23 15 38 23 39 7 27 29 8 27 22 21 24 16 12 16 16 12 17 6 18 30 24 25 37 11 10 18 30 36 31 19 18 17 4
18 9 19 15 11 20 30 30 30 16 0 9 5 22 25 15 32 17 20 17 8 23 10 27 5 8 24 10 24 11 20 11 25 8 21 20 12 13 30 21 12 26 25 27 4 23 13 17 15 20 14 25 18 24 21 8 16 27 10 10 20 19 21 10 14 24 14 29 31 26 18 23 32 14 25 25 27 7 28 30 31 24 4 12 12 15 16 7 16 15 25 26 23 25 11 27 15 2 7 17 28 29 8 24 18 5 8 3 14 28 20 4 11 23 20 20 14 20 23 21 33 10 17 22 18 25 23 11 22 30 24 29 17 24 12 16 32 23 12 36 22 5 6 23 21 23 18 23 23 23 19
10 18 21 19 19 24 34 34 34 24 9 0 10 27 31 19 41 8 29 14 11 27 17 36 14 2 25 18 30 18 29 20 15 16 23 13 6 9 39 13 19 32 33 34 10 32 19 21 21 26 22 27 19 14 28 3 24 35 17 18 28 26 29 9 18 32 23 35 40 29 9 14 36 18 32 29 34 7 34 38 34 33 9 4 5 21 15 16 22 21 28 34 28 34 17 32 23 9 13 25 33 35 15 30 26 11 10 11 5 32 17 9 16 31 26 22 20 26 14 24 36 18 21 28 25 31 26 8 28 39 31 38 22 31 14 23 41 28 16 44 13 12 15 29 24 14 9 28 28 29 27
17 13 25 10 15 26 36 25 25 20 5 10 0 17 21 20 35 17 19 21 13 28 15 26 9 8 18 15 29 16 22 15 25 8 26 23 8 17 32 23 17 22 24 32 9 27 9 12 11 16 18 20 23 23 26 11 15 27 15 14 19 24 20 5 19 22 18 34 33 21 18 22 27 9 30 19 32 3 24 29 26 25 9 14 15 20 11 9 12 11 20 25 18 28 7 22 15 3 3 17 33 34 13 20 18 2 3 8 14 23 24 1 16 23 16 15 10 25 22 26 28 15 12 18 23 21 28 15 18 34 29 31 22 29 17 21 34 19 7 36 20 10 10 28 16 23 19 28 28 28 23
30 22 41 8 24 42 51 9 8 28 22 27 17 0 4 36 35 34 16 38 30 44 30 20 21 25 10 26 43 27 25 23 40 17 43 40 23 34 33 40 31 6 20 42 26 31 10 6 7 5 26 9 40 37 38 28 15 25 29 23 19 35 18 18 35 16 24 47 35 9 34 35 10 9 40 3 38 20 9 23 11 26 26 31 32 35 15 19 10 6 8 23 2 32 10 6 19 19 14 20 47 48 29 9 20 16 17 23 30 7 41 18 33 25 4 10 7 39 36 43 12 26 6 2 33 4 44 32 4 38 39 33 37 39 34 31 37 3 11 32 34 25 21 43 5 40 36 43 42 42 28
34 23 43 12 25 43 52 9 8 28 25 31 21 4 0 38 33 38 14 42 33 45 32 18 23 29 13 27 44 28 24 24 44 18 45 44 27 38 31 44 32 2 18 43 29 30 12 10 10 5 27 11 43 41 39 32 15 23 31 24 17 36 16 22 37 14 24 48 33 11 38 39 10 13 41 5 37 24 5 21 13 24 29 35 36 37 19 20 10 10 10 21 5 30 14 6 19 23 18 20 48 49 30 7 19 20 21 25 34 8 45 22 34 23 5 14 11 40 40 44 12 27 10 5 34 0 46 36 3 36 40 31 39 40 36 32 35 5 15 30 38 27 22 44 9 44 40 44 43 43 28
29 16 4 30 15 5 15 45 45 16 15 19 20 36 38 0 35 23 30 11 8 8 6 36 15 20 38 12 11 11 25 17 30 19 7 23 24 12 32 24 7 38 34 15 10 23 26 32 29 32 16 40 7 31 9 16 26 33 7 15 28 9 30 24 1 34 19 16 31 41 26 32 46 29 13 39 21 20 39 38 46 29 11 19 18 2 30 17 27 30 40 33 38 25 26 42 23 17 21 24 14 16 7 35 26 20 23 13 24 43 12 19 3 29 33 35 29 7 31 7 48 11 32 37 9 37 8 12 34 29 13 31 3 13 5 10 32 38 27 40 32 11 15 10 36 27 23 9 9 10 19
52 23 38 36 23 36 40 42 41 19 32 41 35 35 33 35 0 49 19 44 36 37 30 15 27 40 45 25 34 25 12 21 56 26 40 52 43 42 2 53 28 31 15 26 32 11 28 36 31 30 20 44 42 55 29 39 20 10 29 23 16 26 17 39 35 19 18 36 3 44 50 55 42 36 27 38 17 38 28 13 46 9 33 43 43 32 43 27 26 32 43 12 37 9 32 39 19 33 32 16 37 37 30 26 15 32 37 30 46 41 46 34 33 10 31 43 33 32 55 40 45 25 37 37 25 33 39 40 31 8 26 3 33 26 36 24 4 38 35 7 54 30 26 35 40 54 49 36 35 34 15
7 26 25 26 27 28 38 41 41 31 17 8 17 34 38 23 49 0 36 14 15 31 22 43 21 9 30 25 34 25 37 28 8 24 25 6 11 11 47 6 24 39 41 38 16 40 26 28 28 33 29 33 21 8 32 9 32 43 22 26 36 30 37 16 22 39 31 39 48 35 3 9 43 25 36 36 41 14 41 46 40 41 15 5 5 25 20 24 29 28 34 42 35 41 24 39 31 17 20 33 37 39 20 37 34 19 17 18 4 39 17 17 20 39 33 27 27 30 8 26 42 24 28 35 30 38 30 11 35 47 35 46 26 35 18 28 48 35 23 52 9 18 22 33 31 6 2 32 32 33 34
36 14 34 17 15 33 41 23 22 15 20 29 19 16 14 30 19 36 0 37 28 35 24 7 17 27 26 18 32 19 9 13 44 12 37 40 27 33 17 41 23 13 5 29 23 15 11 17 13 11 15 25 37 42 27 28 4 9 23 15 3 24 2 23 30 4 12 36 19 25 37 41 24 18 28 19 22 22 12 10 27 10 24 32 32 28 25 14 8 13 24 7 18 16 15 20 7 19 16 7 36 37 24 8 5 18 21 20 33 22 40 20 28 9 12 24 14 30 41 37 26 19 18 18 23 14 36 31 12 22 27 17 30 27 31 21 21 19 18 18 39 21 16 33 21 42 38 34 33 32 14
21 23 11 32 22 14 24 47 47 25 17 14 21 38 42 11 44 14 37 0 9 17 14 43 20 16 39 19 20 18 32 24 20 25 11 13 20 5 41 14 15 43 41 26 14 33 30 33 32 37 23 41 7 22 20 11 33 40 15 22 35 20 37 22 10 41 26 25 41 42 17 23 48 30 24 40 32 19 45 45 47 36 13 11 10 13 29 23 33 32 41 40 39 35 28 43 30 19 24 31 23 25 13 41 33 22 22 17 16 44 3 20 10 36 37 35 31 17 22 12 49 18 33 39 20 42 16 6 39 39 24 40 13 24 7 20 42 40 28 48 23 16 21 19 37 17 14 18 18 19 28
21 14 11 23 14 13 23 38 38 17 8 11 13 30 33 8 36 15 28 9 0 16 7 34 11 12 31 11 19 10 24 15 23 16 13 17 16 6 33 18 9 34 32 23 5 25 21 25 23 28 15 33 10 23 17 8 24 32 7 13 26 15 28 17 7 32 18 24 33 34 18 24 40 22 21 32 26 14 36 36 39 28 4 11 10 10 24 14 24 23 33 31 31 27 19 35 21 10 15 22 22 24 5 32 24 13 16 8 16 36 12 12 5 28 28 28 22 15 23 14 41 10 25 30 15 33 16 5 30 32 20 32 11 20 4 13 34 31 20 40 24 7 12 18 29 21 16 17 17 18 20
37 22 6 38 21 3 7 53 53 20 23 27 28 44 45 8 37 31 35 17 16 0 13 40 22 28 46 18 3 17 29 23 37 26 6 30 32 20 35 31 13 45 38 11 18 26 33 40 36 39 20 48 10 39 8 24 32 37 14 21 32 11 34 32 9 38 23 8 34 49 34 40 54 37 10 46 20 28 45 42 54 33 19 27 26 8 38 24 34 37 48 37 45 28 34 49 28 25 29 28 6 8 15 41 30 28 31 21 32 50 15 27 11 33 40 43 37 5 39 5 55 17 40 45 12 44 2 20 41 29 11 34 6 11 13 14 33 45 35 44 40 18 22 2 44 34 31 1 2 3 23
27 10 10 25 9 10 20 40 39 11 10 17 15 30 32 6 30 22 24 14 7 13 0 30 9 18 33 6 14 5 19 11 30 13 13 24 22 13 28 25 2 32 28 17 7 20 20 26 23 26 10 35 13 30 11 14 20 27 1 9 22 9 24 20 6 28 13 19 28 36 25 31 40 24 15 33 19 17 33 32 41 23 8 18 17 5 26 11 21 24 35 27 32 22 21 36 17 12 16 18 18 19 2 29 20 15 18 7 22 37 16 14 4 23 27 30 24 10 30 13 42 5 27 32 8 31 13 12 28 26 14 27 7 14 7 7 29 32 22 35 30 5 9 13 31 28 23 13 13 13 15
43 20 40 24 21 39 45 27 26 20 27 36 26 20 18 36 15 43 7 43 34 40 30 0 23 34 30 24 37 25 12 19 51 19 43 47 34 39 13 48 29 16 2 32 29 17 17 23 19 15 20 29 43 49 32 35 11 5 29 21 8 29 6 29 36 4 17 41 15 29 44 48 27 24 32 23 24 29 13 3 31 9 30 39 39 34 31 20 14 19 28 4 22 16 21 24 13 26 23 12 41 42 30 11 10 25 27 26 40 26 46 27 34 8 16 29 20 35 48 43 30 25 23 22 28 18 42 37 16 20 31 13 36 31 37 26 17 23 24 12 46 27 22 38 25 49 45 39 38 37 18
23 4 19 16 6 19 29 31 30 11 5 14 9 21 23 15 27 21 17 20 11 22 9 23 0 13 25 6 23 7 15 6 29 5 21 25 16 16 25 25 10 24 21 23 6 18 11 17 14 18 9 26 20 28 19 12 13 22 8 5 15 15 17 14 14 21 9 28 26 27 23 28 31 16 21 24 23 11 25 25 32 19 7 16 16 14 20 3 13 15 26 21 23 20 12 27 10 6 8 12 27 28 8 21 13 7 12 3 19 28 23 8 12 18 18 22 15 18 28 22 33 6 18 23 14 23 22 14 20 25 20 24 16 20 14 12 27 23 14 31 27 4 1 22 22 27 22 22 21 21 14
10 17 23 17 19 25 35 32 32 24 8 2 8 25 29 20 40 9 27 16 12 28 18 34 13 0 23 18 31 19 28 19 16 15 25 15 4 11 38 15 20 30 32 35 11 31 17 19 19 24 22 25 21 15 29 5 23 34 18 18 27 27 28 7 19 30 22 36 39 27 10 15 34 16 33 27 35 5 32 37 32 32 10 6 7 22 13 15 20 19 26 33 26 33 15 30 22 8 11 24 34 36 16 28 25 10 8 11 6 30 19 8 17 30 24 20 18 27 15 26 34 18 19 26 26 29 28 10 26 38 32 37 23 32 16 24 40 26 14 43 14 13 14 30 22 15 11 29 29 30 27
26 27 44 9 29 45 55 11 11 34 24 25 18 10 13 38 45 30 26 39 31 46 33 30 25 23 0 31 47 32 35 29 36 22 44 36 19 34 43 36 35 15 30 47 27 41 17 9 14 15 32 3 41 33 43 27 25 35 33 28 29 40 28 16 37 26 32 52 45 5 30 31 13 10 45 9 46 19 18 33 10 36 27 28 29 38 10 24 19 13 4 33 9 42 13 10 28 21 18 30 51 52 31 19 30 19 16 26 26 9 42 19 34 35 14 3 12 43 32 44 12 31 8 9 38 13 46 32 14 48 44 43 40 44 35 36 47 8 11 42 29 28 26 46 5 36 32 46 46 46 37
28 4 16 22 3 15 24 35 34 6 10 18 15 26 27 12 25 25 18 19 11 18 6 24 6 18 31 0 17 1 13 5 33 9 19 28 22 17 23 29 5 27 22 17 7 15 16 23 19 21 5 32 19 32 13 15 14 21 5 3 16 9 18 20 12 22 7 22 23 33 26 32 36 21 15 29 17 17 27 26 37 17 8 18 18 10 26 7 16 20 32 21 28 17 18 31 11 12 13 12 21 22 6 23 14 13 18 7 22 33 22 14 10 17 22 28 20 13 31 19 37 1 24 28 8 26 18 15 23 22 14 22 12 14 13 6 24 28 19 29 30 5 5 17 28 29 24 17 16 16 10
40 21 9 39 20 6 7 52 52 17 24 30 29 43 44 11 34 34 32 20 19 3 14 37 23 31 47 17 0 16 26 21 40 26 9 33 35 23 32 34 13 44 35 8 21 23 33 40 36 38 18 49 13 42 5 27 29 34 14 20 29 8 31 34 12 35 20 5 31 50 37 43 53 38 7 46 17 31 43 39 54 30 21 30 29 9 40 24 33 37 49 34 45 25 35 48 25 26 30 25 4 5 16 39 27 29 32 21 35 50 18 28 14 30 39 44 37 4 42 8 54 17 41 45 9 43 5 23 40 26 8 31 8 8 16 11 30 45 36 41 43 19 22 1 45 37 34 2 2 1 20
28 5 15 23 4 14 23 36 35 6 11 18 16 27 28 11 25 25 19 18 10 17 5 25 7 19 32 1 16 0 14 6 33 10 18 27 23 16 23 28 4 28 23 16 8 15 17 24 20 22 5 33 18 32 11 16 15 22 4 4 17 8 19 21 11 23 8 20 23 34 27 32 37 22 14 30 16 18 28 27 38 18 9 19 19 9 27 8 17 21 33 22 29 17 19 32 12 13 14 13 20 21 5 24 15 14 19 8 23 34 21 15 9 18 23 29 21 12 32 18 38 1 25 29 7 27 17 15 24 22 13 22 11 13 12 5 24 29 20 30 31 6 6 16 29 30 25 16 15 15 10
39 11 29 26 11 28 33 33 32 9 20 29 22 25 24 25 12 37 9 32 24 29 19 12 15 28 35 13 26 14 0 9 44 14 32 40 30 30 10 40 18 22 10 21 20 6 18 26 21 20 9 34 32 43 21 27 10 8 18 11 6 18 8 27 25 12 6 29 11 34 38 43 33 26 20 28 13 25 21 13 36 4 21 31 31 23 32 15 16 22 33 8 27 7 22 29 7 21 20 5 30 30 19 17 5 20 25 18 34 31 35 22 23 4 21 33 23 24 43 32 35 14 27 27 17 23 31 28 21 13 19 9 25 19 26 15 12 28 25 16 42 18 14 27 30 42 37 28 27 26 6
30 2 21 20 2 20 28 32 31 5 11 20 15 23 24 17 21 28 13 24 15 23 11 19 6 19 29 5 21 6 9 0 35 7 24 31 22 21 19 31 10 23 17 19 11 12 13 21 16 18 3 29 24 34 16 18 9 17 10 2 11 13 13 20 17 17 3 25 20 30 29 34 33 20 18 26 17 17 23 21 34 13 12 22 22 15 26 6 13 17 29 16 25 14 16 28 6 12 13 7 25 26 11 19 9 13 18 9 25 30 27 14 15 13 19 27 18 18 34 24 34 6 22 25 11 23 23 19 20 19 17 18 17 17 18 9 21 25 19 25 33 9 5 21 25 33 28 22 21 20 8
10 34 31 32 35 34 44 47 47 39 25 15 25 40 44 30 56 8 44 20 23 37 30 51 29 16 36 33 40 33 44 35 0 31 31 7 17 18 54 6 32 45 48 45 24 47 33 34 35 40 37 39 27 3 39 17 39 50 30 33 43 38 44 22 29 46 38 45 55 41 6 5 49 31 43 42 49 21 48 53 46 48 23 13 13 32 26 31 36 34 40 49 41 49 30 45 38 24 27 40 43 45 28 44 41 26 24 26 10 45 22 24 27 46 39 33 33 37 4 32 48 32 34 41 37 44 36 18 41 54 42 53 33 42 25 36 56 41 29 59 7 26 30 39 37 3 7 38 38 39 42
25 5 23 13 7 23 33 26 25 12 8 16 8 17 18 19 26 24 12 25 16 26 13 19 5 15 22 9 26 10 14 7 31 0 26 28 16 21 24 29 13 19 17 25 11 19 7 14 10 13 10 23 25 30 21 16 8 19 12 6 12 18 13 13 19 16 10 30 25 24 25 30 27 13 23 20 24 11 20 22 28 17 12 20 20 18 19 2 8 11 23 18 19 20 9 23 7 7 6 9 30 31 12 16 10 6 11 8 21 24 28 8 16 15 14 20 11 22 30 26 29 9 15 19 16 18 26 19 15 26 22 23 20 22 19 14 26 19 12 28 28 9 4 26 19 30 25 26 25 25 15
31 23 3 36 22 5 13 51 51 23 21 23 26 43 45 7 40 25 37 11 13 6 13 43 21 25 44 19 9 18 32 24 31 26 0 24 29 14 38 25 14 45 41 17 17 29 32 38 35 39 23 46 4 33 12 20 33 40 14 22 35 14 37 30 7 41 26 14 37 47 28 34 52 35 16 45 25 27 46 45 52 36 17 21 20 9 37 24 34 36 46 40 44 31 32 48 30 23 28 31 12 14 13 42 33 26 29 19 26 49 9 25 9 36 39 41 35 9 33 1 54 18 38 43 15 44 5 15 41 34 16 37 7 16 9 17 37 44 33 47 34 17 21 8 42 28 25 7 8 9 26
12 30 24 32 30 27 37 47 47 34 20 13 23 40 44 23 52 6 40 13 17 30 24 47 25 15 36 28 33 27 40 31 7 28 24 0 17 11 50 1 26 45 45 38 20 42 32 34 34 39 32 39 20 9 32 12 36 47 24 29 40 32 41 22 22 44 34 38 50 41 7 10 49 31 36 42 43 20 47 50 46 44 18 9 8 25 26 27 35 34 40 46 41 44 30 45 35 21 26 37 36 38 22 43 38 24 23 21 10 45 15 22 21 43 39 33 33 30 9 25 48 27 34 41 31 44 29 12 41 49 36 49 26 36 18 30 51 41 29 56 12 22 25 32 37 4 4 31 31 32 37
8 20 27 15 22 29 39 30 30 27 12 6 8 23 27 24 43 11 27 20 16 32 22 34 16 4 19 22 35 23 30 22 17 16 29 17 0 15 40 17 24 28 32 39 15 34 17 17 18 22 25 22 25 15 33 9 23 35 22 21 27 31 28 5 23 30 25 40 41 24 11 13 32 14 37 25 39 5 30 37 29 33 14 9 10 26 9 17 20 17 23 33 24 36 13 28 23 10 11 25 38 40 20 27 26 10 7 15 7 28 23 8 21 31 22 16 16 31 14 30 31 22 17 24 30 27 32 14 24 41 36 39 27 36 20 28 42 24 12 44 12 17 17 34 20 17 13 33 33 34 30
17 20 14 27 20 17 27 42 42 23 13 9 17 34 38 12 42 11 33 5 6 20 13 39 16 11 34 17 23 16 30 21 18 21 14 11 15 0 39 12 15 39 37 27 10 31 26 29 28 33 21 36 10 19 21 7 29 38 13 19 31 21 33 18 11 37 24 28 39 38 14 20 44 26 25 36 32 15 41 41 43 34 9 7 6 14 24 19 29 28 37 37 35 33 24 39 26 15 20 28 26 28 11 37 29 18 18 13 12 40 8 16 10 34 33 31 27 19 19 15 45 16 29 35 20 38 19 2 35 38 25 38 15 25 7 19 40 36 24 46 20 12 17 22 33 15 11 21 21 22 26
49 21 35 34 21 34 38 40 39 17 30 39 32 33 31 32 2 47 17 41 33 35 28 13 25 38 43 23 32 23 10 19 54 24 38 50 40 39 0 50 26 29 13 24 30 9 26 34 29 28 18 42 39 53 27 37 18 8 27 21 14 24 15 37 33 17 16 34 2 42 48 53 40 34 25 36 15 35 26 12 44 7 31 41 41 30 41 24 24 30 41 10 35 7 30 37 16 31 29 14 35 35 28 24 13 30 34 28 44 39 44 32 31 8 29 41 31 30 53 38 43 23 35 35 23 31 37 38 29 7 24 1 31 24 34 22 4 36 33 9 52 28 24 33 38 52 47 34 33 32 13
11 30 25 32 31 28 38 47 47 35 21 13 23 40 44 24 53 6 41 14 18 31 25 48 25 15 36 29 34 28 40 31 6 29 25 1 17 12 50 0 27 45 46 39 20 43 32 34 34 39 33 39 21 8 33 13 37 47 25 30 40 33 42 22 23 45 34 39 51 41 6 9 49 31 37 42 44 20 47 50 46 44 19 9 9 26 26 28 35 34 40 46 41 45 30 45 35 22 26 37 37 39 23 43 38 24 23 22 10 45 16 22 22 43 39 33 33 31 8 26 48 28 34 41 32 44 30 13 41 50 37 49 27 37 19 31 52 41 29 56 11 22 26 33 37 3 4 32 32 33 38
29 9 11 26 8 10 19 40 39 9 12 19 17 31 32 7 28 24 23 15 9 13 2 29 10 20 35 5 13 4 18 10 32 13 14 26 24 15 26 27 0 32 27 15 9 18 20 27 23 26 9 36 14 32 9 16 19 26 2 8 21 7 23 22 7 27 12 18 26 37 27 33 40 26 13 33 17 19 32 31 41 22 10 20 19 5 28 11 21 24 36 26 32 20 22 36 16 14 17 17 17 18 4 28 19 16 20 9 24 37 17 16 5 22 27 32 24 9 32 14 42 4 28 32 6 31 13 14 28 24 12 25 7 12 8 5 27 32 23 34 32 7 9 13 32 30 25 13 12 12 13
36 23 42 13 25 42 52 11 10 27 26 32 22 6 2 38 31 39 13 43 34 45 32 16 24 30 15 27 44 28 22 23 45 19 45 45 28 39 29 45 32 0 16 42 29 28 13 12 11 6 26 13 44 43 39 33 14 21 31 24 16 36 14 23 38 12 23 48 31 13 39 41 11 14 40 7 35 25 3 19 15 22 30 36 37 37 21 21 11 11 12 19 7 29 15 8 18 24 19 19 48 49 31 5 18 21 22 26 35 10 46 23 35 21 6 16 12 40 42 45 14 28 12 7 34 2 45 37 4 34 39 29 39 39 37 32 33 7 16 28 39 28 23 44 11 45 41 44 43 43 27
41 18 38 22 19 37 43 27 26 18 25 33 24 20 18 34 15 41 5 41 32 38 28 2 21 32 30 22 35 23 10 17 48 17 41 45 32 37 13 46 27 16 0 31 27 15 16 22 18 15 18 29 41 47 30 33 9 5 27 19 6 27 4 28 34 4 15 39 15 29 42 45 27 23 30 23 22 27 13 5 31 7 28 37 37 32 30 18 13 18 28 3 22 14 20 24 11 24 21 10 39 40 28 11 8 23 26 24 38 26 44 25 32 7 16 29 19 33 46 41 30 23 23 22 26 18 40 35 16 19 29 13 34 29 35 24 17 23 23 13 44 25 20 36 25 47 42 37 36 35 16
44 20 16 38 18 14 14 51 50 15 27 34 32 42 43 15 26 38 29 26 23 11 17 32 23 35 47 17 8 16 21 19 45 25 17 38 39 27 24 39 15 42 31 0 24 15 32 39 35 37 16 48 21 46 6 31 27 27 17 19 26 8 28 37 16 32 18 10 23 49 41 47 52 38 2 45 9 34 41 32 53 23 25 34 33 13 43 24 32 36 48 28 44 17 34 47 23 29 30 23 11 11 19 37 24 30 35 24 39 49 26 31 18 24 38 45 36 9 46 16 53 17 40 44 9 42 13 27 39 18 3 23 13 3 20 11 22 44 36 33 47 22 22 9 44 42 38 10 10 9 15
20 9 14 19 9 16 26 34 34 14 4 10 9 26 29 10 32 16 23 14 5 18 7 29 6 11 27 7 21 8 20 11 24 11 17 20 15 10 30 20 9 29 27 24 0 22 16 21 19 23 12 29 14 24 18 7 19 27 7 9 21 16 23 13 9 27 14 26 30 30 18 24 36 18 22 28 24 10 31 31 35 24 1 11 11 12 20 9 19 19 29 26 27 24 15 31 16 6 11 17 24 26 5 27 19 9 12 3 15 32 17 8 7 24 23 24 18 17 23 17 37 7 21 26 15 28 18 8 25 29 21 29 13 21 8 13 31 27 16 36 23 2 7 20 25 22 17 19 19 20 17
42 14 26 32 13 25 29 39 38 9 23 32 27 31 30 23 11 40 15 33 25 26 20 17 18 31 41 15 23 15 6 12 47 19 29 42 34 31 9 43 18 28 15 15 22 0 24 32 27 26 10 40 30 46 18 29 16 12 19 14 12 15 14 32 24 18 9 25 8 40 40 46 39 32 16 34 7 29 27 17 42 8 23 33 33 21 38 18 22 28 39 13 33 2 28 35 13 24 25 11 26 26 20 23 11 25 30 21 37 37 35 26 23 9 27 39 29 21 45 29 41 15 33 33 14 29 28 30 27 7 15 8 22 15 26 13 9 34 31 18 45 20 17 24 36 44 39 25 24 23 5
25 12 30 8 14 30 40 19 18 18 13 19 9 10 12 26 28 26 11 30 21 33 20 17 11 17 17 16 33 17 18 13 33 7 32 32 17 26 26 32 20 13 16 32 16 24 0 8 3 7 16 16 30 32 28 20 8 20 19 13 12 25 12 12 25 13 15 37 28 17 27 30 20 8 30 13 29 12 15 20 21 19 17 23 24 25 14 9 3 4 16 17 12 25 4 16 11 11 6 13 37 38 19 11 13 8 10 13 23 17 33 10 23 18 7 15 5 29 31 33 22 16 9 12 23 12 33 24 9 31 29 26 27 29 24 21 30 12 7 28 29 15 11 33 12 32 28 33 32 32 20
25 19 36 2 21 37 47 14 13 26 17 21 12 6 10 32 36 28 17 33 25 40 26 23 17 19 9 23 40 24 26 21 34 14 38 34 17 29 34 34 27 12 22 39 21 32 8 0 5 7 24 9 35 32 35 22 16 26 25 20 20 32 19 12 30 18 23 44 36 10 28 30 15 3 37 8 37 14 14 26 15 27 21 25 26 31 10 16 10 4 9 24 7 33 5 11 19 14 10 21 44 45 25 12 21 11 11 18 24 12 36 13 28 26 7 7 3 35 31 38 16 23 1 7 30 10 39 27 8 39 36 34 33 36 29 28 38 7 5 35 28 20 18 39 5 34 30 39 38 38 28
26 15 33 5 17 33 43 16 15 21 15 21 11 7 10 29 31 28 13 32 23 36 23 19 14 19 14 19 36 20 21 16 35 10 35 34 18 28 29 34 23 11 18 35 19 27 3 5 0 5 19 13 33 33 31 22 11 21 22 16 15 28 14 12 28 15 18 40 31 14 28 31 17 5 33 10 32 14 13 22 18 22 19 25 26 28 12 12 5 1 13 19 9 28 4 13 14 13 8 16 40 41 22 10 16 10 11 16 24 14 35 12 26 21 5 12 2 32 32 36 18 19 6 9 26 10 36 26 7 34 32 29 30 32 27 24 33 9 6 30 30 18 14 36 9 34 30 36 35 35 23
31 17 36 9 19 36 46 13 12 23 20 26 16 5 5 32 30 33 11 37 28 39 26 15 18 24 15 21 38 22 20 18 40 13 39 39 22 33 28 39 26 6 15 37 23 26 7 7 5 0 21 14 37 37 33 27 10 20 25 18 14 30 13 17 32 11 19 42 30 14 33 35 14 9 35 8 33 19 8 18 16 21 24 30 31 31 16 15 5 5 13 18 7 27 9 10 14 18 13 15 42 43 25 5 15 15 16 20 29 12 40 17 29 20 1 14 6 34 36 39 16 22 8 7 28 5 39 31 2 33 34 28 33 34 31 26 32 8 10 27 34 22 17 38 10 39 35 38 37 37 23
32 5 20 23 3 19 26 35 34 2 14 22 18 26 27 16 20 29 15 23 15 20 10 20 9 22 32 5 18 5 9 3 37 10 23 32 25 21 18 33 9 26 18 16 12 10 16 24 19 21 0 32 23 36 13 19 12 17 9 4 12 10 14 23 16 18 3 22 18 33 30 36 35 23 15 29 14 20 26 22 37 13 13 23 23 14 29 9 16 20 32 17 28 12 19 31 8 15 16 8 22 23 10 22 10 16 21 11 27 33 26 17 14 13 22 30 21 15 35 23 37 5 25 28 8 26 22 20 23 17 14 17 16 14 17 6 19 28 22 25 35 10 8 18 28 34 29 19 18 17 5
29 28 45 10 30 46 56 8 8 34 25 27 20 9 11 40 44 33 25 41 33 48 35 29 26 25 3 32 49 33 34 29 39 23 46 39 22 36 42 39 36 13 29 48 29 40 16 9 13 14 32 0 43 36 44 29 24 34 34 29 28 41 27 18 38 25 31 53 44 2 33 34 10 11 46 6 45 21 16 32 7 35 29 31 32 40 13 25 18 12 1 32 7 41 14 7 27 23 19 29 53 54 33 18 29 20 18 27 29 6 44 21 36 34 13 6 12 44 35 46 9 32 8 7 39 11 47 34 13 47 45 42 42 45 37 37 46 6 13 41 32 29 27 48 4 39 35 48 47 47 36
27 23 5 33 22 8 17 48 48 23 18 19 23 40 43 7 42 21 37 7 10 10 13 43 20 21 41 19 13 18 32 24 27 25 4 20 25 10 39 21 14 44 41 21 14 30 30 35 33 37 23 43 0 29 15 16 33 40 14 22 35 16 37 27 7 41 26 18 38 44 24 30 50 32 19 42 28 24 45 45 49 36 14 17 16 9 34 23 33 33 43 40 41 32 29 45 30 20 25 31 16 18 13 41 33 23 26 17 22 46 5 22 9 36 37 38 32 12 29 5 51 18 35 40 16 42 9 11 39 36 19 38 8 19 6 17 39 41 30 47 30 16 21 12 39 24 21 11 12 13 26
7 33 33 30 34 36 46 44 44 39 24 14 23 37 41 31 55 8 42 22 23 39 30 49 28 15 33 32 42 32 43 34 3 30 33 9 15 19 53 8 32 43 47 46 24 46 32 32 33 37 36 36 29 0 40 16 38 49 30 32 42 38 43 20 30 45 37 47 54 38 5 2 46 29 44 39 48 20 45 52 43 47 22 12 13 33 23 30 35 32 37 48 38 48 28 42 37 23 26 39 45 47 28 42 40 25 22 25 9 42 24 23 28 45 37 30 31 38 1 34 45 31 31 38 38 41 38 19 39 53 43 52 34 43 26 36 55 38 27 58 4 26 29 41 34 5 8 40 40 41 41
38 17 10 35 14 7 12 47 47 12 21 28 26 38 39 9 29 32 27 20 17 8 11 32 19 29 43 13 5 11 21 16 39 21 12 32 33 21 27 33 9 39 30 6 18 18 28 35 31 33 13 44 15 40 0 25 24 29 11 15 24 3 26 31 10 30 15 9 26 45 35 41 47 33 4 41 13 28 38 34 49 25 19 28 27 7 37 19 28 32 44 29 40 20 30 43 20 23 25 20 9 10 13 34 22 25 29 18 33 45 20 25 12 25 34 40 32 3 40 11 49 12 36 40 4 38 10 21 35 22 4 26 7 4 14 6 25 40 31 36 41 16 17 6 40 36 32 7 6 5 15
13 16 18 20 17 21 31 35 35 22 8 3 11 28 32 16 39 9 28 11 8 24 14 35 12 5 27 15 27 16 27 18 17 16 20 12 9 7 37 13 16 33 33 31 7 29 20 22 22 27 19 29 16 16 25 0 24 34 14 16 27 23 29 11 15 32 21 32 37 31 11 17 37 19 29 30 31 8 35 37 36 31 6 4 4 18 18 15 23 22 30 33 29 31 18 33 22 9 14 24 30 32 12 31 25 12 11 9 8 33 14 10 13 30 27 24 21 23 16 21 38 14 22 29 22 32 23 5 29 36 28 36 19 28 11 20 38 29 17 43 16 9 13 26 26 15 10 25 25 26 24
33 10 30 16 11 29 37 23 22 12 16 24 15 15 15 26 20 32 4 33 24 32 20 11 13 23 25 14 29 15 10 9 39 8 33 36 23 29 18 37 19 14 9 27 19 16 8 16 11 10 12 24 33 38 24 24 0 11 19 11 4 21 5 20 26 8 9 33 20 24 33 36 24 16 25 18 22 18 14 14 26 11 20 28 28 24 22 10 6 12 23 10 17 17 12 20 4 15 12 5 33 34 20 10 5 14 17 16 29 22 36 16 24 10 11 23 13 27 37 33 26 15 17 17 20 15 32 27 12 23 24 18 26 24 27 18 22 18 15 20 35 17 12 30 20 38 33 31 30 29 13
44 18 37 26 18 36 41 32 31 17 27 35 27 25 23 33 10 43 9 40 32 37 27 5 22 34 35 21 34 22 8 17 50 19 40 47 35 38 8 47 26 21 5 27 27 12 20 26 21 20 17 34 40 49 29 34 11 0 26 19 7 26 7 31 33 9 14 37 10 34 44 47 32 26 28 28 19 29 18 5 36 4 28 38 38 31 33 20 16 22 33 2 27 11 23 29 11 26 23 10 38 38 27 16 8 25 28 25 40 31 43 27 31 4 21 33 23 32 48 40 35 22 27 27 25 23 39 35 21 15 27 8 33 27 34 23 12 28 26 9 46 25 20 35 30 49 44 36 35 34 14
27 9 11 24 8 11 21 39 38 10 10 17 15 29 31 7 29 22 23 15 7 14 1 29 8 18 33 5 14 4 18 10 30 12 14 24 22 13 27 25 2 31 27 17 7 19 19 25 22 25 9 34 14 30 11 14 19 26 0 8 21 9 23 20 7 27 12 19 27 35 25 31 39 24 15 32 18 17 32 31 40 22 8 18 17 6 26 10 20 23 34 26 31 21 20 35 16 12 16 17 18 19 2 28 19 14 18 7 22 36 17 14 5 22 26 30 23 10 30 14 40 4 26 31 8 30 14 12 27 25 14 26 8 14 8 6 28 31 21 34 30 5 8 14 30 28 23 14 13 13 14
28 1 19 19 1 18 27 32 31 6 10 18 14 23 24 15 23 26 15 22 13 21 9 21 5 18 28 3 20 4 11 2 33 6 22 29 21 19 21 30 8 24 19 19 9 14 13 20 16 18 4 29 22 32 15 16 11 19 8 0 13 12 15 19 15 19 5 24 22 30 27 32 32 19 17 26 18 16 24 23 34 15 10 20 20 13 25 5 13 17 29 18 25 16 15 28 8 11 12 9 24 25 9 20 11 12 17 7 23 30 25 13 13 15 19 26 17 16 32 22 34 4 21 25 10 23 21 17 20 21 16 20 15 16 16 8 23 25 18 27 31 7 4 20 25 31 26 20 19 19 9
37 12 32 20 13 31 38 26 25 12 20 28 19 19 17 28 16 36 3 35 26 32 22 8 15 27 29 16 29 17 6 11 43 12 35 40 27 31 14 40 21 16 6 26 21 12 12 20 15 14 12 28 35 42 24 27 4 7 21 13 0 21 2 24 28 6 9 33 16 28 37 40 27 20 25 22 19 22 15 10 30 7 22 31 31 26 26 13 10 16 27 6 21 13 16 23 5 19 16 4 33 34 22 11 2 18 21 18 33 25 38 20 26 6 15 27 17 27 41 35 29 17 21 21 20 17 34 29 15 19 24 14 28 24 29 18 18 22 19 16 39 19 14 30 24 42 37 31 30 29 11
36 13 12 31 11 10 15 44 43 9 19 26 24 35 36 9 26 30 24 20 15 11 9 29 15 27 40 9 8 8 18 13 38 18 14 32 31 21 24 33 7 36 27 8 16 15 25 32 28 30 10 41 16 38 3 23 21 26 9 12 21 0 23 29 10 27 12 12 23 42 33 39 44 30 6 38 12 26 35 31 46 22 17 26 25 7 35 16 25 29 41 26 37 17 27 40 17 21 22 17 12 13 11 31 19 22 27 16 31 42 21 23 11 22 31 37 29 6 38 14 46 9 33 37 1 35 13 20 32 20 5 23 8 5 14 3 23 37 28 33 39 14 14 9 37 36 31 10 9 8 12
38 14 34 19 15 33 40 25 24 14 21 29 20 18 16 30 17 37 2 37 28 34 24 6 17 28 28 18 31 19 8 13 44 13 37 41 28 33 15 42 23 14 4 28 23 14 12 19 14 13 14 27 37 43 26 29 5 7 23 15 2 23 0 24 30 4 11 35 17 27 38 41 25 19 27 21 21 23 13 9 29 8 24 33 33 28 26 14 9 15 26 5 20 15 16 22 7 20 17 6 35 36 24 9 4 19 22 20 34 24 40 21 28 7 14 26 16 29 42 37 28 19 20 20 22 16 36 31 14 20 26 15 30 26 31 20 19 21 19 16 40 21 16 32 23 43 38 33 32 31 13
13 18 28 10 20 30 40 25 25 25 10 9 5 18 22 24 39 16 23 22 17 32 20 29 14 7 16 20 34 21 27 20 22 13 30 22 5 18 37 22 22 23 28 37 13 32 12 12 12 17 23 18 27 20 31 11 20 31 20 19 24 29 24 0 22 25 23 39 38 20 16 18 27 9 35 20 37 3 25 32 25 30 13 13 14 25 7 14 15 12 19 29 19 33 8 23 20 8 7 22 37 39 18 22 23 7 2 13 12 23 25 6 20 28 17 13 11 30 19 30 27 20 12 19 28 22 31 16 19 39 34 36 26 34 21 26 39 19 7 40 17 15 15 33 15 22 18 32 32 33 28
28 16 5 29 15 6 16 44 44 16 14 18 19 35 37 1 35 22 30 10 7 9 6 36 14 19 37 12 12 11 25 17 29 19 7 22 23 11 33 23 7 38 34 16 9 24 25 30 28 32 16 38 7 30 10 15 26 33 7 15 28 10 30 22 0 34 19 17 32 39 25 31 45 27 14 37 22 19 39 38 44 29 10 18 17 3 29 16 26 28 38 33 36 26 24 40 23 15 20 24 15 17 6 34 26 18 21 12 23 41 11 17 2 29 32 33 27 8 30 8 46 11 30 35 10 37 9 11 33 30 14 32 4 14 4 11 33 36 25 41 31 10 14 11 34 26 22 10 10 11 20
39 18 38 19 19 37 44 23 22 18 24 32 22 16 14 34 19 39 4 41 32 38 28 4 21 30 26 22 35 23 12 17 46 16 41 44 30 37 17 45 27 12 4 32 27 18 13 18 15 11 18 25 41 45 30 32 8 9 27 19 6 27 4 25 34 0 15 39 19 25 40 43 23 20 31 19 25 25 9 7 27 11 28 36 36 32 27 18 10 15 24 7 18 18 17 20 11 23 19 10 39 40 28 7 8 21 23 24 36 22 44 23 32 10 12 25 16 33 44 41 26 23 19 18 26 14 40 35 12 23 30 17 34 30 35 24 21 19 20 16 42 25 20 36 21 45 41 37 36 35 17
33 5 23 23 5 22 28 32 31 3 14 23 18 24 24 19 18 31 12 26 18 23 13 17 9 22 32 7 20 8 6 3 38 10 26 34 25 24 16 34 12 23 15 18 14 9 15 23 18 19 3 31 26 37 15 21 9 14 12 5 9 12 11 23 19 15 0 24 17 32 32 37 33 23 16 27 14 20 23 19 35 10 15 25 25 17 29 9 14 19 31 14 26 11 19 29 5 15 16 5 24 25 13 19 7 16 21 12 28 31 29 17 17 10 20 30 20 18 37 26 35 8 24 26 11 24 25 22 21 16 15 15 19 15 20 9 18 27 22 22 36 12 8 21 27 36 31 22 21 20 5
45 26 14 44 23 11 4 56 56 21 29 35 34 47 48 16 36 39 36 25 24 8 19 41 28 36 52 22 5 20 29 25 45 30 14 38 40 28 34 39 18 48 39 10 26 25 37 44 40 42 22 53 18 47 9 32 33 37 19 24 33 12 35 39 17 39 24 0 33 54 42 48 56 42 9 50 19 36 47 42 58 33 26 35 34 14 45 28 37 41 53 37 49 27 39 52 29 31 34 29 2 1 21 43 31 33 37 26 40 54 23 33 19 33 43 49 41 9 47 13 58 21 45 49 13 47 9 28 44 28 10 33 13 10 21 15 32 49 40 43 48 24 26 6 49 42 39 7 7 6 23
50 22 34 36 21 33 37 42 41 17 31 40 33 35 33 31 3 48 19 41 33 34 28 15 26 39 45 23 31 23 11 20 55 25 37 50 41 39 2 51 26 31 15 23 30 8 28 36 31 30 18 44 38 54 26 37 20 10 27 22 16 23 17 38 32 19 17 33 0 44 48 54 42 36 24 38 14 36 28 14 46 9 31 41 41 29 42 26 26 32 43 12 37 6 32 39 18 32 31 16 34 34 28 26 15 31 36 29 45 41 43 33 31 10 31 43 33 29 53 37 45 23 37 37 22 33 36 38 31 5 23 2 30 23 34 21 2 38 35 10 53 28 25 32 40 52 47 33 32 31 13
31 29 46 11 31 47 57 6 6 35 26 29 21 9 11 41 44 35 25 42 34 49 36 29 27 27 5 33 50 34 34 30 41 24 47 41 24 38 42 41 37 13 29 49 30 40 17 10 14 14 33 2 44 38 45 31 24 34 35 30 28 42 27 20 39 25 32 54 44 0 35 36 8 12 47 6 46 23 16 32 5 35 30 33 34 41 15 26 18 13 1 32 7 41 15 6 27 24 20 29 53 54 34 18 29 21 20 28 31 5 45 22 37 34 13 8 13 45 37 47 7 33 9 7 40 11 48 36 13 47 46 42 43 46 38 38 46 6 14 41 34 30 28 49 5 41 37 49 48 48 36
5 27 28 26 28 31 41 41 41 33 18 9 18 34 38 26 50 3 37 17 18 34 25 44 23 10 30 26 37 27 38 29 6 25 28 7 11 14 48 6 27 39 42 41 18 40 27 28 28 33 30 33 24 5 35 11 33 44 25 27 37 33 38 16 25 40 32 42 48 35 0 6 43 25 39 36 42 15 41 47 40 42 17 7 8 28 20 25 30 28 34 43 35 42 24 39 32 18 21 34 40 42 23 38 35 20 17 20 4 39 19 18 23 40 33 27 27 33 5 29 42 25 28 35 33 38 33 14 35 47 38 47 29 38 21 31 49 35 23 53 6 20 24 36 31 6 3 35 35 36 35
5 32 34 28 34 37 47 42 42 39 23 14 22 35 39 32 55 9 41 23 24 40 31 48 28 15 31 32 43 32 43 34 5 30 34 10 13 20 53 9 33 41 45 47 24 46 30 30 31 35 36 34 30 2 41 17 36 47 31 32 40 39 41 18 31 43 37 48 54 36 6 0 44 27 45 37 48 18 43 50 41 46 23 13 14 34 21 30 33 30 35 46 36 48 26 40 36 23 24 38 46 48 29 40 39 23 20 25 9 40 25 21 29 44 35 28 29 39 1 35 43 31 29 36 39 39 39 20 37 53 44 52 35 44 27 37 55 36 25 56 2 26 29 42 32 7 9 41 41 42 41
39 32 51 17 34 51 61 2 2 38 32 36 27 10 10 46 42 43 24 48 40 54 40 27 31 34 13 36 53 37 33 33 49 27 52 49 32 44 40 49 40 11 27 52 36 39 20 15 17 14 35 10 50 46 47 37 24 32 39 32 27 44 25 27 45 23 33 56 42 8 43 44 0 18 49 7 46 29 14 30 5 33 36 40 41 45 23 29 19 16 9 30 8 40 20 4 28 29 24 29 56 57 39 16 29 26 26 33 39 4 51 28 43 32 14 16 16 48 45 53 3 36 15 8 42 10 53 41 12 45 48 40 47 48 44 40 44 8 20 39 42 35 31 52 12 49 45 52 51 51 37
22 18 33 1 20 35 45 16 16 25 14 18 9 9 13 29 36 25 18 30 22 37 24 24 16 16 10 21 38 22 26 20 31 13 35 31 14 26 34 31 26 14 23 38 18 32 8 3 5 9 23 11 32 29 33 19 16 26 24 19 20 30 19 9 27 20 23 42 36 12 25 27 18 0 36 11 37 11 17 27 17 27 18 22 23 29 7 15 10 4 11 24 10 33 4 14 19 12 8 21 42 43 22 14 21 9 8 16 21 14 33 10 25 26 9 7 3 34 28 35 19 22 3 10 29 13 36 24 11 39 35 34 31 35 26 27 38 10 2 35 26 18 16 37 7 31 27 37 37 37 28
42 19 14 37 16 11 13 49 48 13 25 32 30 40 41 13 27 36 28 24 21 10 15 32 21 33 45 15 7 14 20 18 43 23 16 36 37 25 25 37 13 40 30 2 22 16 30 37 33 35 15 46 19 44 4 29 25 28 15 17 25 6 27 35 14 31 16 9 24 47 39 45 49 36 0 43 10 32 39 33 51 24 23 32 31 11 41 22 30 34 46 28 42 18 32 45 21 27 28 21 10 10 17 35 23 28 33 22 37 47 24 29 16 24 36 43 34 7 44 15 51 15 38 42 7 40 12 25 37 19 1 24 11 1 18 9 23 42 34 34 45 20 20 8 42 40 36 9 8 7 14
32 25 43 10 27 43 53 6 5 31 25 29 19 3 5 39 38 36 19 40 32 46 33 23 24 27 9 29 46 30 28 26 42 20 45 42 25 36 36 42 33 7 23 45 28 34 13 8 10 8 29 6 42 39 41 30 18 28 32 26 22 38 21 20 37 19 27 50 38 6 36 37 7 11 43 0 40 22 10 26 8 29 28 33 34 38 16 22 13 9 5 26 1 35 13 3 22 22 17 23 50 51 32 12 23 19 19 26 32 4 43 20 35 28 7 10 9 42 38 45 9 29 8 1 36 5 46 34 7 41 42 36 40 42 36 34 40 1 13 35 35 28 24 46 5 42 38 46 45 45 31
44 19 23 37 17 20 23 46 45 12 27 34 32 38 37 21 17 41 22 32 26 20 19 24 23 35 46 17 17 16 13 17 49 24 25 43 39 32 15 44 17 35 22 9 24 7 29 37 32 33 14 45 28 48 13 31 22 19 18 18 19 12 21 37 22 25 14 19 14 46 42 48 46 37 10 40 0 34 34 24 48 15 25 35 35 19 43 23 28 33 45 20 39 8 33 42 18 29 30 17 20 20 20 30 18 30 35 24 39 44 33 31 22 16 33 44 34 16 47 24 48 17 38 39 12 36 22 30 34 9 9 14 20 9 25 12 13 40 36 24 47 22 22 18 41 46 41 19 18 17 9
13 15 24 12 17 26 36 27 27 22 7 7 3 20 24 20 38 14 22 19 14 28 17 29 11 5 19 17 31 18 25 17 21 11 27 20 5 15 35 20 19 25 27 34 10 29 12 14 14 19 20 21 24 20 28 8 18 29 17 16 22 26 23 3 19 25 20 36 36 23 15 18 29 11 32 22 34 0 27 32 28 28 10 11 12 22 10 11 15 14 22 28 21 31 10 25 18 5 6 20 34 36 15 23 21 5 3 10 11 25 22 3 17 26 19 16 13 27 19 27 30 17 14 21 25 24 28 13 21 36 31 34 23 31 18 23 37 21 9 38 17 12 12 30 18 20 16 29 29 30 25
39 23 43 16 25 43 51 14 13 26 28 34 24 9 5 39 28 41 12 45 36 45 33 13 25 32 18 27 43 28 21 23 48 20 46 47 30 41 26 47 32 3 13 41 31 27 15 14 13 8 26 16 45 45 38 35 14 18 32 24 15 35 13 25 39 9 23 47 28 16 41 43 14 17 39 10 34 27 0 16 18 20 32 38 39 37 24 22 12 13 15 16 10 27 17 11 18 26 21 18 47 48 32 4 17 23 24 28 37 13 48 25 36 19 8 19 14 40 44 46 17 28 15 10 34 5 45 39 6 32 38 26 39 38 39 32 30 10 18 25 42 29 24 44 14 47 43 44 43 43 26
46 22 42 27 23 41 46 30 29 22 30 38 29 23 21 38 13 46 10 45 36 42 32 3 25 37 33 26 39 27 13 21 53 22 45 50 37 41 12 50 31 19 5 32 31 17 20 26 22 18 22 32 45 52 34 37 14 5 31 23 10 31 9 32 38 7 19 42 14 32 47 50 30 27 33 26 24 32 16 0 34 9 32 41 41 36 34 23 17 22 31 5 25 16 24 27 15 29 26 14 43 43 32 14 12 28 30 28 43 29 48 30 36 9 19 32 23 37 51 45 33 27 26 25 30 21 44 39 19 19 32 12 38 32 39 28 16 26 27 9 49 29 24 40 28 52 47 41 40 39 19
36 33 51 16 35 51 61 4 5 39 31 34 26 11 13 46 46 40 27 47 39 54 41 31 32 32 10 37 54 38 36 34 46 28 52 46 29 43 44 46 41 15 31 53 35 42 21 15 18 16 37 7 49 43 49 36 26 36 40 34 30 46 29 25 44 27 35 58 46 5 40 41 5 17 51 8 48 28 18 34 0 37 35 38 39 46 20 30 21 17 6 34 9 43 20 7 30 29 25 31 58 59 39 20 31 26 25 33 36 5 50 27 42 36 15 13 17 50 42 52 2 37 14 9 44 13 53 41 15 49 50 44 48 50 43 42 48 9 19 43 39 35 32 54 10 46 42 54 53 53 39
42 15 33 27 15 32 37 33 32 13 24 33 25 26 24 29 9 41 10 36 28 33 23 9 19 32 36 17 30 18 4 13 48 17 36 44 33 34 7 44 22 22 7 23 24 8 19 27 22 21 13 35 36 47 25 31 11 4 22 15 7 22 8 30 29 11 10 33 9 35 42 46 33 27 24 29 15 28 20 9 37 0 25 35 35 27 33 17 17 23 34 5 28 7 23 30 9 24 22 7 34 34 23 17 6 23 27 22 38 32 39 25 27 1 22 34 24 28 47 36 36 18 28 28 21 24 35 32 22 12 23 7 29 23 30 19 11 29 26 12 45 22 18 31 31 46 41 32 31 30 10
19 10 15 19 10 16 26 34 34 15 4 9 9 26 29 11 33 15 24 13 4 19 8 30 7 10 27 8 21 9 21 12 23 12 17 18 14 9 31 19 10 30 28 25 1 23 17 21 19 24 13 29 14 22 19 6 20 28 8 10 22 17 24 13 10 28 15 26 31 30 17 23 36 18 23 28 25 10 32 32 35 25 0 10 10 12 20 10 20 19 29 27 27 25 15 31 17 6 11 18 25 26 6 28 20 9 12 4 14 32 16 8 8 25 24 24 18 17 22 18 37 8 21 26 16 29 19 7 26 30 22 30 14 22 8 14 32 27 16 37 22 3 8 20 25 21 16 20 20 20 18
10 20 21 23 20 24 34 38 38 25 12 4 14 31 35 19 43 5 32 11 11 27 18 39 16 6 28 18 30 19 31 22 13 20 21 9 9 7 41 9 20 36 37 34 11 33 23 25 25 30 23 31 17 12 28 4 28 38 18 20 31 26 33 13 18 36 25 35 41 33 7 13 40 22 32 33 35 11 38 41 38 35 10 0 1 21 18 19 26 25 32 37 32 35 21 36 26 13 17 28 33 35 16 34 29 15 14 13 5 36 14 13 16 34 30 25 24 26 12 22 40 18 25 32 26 35 26 7 32 40 31 40 22 31 14 24 42 32 20 47 13 13 17 29 28 11 6 28 28 29 28
11 20 20 24 20 23 33 39 39 25 12 5 15 32 36 18 43 5 32 10 10 26 17 39 16 7 29 18 29 19 31 22 13 20 20 8 10 6 41 9 19 37 37 33 11 33 24 26 26 31 23 32 16 13 27 4 28 38 17 20 31 25 33 14 17 36 25 34 41 34 8 14 41 23 31 34 35 12 39 41 39 35 10 1 0 20 19 19 27 26 33 37 33 35 22 37 26 13 18 28 32 34 15 35 29 16 15 13 6 37 13 14 15 34 31 26 25 25 13 21 41 18 26 33 25 36 25 6 33 40 30 40 21 30 13 23 42 33 21 47 14 13 17 28 29 11 6 27 27 28 28
31 14 6 30 13 5 15 45 44 14 15 21 20 35 37 2 32 25 28 13 10 8 5 34 14 22 38 10 9 9 23 15 32 18 9 25 26 14 30 26 5 37 32 13 12 21 25 31 28 31 14 40 9 33 7 18 24 31 6 13 26 7 28 25 3 32 17 14 29 41 28 34 45 29 11 38 19 22 37 36 46 27 12 21 20 0 31 16 26 29 40 31 37 23 26 41 21 17 21 22 12 14 7 33 24 20 23 12 26 42 14 19 5 27 32 35 29 5 33 9 46 9 32 37 7 36 8 14 33 27 11 29 2 11 7 8 30 37 27 38 34 10 14 8 36 29 25 8 8 8 17
16 24 34 8 26 36 46 21 21 31 16 15 11 15 19 30 43 20 25 29 24 38 26 31 20 13 10 26 40 27 32 26 26 19 37 26 9 24 41 26 28 21 30 43 20 38 14 10 12 16 29 13 34 23 37 18 22 33 26 25 26 35 26 7 29 27 29 45 42 15 20 21 23 7 41 16 43 10 24 34 20 33 20 18 19 31 0 20 17 11 14 31 15 39 10 19 25 14 13 27 43 45 24 21 27 13 8 19 16 19 32 12 27 32 16 7 10 36 22 37 22 26 9 15 34 19 38 23 18 45 40 40 33 40 28 32 44 15 7 42 19 21 21 39 11 26 22 39 39 39 34
25 4 21 15 6 21 31 28 27 11 7 16 9 19 20 17 27 24 14 23 14 24 11 20 3 15 24 7 24 8 15 6 31 2 24 27 17 19 24 28 11 21 18 24 9 18 9 16 12 15 9 25 23 30 19 15 10 20 10 5 13 16 14 14 16 18 9 28 26 26 25 30 29 15 22 22 23 11 22 23 30 17 10 19 19 16 20 0 10 13 25 19 21 20 11 25 8 7 7 10 28 29 10 18 11 7 12 6 21 26 26 8 14 16 16 21 13 20 30 24 30 7 17 21 15 20 24 17 17 25 21 24 18 21 17 13 27 21 13 29 28 7 2 24 21 30 25 24 23 23 14
28 12 31 10 14 31 41 18 17 17 16 22 12 10 10 27 26 29 8 33 24 34 21 14 13 20 19 16 33 17 16 13 36 8 34 35 20 29 24 35 21 11 13 32 19 22 3 10 5 5 16 18 33 35 28 23 6 16 20 13 10 25 9 15 26 10 14 37 26 18 30 33 19 10 30 13 28 15 12 17 21 17 20 26 27 26 17 10 0 6 17 14 12 23 7 15 9 14 9 11 37 38 20 8 11 11 13 16 26 17 36 13 24 16 6 17 7 29 34 34 21 17 11 12 23 10 34 27 7 29 29 24 28 29 27 21 28 13 10 25 32 17 12 33 14 35 31 33 32 32 18
25 16 34 4 18 34 44 15 14 22 15 21 11 6 10 30 32 28 13 32 23 37 24 19 15 19 13 20 37 21 22 17 34 11 36 34 17 28 30 34 24 11 18 36 19 28 4 4 1 5 20 12 33 32 32 22 12 22 23 17 16 29 15 12 28 15 19 41 32 13 28 30 16 4 34 9 33 14 13 22 17 23 19 25 26 29 11 13 6 0 12 20 8 29 4 12 15 13 8 17 41 42 23 10 17 10 11 17 24 13 35 12 26 22 5 11 1 33 31 36 18 20 5 8 27 10 37 26 7 35 33 30 31 33 27 25 34 9 5 31 29 19 15 37 8 34 30 37 36 36 24
30 28 44 10 30 46 56 7 7 34 25 28 20 8 10 40 43 34 24 41 33 48 35 28 26 26 4 32 49 33 33 29 40 23 46 40 23 37 41 40 36 12 28 48 29 39 16 9 13 13 32 1 43 37 44 30 23 33 34 29 27 41 26 19 38 24 31 53 43 1 34 35 9 11 46 5 45 22 15 31 6 34 29 32 33 40 14 25 17 12 0 31 6 40 14 6 26 23 19 28 52 53 33 17 28 20 19 27 30 5 44 21 36 33 12 7 12 44 36 46 8 32 8 6 39 10 47 35 12 46 45 41 42 45 37 37 45 5 13 40 33 29 27 48 4 40 36 48 47 47 35
43 17 37 24 18 36 41 30 29 17 26 34 25 23 21 33 12 42 7 40 31 37 27 4 21 33 33 21 34 22 8 16 49 18 40 46 33 37 10 46 26 19 3 28 26 13 17 24 19 18 17 32 40 48 29 33 10 2 26 18 6 26 5 29 33 7 14 37 12 32 43 46 30 24 28 26 20 28 16 5 34 5 27 37 37 31 31 19 14 20 31 0 25 12 21 27 10 25 22 9 38 38 27 14 7 24 27 24 39 29 43 26 31 4 19 31 21 32 47 40 33 22 25 25 25 21 39 34 19 17 27 10 33 27 34 23 14 26 24 11 45 24 19 35 28 48 43 36 35 34 14
31 24 42 9 26 42 52 7 6 29 23 28 18 2 5 38 37 35 18 39 31 45 32 22 23 26 9 28 45 29 27 25 41 19 44 41 24 35 35 41 32 7 22 44 27 33 12 7 9 7 28 7 41 38 40 29 17 27 31 25 21 37 20 19 36 18 26 49 37 7 35 36 8 10 42 1 39 21 10 25 9 28 27 32 33 37 15 21 12 8 6 25 0 34 11 4 21 20 16 22 49 50 31 11 22 17 18 24 31 5 42 19 34 27 6 10 8 41 37 44 10 28 7 0 35 5 45 33 6 40 41 35 39 41 35 33 39 1 12 34 34 26 23 45 5 41 37 45 44 44 30
44 16 28 33 15 27 31 39 38 11 25 34 28 32 30 25 9 41 16 35 27 28 22 16 20 33 42 17 25 17 7 14 49 20 31 44 36 33 7 45 20 29 14 17 24 2 25 33 28 27 12 41 32 48 20 31 17 11 21 16 13 17 15 33 26 18 11 27 6 41 42 48 40 33 18 35 8 31 27 16 43 7 25 35 35 23 39 20 23 29 40 12 34 0 29 36 14 26 26 12 28 28 22 24 12 26 31 23 39 38 37 28 25 8 28 40 30 23 47 31 42 17 34 34 16 30 30 32 28 6 17 6 24 17 28 15 7 35 32 16 47 22 19 26 37 46 41 27 26 25 7
21 14 30 4 16 31 41 19 18 21 11 17 7 10 14 26 32 24 15 28 19 34 21 21 12 15 13 18 35 19 22 16 30 9 32 30 13 24 30 30 22 15 20 34 15 28 4 5 4 9 19 14 29 28 30 18 12 23 20 15 16 27 16 8 24 17 19 39 32 15 24 26 20 4 32 13 33 10 17 24 20 23 15 21 22 26 10 11 7 4 14 21 11 29 0 15 15 9 5 17 38 39 19 14 17 6 7 13 20 16 31 8 22 22 9 11 3 30 27 32 21 18 6 11 25 14 33 22 11 35 31 30 28 31 23 23 34 12 3 32 25 15 13 34 10 30 26 34 33 33 24
35 27 46 13 29 46 56 3 2 33 27 32 22 6 6 42 39 39 20 43 35 49 36 24 27 30 10 31 48 32 29 28 45 23 48 45 28 39 37 45 36 8 24 47 31 35 16 11 13 10 31 7 45 42 43 33 20 29 35 28 23 40 22 23 40 20 29 52 39 6 39 40 4 14 45 3 42 25 11 27 7 30 31 36 37 41 19 25 15 12 6 27 4 36 15 0 24 24 20 25 52 53 34 13 25 21 22 28 35 2 46 23 37 29 10 12 12 44 41 47 6 32 11 4 38 6 48 37 8 42 44 37 43 44 38 36 41 4 16 36 38 30 27 48 8 45 41 48 47 47 33
32 7 27 19 8 26 33 27 26 8 15 23 15 19 19 23 19 31 7 30 21 28 17 13 10 22 28 11 25 12 7 6 38 7 30 35 23 26 16 35 16 18 11 23 16 13 11 19 14 14 8 27 30 37 20 22 4 11 16 8 5 17 7 20 23 11 5 29 18 27 32 36 28 19 21 22 18 18 18 15 30 9 17 26 26 21 25 8 9 15 26 10 21 14 15 24 0 14 13 2 29 30 17 14 3 13 18 13 28 26 33 15 21 8 15 26 16 23 37 30 30 12 20 21 16 19 29 24 16 20 20 16 23 20 24 14 19 22 18 20 35 14 9 26 23 37 32 27 26 25 9
18 10 21 13 12 22 32 28 27 17 2 9 3 19 23 17 33 17 19 19 10 25 12 26 6 8 21 12 26 13 21 12 24 7 23 21 10 15 31 22 14 24 24 29 6 24 11 14 13 18 15 23 20 23 23 9 15 26 12 11 19 21 20 8 15 23 15 31 32 24 18 23 29 12 27 22 29 5 26 29 29 24 6 13 13 17 14 7 14 13 23 25 20 26 9 24 14 0 5 16 29 31 10 22 17 3 6 5 14 25 22 2 13 22 18 18 12 22 23 23 30 12 15 20 20 23 24 13 20 31 26 30 19 26 14 18 33 21 10 34 22 7 7 25 19 23 18 25 25 25 20
20 11 25 9 13 27 37 23 22 18 7 13 3 14 18 21 32 20 16 24 15 29 16 23 8 11 18 13 30 14 20 13 27 6 28 26 11 20 29 26 17 19 21 30 11 25 6 10 8 13 16 19 25 26 25 14 12 23 16 12 16 22 17 7 20 19 16 34 31 20 21 24 24 8 28 17 30 6 21 26 25 22 11 17 18 21 13 7 9 8 19 22 16 26 5 20 13 5 0 15 33 35 15 17 16 2 5 9 17 21 27 4 18 21 13 14 8 26 25 28 26 13 11 16 21 18 29 18 15 32 27 29 23 27 19 19 32 17 6 32 23 11 8 29 15 26 22 29 29 29 21
34 8 28 21 9 27 33 28 27 8 17 25 17 20 20 24 16 33 7 31 22 28 18 12 12 24 30 12 25 13 5 7 40 9 31 37 25 28 14 37 17 19 10 23 17 11 13 21 16 15 8 29 31 39 20 24 5 10 17 9 4 17 6 22 24 10 5 29 16 29 34 38 29 21 21 23 17 20 18 14 31 7 18 28 28 22 27 10 11 17 28 9 22 12 17 25 2 16 15 0 29 30 18 14 2 15 20 15 30 27 34 17 22 7 16 28 18 23 39 31 31 13 22 22 16 20 30 25 17 18 20 14 24 20 25 14 17 23 20 19 37 15 11 26 25 39 34 27 26 25 8
43 25 12 43 23 9 3 56 56 21 28 33 33 47 48 14 37 37 36 23 22 6 18 41 27 34 51 21 4 20 30 25 43 30 12 36 38 26 35 37 17 48 39 11 24 26 37 44 40 42 22 53 16 45 9 30 33 38 18 24 33 12 35 37 15 39 24 2 34 53 40 46 56 42 10 50 20 34 47 43 58 34 25 33 32 12 43 28 37 41 52 38 49 28 38 52 29 29 33 29 0 2 19 43 31 32 35 24 38 54 21 31 17 34 43 47 41 8 45 11 58 21 44 49 13 47 7 26 44 29 11 34 11 11 19 15 33 49 39 44 46 22 26 4 48 40 37 5 5 5 24
45 26 14 44 24 11 3 57 57 22 29 35 34 48 49 16 37 39 37 25 24 8 19 42 28 36 52 22 5 21 30 26 45 31 14 38 40 28 35 39 18 49 40 11 26 26 38 45 41 43 23 54 18 47 10 32 34 38 19 25 34 13 36 39 17 40 25 1 34 54 42 48 57 43 10 51 20 36 48 43 59 34 26 35 34 14 45 29 38 42 53 38 50 28 39 53 30 31 35 30 2 0 21 44 32 33 37 26 40 55 23 33 19 34 44 49 42 9 47 13 59 22 45 50 14 48 9 28 45 29 11 34 13 11 21 16 33 50 40 44 48 24 27 6 49 42 39 7 7 6 24
25 10 11 23 9 12 22 38 37 11 8 15 13 29 30 7 30 20 24 13 5 15 2 30 8 16 31 6 16 5 19 11 28 12 13 22 20 11 28 23 4 31 28 19 5 20 19 25 22 25 10 33 13 28 13 12 20 27 2 9 22 11 24 18 6 28 13 21 28 34 23 29 39 22 17 32 20 15 32 32 39 23 6 16 15 7 24 10 20 23 33 27 31 22 19 34 17 10 15 18 19 21 0 28 20 13 16 6 20 35 16 12 4 23 26 28 22 12 28 14 40 5 25 30 10 30 15 10 27 27 16 27 9 16 7 8 29 31 20 35 28 4 8 15 29 26 21 15 15 15 15
35 19 39 14 21 39 47 16 15 22 24 30 20 9 7 35 26 37 8 41 32 41 29 11 21 28 19 23 39 24 17 19 44 16 42 43 27 37 24 43 28 5 11 37 27 23 11 12 10 5 22 18 41 42 34 31 10 16 28 20 11 31 9 22 34 7 19 43 26 18 38 40 16 14 35 12 30 23 4 14 20 17 28 34 35 33 21 18 8 10 17 14 11 24 14 13 14 22 17 14 43 44 28 0 13 19 21 24 34 15 44 21 32 16 6 19 11 36 41 42 19 24 13 11 30 7 41 35 5 29 34 24 35 34 35 28 28 12 15 23 39 25 20 40 14 43 39 40 39 39 22
35 10 30 21 11 29 35 28 27 10 18 26 18 20 19 26 15 34 5 33 24 30 20 10 13 25 30 14 27 15 5 9 41 10 33 38 26 29 13 38 19 18 8 24 19 11 13 21 16 15 10 29 33 40 22 25 5 8 19 11 2 19 4 23 26 8 7 31 15 29 35 39 29 21 23 23 18 21 17 12 31 6 20 29 29 24 27 11 11 17 28 7 22 12 17 25 3 17 16 2 31 32 20 13 0 16 21 16 31 27 36 18 24 5 16 28 18 25 40 33 31 15 22 22 18 19 32 27 17 18 22 13 26 22 27 16 17 23 20 17 38 17 12 28 25 40 35 29 28 27 9
18 11 24 10 13 25 35 25 24 18 5 11 2 16 20 20 32 19 18 22 13 28 15 25 7 10 19 13 29 14 20 13 26 6 26 24 10 18 30 24 16 21 23 30 9 25 8 11 10 15 16 20 23 25 25 12 14 25 14 12 18 22 19 7 18 21 16 33 31 21 20 23 26 9 28 19 30 5 23 28 26 23 9 15 16 20 13 7 11 10 20 24 17 26 6 21 13 3 2 15 32 33 13 19 16 0 5 7 16 22 25 2 16 21 15 15 9 24 24 26 27 13 12 17 21 20 27 16 17 32 27 29 22 27 17 19 32 18 7 33 22 9 8 28 16 25 20 28 27 27 21
15 16 27 9 18 28 38 24 24 23 8 10 3 17 21 23 37 17 21 22 16 31 18 27 12 8 16 18 32 19 25 18 24 11 29 23 7 18 34 23 20 22 26 35 12 30 10 11 11 16 21 18 26 22 29 11 17 28 18 17 21 27 22 2 21 23 21 37 36 20 17 20 26 8 33 19 35 3 24 30 25 27 12 14 15 23 8 12 13 11 19 27 18 31 7 22 18 6 5 20 35 37 16 21 21 5 0 11 13 22 25 4 19 26 16 13 10 28 21 29 27 18 11 18 26 21 30 16 18 37 32 34 25 32 20 24 37 18 6 37 19 13 13 31 15 23 19 31 31 31 26
21 7 17 17 8 18 28 32 31 13 3 11 8 23 25 13 30 18 20 17 8 21 7 26 3 11 26 7 21 8 18 9 26 8 19 21 15 13 28 22 9 26 24 24 3 21 13 18 16 20 11 27 17 25 18 9 16 25 7 7 18 16 20 13 12 24 12 26 29 28 20 25 33 16 22 26 24 10 28 28 33 22 4 13 13 12 19 6 16 17 27 24 24 23 13 28 13 5 9 15 24 26 6 24 16 7 11 0 16 29 20 7 10 21 20 22 16 17 25 20 34 7 19 24 15 25 20 11 22 28 21 27 14 21 11 13 30 25 14 33 24 2 4 20 23 24 19 20 20 20 16
5 23 26 22 24 29 39 37 37 29 14 5 14 30 34 24 46 4 33 16 16 32 22 40 19 6 26 22 35 23 34 25 10 21 26 10 7 12 44 10 24 35 38 39 15 37 23 24 24 29 27 29 22 9 33 8 29 40 22 23 33 31 34 12 23 36 28 40 45 31 4 9 39 21 37 32 39 11 37 43 36 38 14 5 6 26 16 21 26 24 30 39 31 39 20 35 28 14 17 30 38 40 20 34 31 16 13 16 0 35 19 14 21 36 29 23 23 31 9 27 38 22 24 31 30 34 31 12 31 44 36 43 27 36 19 28 46 31 19 48 8 17 20 34 27 10 6 33 33 34 32
35 29 47 13 31 47 57 2 2 34 28 32 23 7 8 43 41 39 22 44 36 50 37 26 28 30 9 33 50 34 31 30 45 24 49 45 28 40 39 45 37 10 26 49 32 37 17 12 14 12 33 6 46 42 45 33 22 31 36 30 25 42 24 23 41 22 31 54 41 5 39 40 4 14 47 4 44 25 13 29 5 32 32 36 37 42 19 26 17 13 5 29 5 38 16 2 26 25 21 27 54 55 35 15 27 22 22 29 35 0 47 24 38 31 11 12 13 46 41 48 5 33 11 5 40 8 49 38 10 44 46 39 43 46 39 38 43 5 16 38 38 31 28 49 8 45 41 49 49 49 35
24 26 10 35 25 13 22 50 50 27 20 17 24 41 45 12 46 17 40 3 12 15 16 46 23 19 42 22 18 21 35 27 22 28 9 15 23 8 44 16 17 46 44 26 17 35 33 36 35 40 26 44 5 24 20 14 36 43 17 25 38 21 40 25 11 44 29 23 43 45 19 25 51 33 24 43 33 22 48 48 50 39 16 14 13 14 32 26 36 35 44 43 42 37 31 46 33 22 27 34 21 23 16 44 36 25 25 20 19 47 0 23 12 39 40 38 34 17 24 10 52 21 36 42 21 45 14 9 42 41 24 42 13 24 9 22 44 43 31 51 25 19 24 17 40 19 16 16 17 18 30
16 12 23 11 14 24 34 26 26 19 4 9 1 18 22 19 34 17 20 20 12 27 14 27 8 8 19 14 28 15 22 14 24 8 25 22 8 16 32 22 16 23 25 31 8 26 10 13 12 17 17 21 22 23 25 10 16 27 14 13 20 23 21 6 17 23 17 33 33 22 18 21 28 10 29 20 31 3 25 30 27 25 8 13 14 19 12 8 13 12 21 26 19 28 8 23 15 2 4 17 31 33 12 21 18 2 4 7 14 24 23 0 15 23 17 16 11 24 22 25 29 14 13 19 22 22 26 14 19 33 28 31 21 28 16 20 34 20 8 35 20 9 9 27 17 23 18 27 27 27 22
26 14 7 26 13 8 18 41 41 14 11 16 16 33 34 3 33 20 28 10 5 11 4 34 12 17 34 10 14 9 23 15 27 16 9 21 21 10 31 22 5 35 32 18 7 23 23 28 26 29 14 36 9 28 12 13 24 31 5 13 26 11 28 20 2 32 17 19 31 37 23 29 43 25 16 35 22 17 36 36 42 27 8 16 15 5 27 14 24 26 36 31 34 25 22 37 21 13 18 22 17 19 4 32 24 16 19 10 21 38 12 15 0 27 30 31 25 10 28 10 43 9 28 33 10 34 11 9 31 29 15 30 6 15 3 10 32 34 23 39 29 8 12 13 32 25 20 12 12 13 18
40 15 33 26 15 32 37 32 31 13 23 31 23 25 23 29 10 39 9 36 28 33 23 8 18 30 35 17 30 18 4 13 46 15 36 43 31 34 8 43 22 21 7 24 24 9 18 26 21 20 13 34 36 45 25 30 10 4 22 15 6 22 7 28 29 10 10 33 10 34 40 44 32 26 24 28 16 26 19 9 36 1 25 34 34 27 32 16 16 22 33 4 27 8 22 29 8 22 21 7 34 34 23 16 5 21 26 21 36 31 39 23 27 0 21 33 23 28 45 36 35 18 27 27 21 23 35 32 21 13 23 8 29 23 30 19 12 28 25 13 43 22 17 31 30 45 40 32 31 30 10
30 18 37 8 20 37 47 13 12 23 20 26 16 4 5 33 31 33 12 37 28 40 27 16 18 24 14 22 39 23 21 19 39 14 39 39 22 33 29 39 27 6 16 38 23 27 7 7 5 1 22 13 37 37 34 27 11 21 26 19 15 31 14 17 32 12 20 43 31 13 33 35 14 9 36 7 33 19 8 19 15 22 24 30 31 32 16 16 6 5 12 19 6 28 9 10 15 18 13 16 43 44 26 6 16 15 16 20 29 11 40 17 30 21 0 13 6 35 36 40 16 23 7 6 29 5 40 31 2 34 35 29 34 35 31 27 33 7 10 28 34 22 18 39 9 39 35 39 38 38 24
23 25 40 7 27 41 51 14 14 32 20 22 15 10 14 35 43 27 24 35 28 43 30 29 22 20 3 28 44 29 33 27 33 20 41 33 16 31 41 33 32 16 29 45 24 39 15 7 12 14 30 6 38 30 40 24 23 33 30 26 27 37 26 13 33 25 30 49 43 8 27 28 16 7 43 10 44 16 19 32 13 34 24 25 26 35 7 21 17 11 7 31 10 40 11 12 26 18 14 28 47 49 28 19 28 15 13 22 23 12 38 16 31 33 13 0 10 39 29 41 15 27 6 10 35 14 42 29 14 46 41 41 36 41 32 33 45 9 8 41 26 24 22 42 5 33 29 42 42 42 35
24 16 33 3 18 34 44 15 14 23 14 20 10 7 11 29 33 27 14 31 22 37 24 20 15 18 12 20 37 21 23 18 33 11 35 33 16 27 31 33 24 12 19 36 18 29 5 3 2 6 21 12 32 31 32 21 13 23 23 17 17 29 16 11 27 16 20 41 33 13 27 29 16 3 34 9 34 13 14 23 17 24 18 24 25 29 10 13 7 1 12 21 8 30 3 12 16 12 8 18 41 42 22 11 18 9 10 16 23 13 34 11 25 23 6 10 0 33 30 35 18 20 4 8 27 11 36 25 8 36 33 31 30 33 26 25 35 9 4 32 28 18 15 36 8 33 29 36 36 36 25
36 17 7 34 16 4 10 48 47 15 20 26 25 39 40 7 32 30 30 17 15 5 10 35 18 27 43 13 4 12 24 18 37 22 9 30 31 19 30 31 9 40 33 9 17 21 29 35 32 34 15 44 12 38 3 23 27 32 10 16 27 6 29 30 8 33 18 9 29 45 33 39 48 34 7 42 16 27 40 37 50 28 17 26 25 5 36 20 29 33 44 32 41 23 30 44 23 22 26 23 8 9 12 36 25 24 28 17 31 46 17 24 10 28 35 39 33 0 38 8 50 13 36 41 7 39 7 19 36 25 7 29 4 7 12 9 28 41 31 39 39 15 18 4 40 34 30 4 3 3 18
6 32 33 29 33 36 46 43 43 38 23 14 22 36 40 31 55 8 41 22 23 39 30 48 28 15 32 31 42 32 43 34 4 30 33 9 14 19 53 8 32 42 46 46 23 45 31 31 32 36 35 35 29 1 40 16 37 48 30 32 41 38 42 19 30 44 37 47 53 37 5 1 45 28 44 38 47 19 44 51 42 47 22 12 13 33 22 30 34 31 36 47 37 47 27 41 37 23 25 39 45 47 28 41 40 24 21 25 9 41 24 22 28 45 36 29 30 38 0 34 44 30 30 37 38 40 38 19 38 52 43 52 34 43 26 36 54 37 26 57 3 25 29 41 33 6 8 40 40 41 40
32 23 3 36 22 4 12 51 51 23 21 24 26 43 44 7 40 26 37 12 14 5 13 43 22 26 44 19 8 18 32 24 32 26 1 25 30 15 38 26 14 45 41 16 17 29 33 38 36 39 23 46 5 34 11 21 33 40 14 22 35 14 37 30 8 41 26 13 37 47 29 35 53 35 15 45 24 27 46 45 52 36 18 22 21 9 37 24 34 36 46 40 44 31 32 47 30 23 28 31 11 13 14 42 33 26 29 20 27 48 10 25 10 36 40 41 35 8 34 0 53 18 38 43 15 44 4 16 41 33 15 37 7 15 10 17 36 44 33 47 35 18 22 7 42 29 26 6 7 8 26
38 33 52 18 35 52 62 3 4 39 33 36 28 12 12 48 45 42 26 49 41 55 42 30 33 34 12 37 54 38 35 34 48 29 54 48 31 45 43 48 42 14 30 53 37 41 22 16 18 16 37 9 51 45 49 38 26 35 40 34 29 46 28 27 46 26 35 58 45 7 42 43 3 19 51 9 48 30 17 33 2 36 37 40 41 46 22 30 21 18 8 33 10 42 21 6 30 30 26 31 58 59 40 19 31 27 27 34 38 5 52 29 43 35 16 15 18 50 44 53 0 37 16 10 44 12 54 43 14 48 50 43 48 50 44 42 47 9 21 42 41 36 32 54 12 48 44 54 53 53 39
28 5 15 22 4 14 23 35 34 7 10 18 15 26 27 11 25 24 19 18 10 17 5 25 6 18 31 1 17 1 14 6 32 9 18 27 22 16 23 28 4 28 23 17 7 15 16 23 19 22 5 32 18 31 12 14 15 22 4 4 17 9 19 20 11 23 8 21 23 33 25 31 36 22 15 29 17 17 28 27 37 18 8 18 18 9 26 7 17 20 32 22 28 17 18 32 12 12 13 13 21 22 5 24 15 13 18 7 22 33 21 14 9 18 23 27 20 13 30 18 37 0 24 28 8 27 17 15 24 22 14 22 11 14 12 6 24 28 19 30 30 5 5 17 28 29 24 17 16 16 10
24 20 36 2 22 37 47 13 13 27 17 21 12 6 10 32 37 28 18 33 25 40 27 23 18 19 8 24 41 25 27 22 34 15 38 34 17 29 35 34 28 12 23 40 21 33 9 1 6 8 25 8 35 31 36 22 17 27 26 21 21 33 20 12 30 19 24 45 37 9 28 29 15 3 38 8 38 14 15 26 14 28 21 25 26 32 9 17 11 5 8 25 7 34 6 11 20 15 11 22 44 45 25 13 22 12 11 19 24 11 36 13 28 27 7 6 4 36 30 38 16 24 0 7 31 10 39 27 9 40 37 35 33 37 29 29 39 7 5 35 28 21 19 39 4 34 30 39 39 39 29
31 24 41 9 26 42 52 7 6 29 22 28 18 2 5 37 37 35 18 39 30 45 32 22 23 26 9 28 45 29 27 25 41 19 43 41 24 35 35 41 32 7 22 44 26 33 12 7 9 7 28 7 40 38 40 29 17 27 31 25 21 37 20 19 35 18 26 49 37 7 35 36 8 10 42 1 39 21 10 25 9 28 26 32 33 37 15 21 12 8 6 25 0 34 11 4 21 20 16 22 49 50 30 11 22 17 18 24 31 5 42 19 33 27 6 10 8 41 37 43 10 28 7 0 35 5 44 33 6 40 41 35 38 41 34 33 39 1 12 34 34 26 23 44 5 41 37 44 44 44 30
35 12 12 30 9 11 16 42 42 8 18 25 23 33 34 9 25 30 23 20 15 12 8 28 14 26 38 8 9 7 17 11 37 16 15 31 30 20 23 32 6 34 26 9 15 14 23 30 26 28 8 39 16 38 4 22 20 25 8 10 20 1 22 28 10 26 11 13 22 40 33 39 42 29 7 36 12 25 34 30 44 21 16 26 25 7 34 15 23 27 39 25 35 16 25 38 16 20 21 16 13 14 10 30 18 21 26 15 30 40 21 22 10 21 29 35 27 7 38 15 44 8 31 35 0 33 14 19 30 20 6 22 8 6 13 2 23 35 27 32 38 13 13 10 35 35 30 11 10 9 11
34 22 41 12 24 41 51 9 8 27 25 31 21 4 0 37 33 38 14 42 33 44 31 18 23 29 13 26 43 27 23 23 44 18 44 44 27 38 31 44 31 2 18 42 28 29 12 10 10 5 26 11 42 41 38 32 15 23 30 23 17 35 16 22 37 14 24 47 33 11 38 39 10 13 40 5 36 24 5 21 13 24 29 35 36 36 19 20 10 10 10 21 5 30 14 6 19 23 18 20 47 48 30 7 19 20 21 25 34 8 45 22 34 23 5 14 11 39 40 44 12 27 10 5 33 0 44 36 3 36 39 31 38 39 36 31 35 5 15 30 38 27 22 43 9 44 40 43 42 42 28
36 23 5 38 21 3 8 53 53 22 23 26 28 44 46 8 39 30 36 16 16 2 13 42 22 28 46 18 5 17 31 23 36 26 5 29 32 19 37 30 13 45 40 13 18 28 33 39 36 39 22 47 9 38 10 23 32 39 14 21 34 13 36 31 9 40 25 9 36 48 33 39 53 36 12 46 22 28 45 44 53 35 19 26 25 8 38 24 34 37 47 39 45 30 33 48 29 24 29 30 7 9 15 41 32 27 30 20 31 49 14 26 11 35 40 42 36 7 38 4 54 17 39 44 14 44 0 19 41 31 13 36 6 13 12 16 35 45 34 46 39 18 22 4 43 33 30 3 4 5 25
17 17 14 25 17 17 27 40 39 21 11 8 15 32 36 12 40 11 31 6 5 20 12 37 14 10 32 15 23 15 28 19 18 19 15 12 14 2 38 13 14 37 35 27 8 30 24 27 26 31 20 34 11 19 21 5 27 35 12 17 29 20 31 16 11 35 22 28 38 36 14 20 41 24 25 34 30 13 39 39 41 32 7 7 6 14 23 17 27 26 35 34 33 32 22 37 24 13 18 25 26 28 10 35 27 16 16 11 12 38 9 14 9 32 31 29 25 19 19 16 43 15 27 33 19 36 19 0 33 37 24 37 15 24 7 18 39 34 22 44 20 10 15 22 31 16 11 21 21 22 25
32 19 38 10 21 38 48 11 10 24 22 28 18 4 3 34 31 35 12 39 30 41 28 16 20 26 14 23 40 24 21 20 41 15 41 41 24 35 29 41 28 4 16 39 25 27 9 8 7 2 23 13 39 39 35 29 12 21 27 20 15 32 14 19 33 12 21 44 31 13 35 37 12 11 37 7 34 21 6 19 15 22 26 32 33 33 18 17 7 7 12 19 6 28 11 8 16 20 15 17 44 45 27 5 17 17 18 22 31 10 42 19 31 21 2 14 8 36 38 41 14 24 9 6 30 3 41 33 0 34 36 29 35 36 33 28 33 7 12 28 36 24 19 40 9 41 37 40 39 39 25
49 21 32 39 20 29 32 45 44 16 30 39 34 38 36 29 8 47 22 39 32 29 26 20 25 38 48 22 26 22 13 19 54 26 34 49 41 38 7 50 24 34 19 18 29 7 31 39 34 33 17 47 36 53 22 36 23 15 25 21 19 20 20 39 30 23 16 28 5 47 47 53 45 39 19 41 9 36 32 19 49 12 30 40 40 27 45 25 29 35 46 17 40 6 35 42 20 31 32 18 29 29 27 29 18 32 37 28 44 44 41 33 29 13 34 46 36 25 52 33 48 22 40 40 20 36 31 37 34 0 18 7 28 18 32 19 4 41 38 15 52 27 24 27 43 51 46 28 27 26 12
41 18 14 36 15 11 14 48 47 12 24 31 29 39 40 13 26 35 27 24 20 11 14 31 20 32 44 14 8 13 19 17 42 22 16 36 36 25 24 37 12 39 29 3 21 15 29 36 32 34 14 45 19 43 4 28 24 27 14 16 24 5 26 34 14 30 15 10 23 46 38 44 48 35 1 42 9 31 38 32 50 23 22 31 30 11 40 21 29 33 45 27 41 17 31 44 20 26 27 20 11 11 16 34 22 27 32 21 36 46 24 28 15 23 35 41 33 7 43 15 50 14 37 41 6 39 13 24 36 18 0 23 11 0 18 8 22 41 33 33 44 19 19 9 41 40 35 10 9 8 13
48 20 34 34 20 33 37 40 39 16 29 38 31 33 31 31 3 46 17 40 32 34 27 13 24 37 43 22 31 22 9 18 53 23 37 49 39 38 1 49 25 29 13 23 29 8 26 34 29 28 17 42 38 52 26 36 18 8 26 20 14 23 15 36 32 17 15 33 2 42 47 52 40 34 24 36 14 34 26 12 44 7 30 40 40 29 40 24 24 30 41 10 35 6 30 37 16 30 29 14 34 34 27 24 13 29 34 27 43 39 42 31 30 8 29 41 31 29 52 37 43 22 35 35 22 31 36 37 29 7 23 0 30 23 33 21 4 36 33 10 51 27 23 32 38 51 46 33 32 31 12
32 16 4 32 15 3 13 47 46 16 17 22 22 37 39 3 33 26 30 13 11 6 7 36 16 23 40 12 8 11 25 17 33 20 7 26 27 15 31 27 7 39 34 13 13 22 27 33 30 33 16 42 8 34 7 19 26 33 8 15 28 8 30 26 4 34 19 13 30 43 29 35 47 31 11 40 20 23 39 38 48 29 14 22 21 2 33 18 28 31 42 33 39 24 28 43 23 19 23 24 11 13 9 35 26 22 25 14 27 43 13 21 6 29 34 36 30 4 34 7 48 11 33 38 8 38 6 15 35 28 11 30 0 11 8 10 31 39 28 40 35 12 16 7 37 30 26 6 6 7 19
41 18 14 36 15 11 14 48 47 12 24 31 29 39 40 13 26 35 27 24 20 11 14 31 20 32 44 14 8 13 19 17 42 22 16 36 36 25 24 37 12 39 29 3 21 15 29 36 32 34 14 45 19 43 4 28 24 27 14 16 24 5 26 34 14 30 15 10 23 46 38 44 48 35 1 42 9 31 38 32 50 23 22 31 30 11 40 21 29 33 45 27 41 17 31 44 20 26 27 20 11 11 16 34 22 27 32 21 36 46 24 28 15 23 35 41 33 7 43 15 50 14 37 41 6 39 13 24 36 18 0 23 11 0 18 8 22 41 33 33 44 19 19 9 41 40 35 10 9 8 13
24 17 7 27 16 10 20 42 42 17 12 14 17 34 36 5 36 18 31 7 4 13 7 37 14 16 35 13 16 12 26 18 25 19 9 18 20 7 34 19 8 37 35 20 8 26 24 29 27 31 17 37 6 26 14 11 27 34 8 16 29 14 31 21 4 35 20 21 34 38 21 27 44 26 18 36 25 18 39 39 43 30 8 14 13 7 28 17 27 27 37 34 35 28 23 38 24 14 19 25 19 21 7 35 27 17 20 11 19 39 9 16 3 30 31 32 26 12 26 10 44 12 29 34 13 36 12 7 33 32 18 33 8 18 0 13 35 35 24 42 27 10 15 15 33 22 18 14 14 15 21
33 9 14 27 7 13 18 40 39 6 16 23 21 31 32 10 24 28 21 20 13 14 7 26 12 24 36 6 11 5 15 9 36 14 17 30 28 19 22 31 5 32 24 11 13 13 21 28 24 26 6 37 17 36 6 20 18 23 6 8 18 3 20 26 11 24 9 15 21 38 31 37 40 27 9 34 12 23 32 28 42 19 14 24 23 8 32 13 21 25 37 23 33 15 23 36 14 18 19 14 15 16 8 28 16 19 24 13 28 38 22 20 10 19 27 33 25 9 36 17 42 6 29 33 2 31 16 18 28 19 8 21 10 8 13 0 22 33 25 30 36 11 11 12 33 34 29 13 12 11 9
51 23 35 38 22 32 36 44 43 18 32 41 34 37 35 32 4 48 21 42 34 33 29 17 27 40 47 24 30 24 12 21 56 26 37 51 42 40 4 52 27 33 17 22 31 9 30 38 33 32 19 46 39 55 25 38 22 12 28 23 18 23 19 39 33 21 18 32 2 46 49 55 44 38 23 40 13 37 30 16 48 11 32 42 42 30 44 27 28 34 45 14 39 7 34 41 19 33 32 17 33 33 29 28 17 32 37 30 46 43 44 34 32 12 33 45 35 28 54 36 47 24 39 39 23 35 35 39 33 4 22 4 31 22 35 22 0 40 37 11 54 29 26 31 42 53 48 32 31 30 14
31 24 42 9 26 42 52 7 6 30 23 28 19 3 5 38 38 35 19 40 31 45 32 23 23 26 8 28 45 29 28 25 41 19 44 41 24 36 36 41 32 7 23 44 27 34 12 7 9 8 28 6 41 38 40 29 18 28 31 25 22 37 21 19 36 19 27 49 38 6 35 36 8 10 42 1 40 21 10 26 9 29 27 32 33 37 15 21 13 9 5 26 1 35 12 4 22 21 17 23 49 50 31 12 23 18 18 25 31 5 43 20 34 28 7 9 9 41 37 44 9 28 7 1 35 5 45 34 7 41 41 36 39 41 35 33 40 0 12 35 34 27 23 45 4 41 37 45 44 44 31
20 17 31 3 19 32 42 18 18 24 12 16 7 11 15 27 35 23 18 28 20 35 22 24 14 14 11 19 36 20 25 19 29 12 33 29 12 24 33 29 23 16 23 36 16 31 7 5 6 10 22 13 30 27 31 17 15 26 21 18 19 28 19 7 25 20 22 40 35 14 23 25 20 2 34 13 36 9 18 27 19 26 16 20 21 27 7 13 10 5 13 24 12 32 3 16 18 10 6 20 39 40 20 15 20 7 6 14 19 16 31 8 23 25 10 8 4 31 26 33 21 19 5 12 27 15 34 22 12 38 33 33 28 33 24 25 37 12 0 35 24 16 14 34 9 29 25 34 34 34 27
53 27 44 35 27 43 47 39 38 25 36 44 36 32 30 40 7 52 18 48 40 44 35 12 31 43 42 29 41 30 16 25 59 28 47 56 44 46 9 56 34 28 13 33 36 18 28 35 30 27 25 41 47 58 36 43 20 9 34 27 16 33 16 40 41 16 22 43 10 41 53 56 39 35 34 35 24 38 25 9 43 12 37 47 47 38 42 29 25 31 40 11 34 16 32 36 20 34 32 19 44 44 35 23 17 33 37 33 48 38 51 35 39 13 28 41 32 39 57 47 42 30 35 34 32 30 46 44 28 15 33 10 40 33 42 30 11 35 35 0 55 34 29 42 37 57 52 43 42 41 21
4 31 34 26 32 37 47 40 40 37 22 13 20 34 38 32 54 9 39 23 24 40 30 46 27 14 29 30 43 31 42 33 7 28 34 12 12 20 52 11 32 39 44 47 23 45 29 28 30 34 35 32 30 4 41 16 35 46 30 31 39 39 40 17 31 42 36 48 53 34 6 2 42 26 45 35 47 17 42 49 39 45 22 13 14 34 19 28 32 29 33 45 34 47 25 38 35 22 23 37 46 48 28 39 38 22 19 24 8 38 25 20 29 43 34 26 28 39 3 35 41 30 28 34 38 38 39 20 36 52 44 51 35 44 27 36 54 34 24 55 0 25 28 42 30 9 9 41 41 42 40
22 7 15 19 7 15 25 34 33 11 5 12 10 25 27 11 30 18 21 16 7 18 5 27 4 13 28 5 19 6 18 9 26 9 17 22 17 12 28 22 7 28 25 22 2 20 15 20 18 22 10 29 16 26 16 9 17 25 5 7 19 14 21 15 10 25 12 24 28 30 20 26 35 18 20 28 22 12 29 29 35 22 3 13 13 10 21 7 17 19 29 24 26 22 15 30 14 7 11 15 22 24 4 25 17 9 13 2 17 31 19 9 8 22 22 24 18 15 25 18 36 5 21 26 13 27 18 10 24 27 19 27 12 19 10 11 29 27 16 34 25 0 5 18 25 24 19 18 18 18 15
24 3 19 17 5 19 28 30 29 10 6 15 10 21 22 15 26 22 16 21 12 22 9 22 1 14 26 5 22 6 14 5 30 4 21 25 17 17 24 26 9 23 20 22 7 17 11 18 14 17 8 27 21 29 17 13 12 20 8 4 14 14 16 15 14 20 8 26 25 28 24 29 31 16 20 24 22 12 24 24 32 18 8 17 17 14 21 2 12 15 27 19 23 19 13 27 9 7 8 11 26 27 8 20 12 8 13 4 20 28 24 9 12 17 18 22 15 18 29 22 32 5 19 23 13 22 22 15 19 24 19 23 16 19 15 11 26 23 14 29 28 5 0 22 23 28 23 22 21 21 13
39 21 8 38 19 5 7 52 51 18 23 29 28 43 44 10 35 33 33 19 18 2 13 38 22 30 46 17 1 16 27 21 39 26 8 32 34 22 33 33 13 44 36 9 20 24 33 39 36 38 18 48 12 41 6 26 30 35 14 20 30 9 32 33 11 36 21 6 32 49 36 42 52 37 8 46 18 30 44 40 54 31 20 29 28 8 39 24 33 37 48 35 45 26 34 48 26 25 29 26 4 6 15 40 28 28 31 20 34 49 17 27 13 31 39 42 36 4 41 7 54 17 39 44 10 43 4 22 40 27 9 32 7 9 15 12 31 45 34 42 42 18 22 0 43 36 33 1 1 1 21
27 24 40 6 26 41 51 10 10 30 21 24 16 5 9 36 40 31 21 37 29 44 31 25 22 22 5 28 45 29 30 25 37 19 42 37 20 33 38 37 32 11 25 44 25 36 12 5 9 10 28 4 39 34 40 26 20 30 30 25 24 37 23 15 34 21 27 49 40 5 31 32 12 7 42 5 41 18 14 28 10 31 25 28 29 36 11 21 14 8 4 28 5 37 10 8 23 19 15 25 48 49 29 14 25 16 15 23 27 8 40 17 32 30 9 5 8 40 33 42 12 28 4 5 35 9 43 31 9 43 41 38 37 41 33 33 42 4 9 37 30 25 23 43 0 37 33 43 43 43 32
10 31 28 32 31 31 41 47 47 36 23 14 23 40 44 27 54 6 42 17 21 34 28 49 27 15 36 29 37 30 42 33 3 30 28 4 17 15 52 3 30 45 47 42 22 44 32 34 34 39 34 39 24 5 36 15 38 49 28 31 42 36 43 22 26 45 36 42 52 41 6 7 49 31 40 42 46 20 47 52 46 46 21 11 11 29 26 30 35 34 40 48 41 46 30 45 37 23 26 39 40 42 26 43 40 25 23 24 10 45 19 23 25 45 39 33 33 34 6 29 48 29 34 41 35 44 33 16 41 51 40 51 30 40 22 34 53 41 29 57 9 24 28 36 37 0 5 35 35 36 39
8 26 25 28 26 28 38 43 43 31 18 9 19 36 40 23 49 2 38 14 16 31 23 45 22 11 32 24 34 25 37 28 7 25 25 4 13 11 47 4 25 41 42 38 17 39 28 30 30 35 29 35 21 8 32 10 33 44 23 26 37 31 38 18 22 41 31 39 47 37 3 9 45 27 36 38 41 16 43 47 42 41 16 6 6 25 22 25 31 30 36 43 37 41 26 41 32 18 22 34 37 39 21 39 35 20 19 19 6 41 16 18 20 40 35 29 29 30 8 26 44 24 30 37 30 40 30 11 37 46 35 46 26 35 18 29 48 37 25 52 9 19 23 33 33 5 0 32 32 33 34
38 21 7 38 20 4 7 52 51 19 23 28 28 43 44 9 36 32 34 18 17 1 13 39 22 29 46 17 2 16 28 22 38 26 7 31 33 21 34 32 13 44 37 10 19 25 33 39 36 38 19 48 11 40 7 25 31 36 14 20 31 10 33 32 10 37 22 7 33 49 35 41 52 37 9 46 19 29 44 41 54 32 20 28 27 8 39 24 33 37 48 36 45 27 34 48 27 25 29 27 5 7 15 40 29 28 31 20 33 49 16 27 12 32 39 42 36 4 40 6 54 17 39 44 11 43 3 21 40 28 10 33 6 10 14 13 32 45 34 43 41 18 22 1 43 35 32 0 1 2 22
38 20 7 37 19 4 7 51 50 18 23 28 28 42 43 9 35 32 33 18 17 2 13 38 21 29 46 16 2 15 27 21 38 25 8 31 33 21 33 32 12 43 36 10 19 24 32 38 35 37 18 47 12 40 6 25 30 35 13 19 30 9 32 32 10 36 21 7 32 48 35 41 51 37 8 45 18 29 43 40 53 31 20 28 27 8 39 23 32 36 47 35 44 26 33 47 26 25 29 26 5 7 15 39 28 27 31 20 33 49 17 27 12 31 38 42 36 3 40 7 53 16 39 44 10 42 4 21 39 27 9 32 6 9 14 12 31 44 34 42 41 18 21 1 43 35 32 1 0 1 21
39 20 8 37 18 5 7 51 50 17 23 29 28 42 43 10 34 33 32 19 18 3 13 37 21 30 46 16 1 15 26 20 39 25 9 32 34 22 32 33 12 43 35 9 20 23 32 38 35 37 17 47 13 41 5 26 29 34 13 19 29 8 31 33 11 35 20 6 31 48 36 42 51 37 7 45 17 30 43 39 53 30 20 29 28 8 39 23 32 36 47 34 44 25 33 47 25 25 29 25 5 6 15 39 27 27 31 20 34 49 18 27 13 30 38 42 36 3 41 8 53 16 39 44 9 42 5 22 39 26 8 31 7 8 15 11 30 44 34 41 42 18 21 1 43 36 33 2 1 0 20
37 10 23 28 8 22 27 36 35 4 19 27 23 28 28 19 15 34 14 28 20 23 15 18 14 27 37 10 20 10 6 8 42 15 26 37 30 26 13 38 13 27 16 15 17 5 20 28 23 23 5 36 26 41 15 24 13 14 14 9 11 12 13 28 20 17 5 23 13 36 35 41 37 28 14 31 9 25 26 19 39 10 18 28 28 17 34 14 18 24 35 14 30 7 24 33 9 20 21 8 24 24 15 22 9 21 26 16 32 35 30 22 18 10 24 35 25 18 40 26 39 10 29 30 11 28 25 25 25 12 13 12 19 13 21 9 14 31 27 21 40 15 13 21 32 39 34 22 21 20 0
0         1043     
13        147      
20        178      
160       301      
4         156      
23        167      
40        212      
231       367      
232       381      
414       571      
142       290      
0         91       
0         118      
203       348      
207       332      
48        169      
601       740      
324       470      
543       694      
117       261      
117       270      
50        196      
4         162      
600       729      
0         128      
0         99       
269       384      
12        129      
47        201      
451       571      
468       626      
390       555      
341       478      
164       310      
75        249      
336       483      
324       438      
344       456      
580       724      
364       490      
0         133      
207       339      
485       632      
437       577      
128       272      
763       877      
177       299      
289       431      
182       314      
208       339      
663       802      
271       407      
94        235      
355       483      
420       554      
0         104      
517       679      
470       632      
0         150      
0         134      
482       596      
424       551      
524       673      
729       845      
21        183      
521       648      
404       535      
676       807      
615       731      
264       414      
0         87       
360       512      
234       365      
185       322      
423       554      
201       359      
620       791      
0         119      
211       354      
493       633      
231       386      
490       608      
395       524      
0         84       
340       469      
24        152      
284       422      
0         142      
520       680      
170       322      
237       398      
505       645      
224       377      
622       755      
180       325      
278       420      
467       601      
0         122      
0         124      
492       596      
36        203      
57        180      
14        163      
563       693      
475       609      
0         96       
295       425      
0         108      
0         85       
233       362      
107       230      
0         96       
4         138      
476       643      
240       366      
284       448      
202       311      
29        177      
820       936      
59        229      
238       395      
0         135      
190       318      
214       367      
430       582      
212       362      
62        203      
139       286      
196       318      
597       746      
441       583      
619       736      
104       227      
633       804      
108       257      
432       568      
617       757      
207       353      
168       303      
863       988      
360       511      
155       274      
1         116      
65        193      
560       718      
344       479      
370       495      
31        175      
67        180      
34        184      
780       911      
