151
0 12 28 37 25 29 4 18 36 20 8 29 38 33 25 29 21 37 36 27 43 17 32 45 1 19 13 22 46 29 15 23 49 33 28 45 20 4 34 34 25 3 34 3 24 15 11 26 15 17 11 9 28 8 27 27 5 11 40 42 26 39 36 42 19 11 16 41 29 34 17 36 33 38 45 17 19 20 39 18 37 25 46 37 15 29 42 18 39 20 33 20 16 19 11 31 36 41 36 41 30 19 20 6 10 33 36 40 14 37 42 40 28 9 27 23 19 10 24 34 35 15 29 29 7 37 40 6 24 18 26 45 24 43 41 24 33 37 29 11 32 27 17 26 12 39 29 28 9 41 42
12 0 40 46 21 29 11 16 42 31 13 37 38 41 32 39 33 46 47 38 44 26 41 55 12 31 25 34 55 28 20 35 57 45 29 55 21 14 46 33 37 15 34 9 35 3 21 24 27 28 23 13 26 4 36 35 13 20 49 48 27 40 37 51 30 10 8 47 40 43 24 47 43 49 54 18 24 32 45 25 38 32 55 47 9 38 43 26 39 32 43 29 25 20 22 32 45 51 45 42 33 30 29 16 20 42 37 51 17 46 50 42 38 20 30 24 28 2 30 45 36 27 40 40 5 38 41 6 35 21 35 54 36 52 50 28 34 39 39 22 34 28 16 38 2 40 38 40 12 42 43
28 40 0 30 47 47 30 42 39 13 30 27 53 32 29 19 8 31 21 9 54 23 27 33 28 10 15 6 37 47 30 7 43 11 42 32 36 26 6 51 3 25 49 31 13 43 21 48 13 13 17 31 49 36 25 29 28 25 35 43 43 50 50 38 14 36 44 42 10 25 27 22 24 24 36 36 29 8 39 27 44 30 37 23 42 25 49 25 54 8 23 23 22 35 18 43 31 27 30 51 36 11 25 24 23 28 48 26 31 27 40 45 21 20 34 38 23 38 30 15 47 13 19 16 35 48 51 34 14 32 26 41 7 38 37 32 48 43 22 18 38 43 39 3 40 48 25 7 33 55 48
37 46 30 0 40 35 35 38 14 20 33 8 36 9 15 11 35 1 11 21 34 19 4 9 36 37 32 32 9 37 26 35 13 21 30 10 28 32 33 39 31 35 35 37 17 48 26 40 29 24 34 32 40 42 9 12 33 25 5 15 33 31 34 8 20 36 44 14 20 5 21 10 6 10 8 30 22 27 12 21 23 15 9 9 42 6 27 19 39 28 7 15 20 28 25 30 2 9 0 31 20 23 16 30 25 3 32 10 28 4 10 22 9 27 21 30 15 44 17 17 32 29 11 14 40 32 33 40 16 26 9 11 36 8 7 21 35 21 8 27 21 33 36 27 45 29 6 23 33 38 26
25 21 47 40 0 9 20 6 30 34 18 32 17 32 25 39 43 40 47 42 23 25 36 49 23 43 35 43 49 7 17 45 47 49 12 50 12 23 53 12 45 26 13 21 38 21 26 3 35 34 34 16 5 22 32 28 21 22 41 36 9 20 16 42 33 13 14 35 44 40 21 47 40 49 47 11 19 39 33 21 23 25 47 47 12 34 25 23 18 39 41 28 25 12 28 14 39 49 40 21 22 35 26 24 23 37 17 50 15 43 38 27 37 27 19 10 27 23 23 48 16 35 40 43 21 18 20 22 38 15 31 44 46 43 41 19 13 24 38 29 21 9 7 43 23 21 35 44 15 21 26
29 29 47 35 9 0 24 13 22 33 21 27 9 26 20 34 45 34 42 40 15 22 31 44 27 45 36 43 42 2 16 45 39 46 5 45 9 26 52 5 44 30 5 26 35 29 25 7 34 33 36 20 5 29 27 23 24 21 35 27 2 11 8 34 32 19 22 27 41 35 18 42 35 44 41 11 15 38 25 17 14 20 41 42 20 29 16 19 10 38 36 24 22 10 27 5 33 44 35 13 15 33 22 26 22 32 8 45 15 38 30 18 32 27 14 6 23 31 18 43 7 34 35 39 28 9 12 29 34 12 26 36 45 36 34 14 5 15 33 28 14 2 13 41 31 12 30 42 19 13 17
4 11 30 35 20 24 0 14 33 20 4 26 33 31 22 28 23 35 36 28 39 15 30 44 3 22 15 24 44 24 11 25 47 35 24 44 16 4 36 29 27 6 29 2 24 13 10 22 17 18 14 5 24 7 25 25 2 9 38 39 22 35 32 40 19 7 14 38 30 32 14 36 32 38 43 13 15 22 36 15 33 22 44 36 12 27 38 16 34 22 32 18 14 15 12 27 34 40 34 37 26 20 18 6 9 31 32 40 10 35 40 36 27 10 23 19 17 9 21 34 31 17 29 29 6 33 36 6 25 14 24 43 26 41 39 20 29 33 28 12 28 23 13 28 11 35 27 30 5 37 38
18 16 42 38 6 13 14 0 30 30 11 28 22 30 21 35 37 36 43 38 28 21 32 46 17 36 28 37 46 12 13 38 46 45 14 46 9 16 48 17 39 20 18 15 34 16 20 8 29 28 27 10 10 16 28 24 14 17 39 36 11 24 21 40 29 7 9 35 40 36 17 43 36 45 44 7 15 33 33 17 25 22 45 43 7 30 28 19 23 33 37 24 21 8 22 16 35 45 36 26 21 30 22 17 17 33 21 46 10 39 38 29 33 21 18 10 23 18 20 44 20 28 36 39 15 22 25 16 34 11 27 43 39 41 39 16 18 26 34 23 22 12 1 38 18 24 31 40 9 26 28
36 42 39 14 30 22 33 30 0 26 30 12 23 6 12 20 41 13 24 30 20 20 12 22 35 43 37 38 20 24 22 41 16 33 17 23 21 32 43 26 38 36 22 35 25 44 28 28 35 30 39 29 27 40 13 10 31 25 13 6 20 17 21 12 26 32 39 5 30 16 19 23 17 24 19 24 18 33 3 18 10 11 19 23 36 12 13 18 26 34 18 18 22 22 29 17 12 23 14 18 9 29 17 31 26 12 19 24 25 18 8 8 17 31 12 20 18 42 12 28 19 35 20 24 38 19 20 39 23 21 12 14 42 14 12 14 22 8 17 31 8 20 29 34 43 16 13 32 30 25 12
20 31 13 20 34 33 20 30 26 0 20 15 39 21 16 10 15 21 16 8 41 10 17 26 19 17 11 12 29 34 17 15 33 15 29 26 23 16 19 38 13 17 36 21 5 33 10 35 9 4 13 21 36 26 14 17 18 13 25 32 30 36 37 28 1 26 34 31 10 15 14 17 14 19 27 23 16 7 28 14 31 17 28 17 32 15 36 12 41 8 14 10 9 22 8 30 21 21 20 38 23 3 11 14 13 18 35 21 20 18 30 32 11 10 21 25 10 28 16 14 34 9 10 10 25 35 38 25 5 19 14 31 16 28 27 19 35 29 12 9 24 30 29 10 30 34 15 10 23 42 34
8 13 30 33 18 21 4 11 30 20 0 24 30 27 19 26 25 33 34 28 35 13 28 42 7 25 16 25 42 21 7 26 43 35 20 42 12 5 36 26 27 8 26 6 24 15 10 19 17 18 16 1 21 10 23 22 3 7 36 36 18 31 28 37 19 6 14 35 30 30 11 34 29 36 41 9 11 22 32 12 29 19 42 34 12 25 34 13 31 22 30 16 12 11 12 23 32 38 32 33 22 20 16 6 7 29 28 38 6 33 36 32 25 10 19 15 15 12 17 34 27 17 27 29 9 29 32 9 24 10 22 40 27 39 37 16 25 29 26 12 24 19 11 28 14 31 25 30 3 33 34
29 37 27 8 32 27 26 28 12 15 24 0 29 6 7 8 30 8 15 18 29 10 4 17 27 32 26 27 17 29 17 30 20 21 22 18 20 23 31 31 27 27 27 28 13 39 18 32 24 19 28 23 32 33 1 4 24 16 12 17 25 25 27 14 15 27 35 16 18 8 13 15 8 17 16 22 14 22 13 12 19 7 17 15 33 2 23 11 32 23 9 7 12 20 18 22 8 17 8 27 12 18 8 22 17 5 25 18 20 11 15 19 6 20 13 22 8 35 9 17 25 24 9 13 32 25 28 32 12 18 1 17 31 15 13 13 27 17 6 20 14 25 28 23 37 24 3 20 25 32 22
38 38 53 36 17 9 33 22 23 39 30 29 0 27 24 37 52 35 44 46 7 28 32 45 36 53 44 50 43 10 24 53 39 50 10 46 18 35 58 5 51 38 4 35 40 38 33 14 42 40 44 28 12 38 30 25 33 29 36 26 11 6 2 35 38 28 31 26 46 36 25 43 37 45 42 20 22 45 26 24 13 23 42 43 29 31 11 26 3 45 38 29 29 19 35 8 34 45 36 6 17 40 27 34 30 33 4 46 24 39 31 16 35 35 17 15 28 40 22 46 4 42 38 42 37 4 4 38 39 21 28 37 53 37 35 19 4 15 35 36 15 10 22 48 40 7 32 48 28 4 12
33 41 32 9 32 26 31 30 6 21 27 6 27 0 8 13 36 8 18 23 25 15 6 18 32 38 32 33 16 28 20 36 16 26 21 19 21 28 36 30 32 32 26 33 18 42 23 31 30 25 34 27 31 37 7 5 29 21 9 11 24 22 25 10 21 30 38 10 23 10 16 17 11 18 15 23 15 28 7 15 15 8 15 17 35 6 19 14 30 29 12 13 17 21 24 21 7 18 9 23 11 24 12 27 22 6 23 19 22 12 9 14 11 26 12 21 13 39 10 22 23 30 14 18 36 23 25 36 17 19 7 13 37 12 10 13 26 13 11 26 12 24 29 28 41 21 7 25 27 30 18
25 32 29 15 25 20 22 21 12 16 19 7 24 8 0 14 30 15 22 22 24 8 11 24 24 31 25 28 24 22 11 31 24 27 15 25 13 20 35 24 29 24 21 24 17 33 16 25 23 18 27 18 25 29 7 3 20 13 17 18 18 20 21 18 15 21 29 17 23 15 8 22 15 24 23 15 7 22 14 7 14 1 23 22 27 9 19 6 26 23 16 6 10 13 17 15 14 24 15 22 7 18 5 19 14 12 20 25 14 18 17 16 12 19 6 15 6 31 2 23 19 23 15 19 27 20 23 28 16 11 6 21 31 20 18 6 20 14 13 19 9 18 21 26 32 19 10 24 19 27 19
29 39 19 11 39 34 28 35 20 10 26 8 37 13 14 0 24 12 8 10 37 14 8 16 28 26 21 21 18 36 22 24 24 13 29 16 27 25 23 38 20 26 35 30 6 41 18 39 19 14 23 27 39 35 7 11 26 19 16 24 32 33 35 19 10 31 39 23 10 6 18 8 5 10 17 28 20 16 20 18 26 14 18 8 37 7 31 16 40 17 4 11 14 27 17 29 12 12 11 34 19 13 13 23 19 9 32 12 25 8 21 27 2 19 20 29 12 37 16 9 32 19 1 5 34 32 35 34 5 24 8 22 25 19 18 20 34 25 3 18 21 32 34 16 39 31 6 12 28 39 30
21 33 8 35 43 45 23 37 41 15 25 30 52 36 30 24 0 36 27 14 54 24 32 39 21 2 8 3 42 45 27 2 48 18 41 38 34 20 13 50 5 18 48 24 18 36 17 44 8 12 10 26 46 29 29 31 22 21 40 47 41 50 49 43 15 30 37 46 16 30 26 27 29 29 41 32 28 8 43 27 44 31 42 28 35 30 49 26 54 7 28 24 22 33 15 43 36 32 35 52 37 12 26 18 20 33 48 31 28 32 45 46 26 15 35 37 25 31 31 21 47 8 24 21 28 49 52 27 19 30 29 46 3 43 42 33 47 44 27 14 39 42 36 9 33 49 30 13 27 55 49
37 46 31 1 40 34 35 36 13 21 33 8 35 8 15 12 36 0 12 22 32 18 4 10 35 38 32 33 9 36 25 36 12 22 29 11 28 31 34 38 32 35 34 36 18 47 26 39 30 25 34 31 39 41 9 12 32 24 4 14 32 29 33 7 21 35 43 13 21 6 21 11 7 11 8 30 22 28 11 20 22 15 9 10 41 6 26 19 38 29 8 15 20 28 25 29 1 10 1 30 19 24 16 30 25 3 31 11 28 5 9 21 10 27 20 29 15 43 17 18 31 30 12 15 40 31 32 40 17 26 9 10 37 7 6 21 34 20 9 27 20 32 36 28 45 28 6 24 33 37 25
36 47 21 11 47 42 36 43 24 16 34 15 44 18 22 8 27 12 0 13 43 22 12 12 35 29 27 24 16 44 30 26 22 11 37 11 35 32 23 46 22 33 42 37 11 49 25 47 24 20 29 35 47 42 15 19 33 27 15 26 40 40 42 18 16 39 47 25 11 8 26 1 7 3 15 36 28 20 23 26 33 22 16 2 45 13 37 24 47 21 6 19 22 35 23 37 13 6 11 41 27 18 21 29 27 12 40 5 33 7 21 32 10 25 28 37 20 44 24 6 40 24 7 6 40 40 43 40 11 32 16 20 27 18 17 28 42 31 9 24 29 40 42 18 45 39 12 14 36 47 36
27 38 9 21 42 40 28 38 30 8 28 18 46 23 22 10 14 22 13 0 46 18 18 24 26 16 15 11 28 42 25 14 34 7 36 23 31 24 12 45 10 24 43 29 5 41 18 43 13 10 17 29 44 34 17 21 26 21 26 34 38 42 43 29 9 34 42 33 2 16 22 13 15 15 27 31 24 8 30 22 36 22 28 14 40 17 41 20 48 9 14 16 17 30 16 37 22 18 21 44 29 8 18 22 21 19 42 17 28 18 31 37 12 18 28 33 17 36 23 8 41 13 10 7 33 42 45 32 6 27 18 32 15 29 28 26 42 35 13 16 31 38 37 6 38 41 16 2 31 49 40
43 44 54 34 23 15 39 28 20 41 35 29 7 25 24 37 54 32 43 46 0 31 31 41 42 55 47 52 39 16 28 55 35 50 15 42 23 39 58 12 53 43 10 41 41 44 37 21 46 42 48 34 19 44 29 25 38 33 32 22 17 4 7 31 39 34 37 22 47 35 28 42 36 43 38 26 25 46 22 27 10 24 38 42 35 30 7 28 8 47 37 30 32 24 38 12 31 42 33 2 17 42 29 38 34 31 7 43 29 37 27 12 34 39 19 20 30 46 23 46 8 45 37 41 43 6 3 44 40 25 28 33 55 33 31 21 10 12 35 40 15 16 28 50 46 4 31 48 34 6 8
17 26 23 19 25 22 15 21 20 10 13 10 28 15 8 14 24 18 22 18 31 0 14 27 16 24 17 21 27 23 8 24 30 24 18 28 13 13 29 27 22 17 25 17 13 28 8 25 16 12 19 13 25 22 9 10 13 6 22 26 19 26 26 24 10 18 26 25 19 16 4 22 16 24 26 14 6 16 22 4 21 9 27 22 24 11 26 2 31 17 16 3 2 13 9 20 18 24 18 28 14 12 3 12 7 15 25 25 11 19 24 24 12 11 11 15 2 24 8 23 24 16 15 18 21 25 28 21 13 10 9 27 25 25 23 9 25 21 13 11 16 20 20 20 26 25 12 20 15 32 26
32 41 27 4 36 31 30 32 12 17 28 4 32 6 11 8 32 4 12 18 31 14 0 13 30 34 28 29 13 33 21 32 16 20 26 14 24 27 30 35 28 31 31 31 14 42 21 36 26 21 30 27 36 36 4 8 27 20 8 16 29 28 30 11 17 31 39 15 17 4 17 11 5 13 12 26 17 24 12 16 21 11 13 11 37 2 25 14 35 25 6 11 16 24 21 26 4 13 4 29 16 20 11 26 21 1 28 14 23 7 13 20 6 23 17 26 11 38 13 16 28 26 8 12 35 29 31 35 13 21 5 14 33 11 10 17 31 19 5 23 17 29 31 24 40 27 2 20 28 35 24
45 55 33 9 49 44 44 46 22 26 42 17 45 18 24 16 39 10 12 24 41 27 13 0 43 40 37 35 4 46 34 38 11 23 39 1 37 40 35 48 34 42 44 44 22 55 34 49 35 30 39 40 49 49 17 21 40 33 9 20 42 39 43 11 26 44 52 19 23 11 30 11 12 9 4 39 30 32 19 29 32 24 5 10 50 15 34 27 48 33 12 24 29 37 33 39 11 6 9 40 29 29 24 39 34 12 41 7 36 8 15 29 16 35 30 39 24 51 26 18 41 35 16 18 48 41 42 48 21 34 18 11 39 9 10 30 44 30 14 34 30 42 44 30 53 38 15 26 41 47 33
1 12 28 36 23 27 3 17 35 19 7 27 36 32 24 28 21 35 35 26 42 16 30 43 0 19 13 22 43 27 14 23 46 33 27 44 19 3 34 32 25 3 32 3 24 15 10 25 15 16 11 8 27 8 25 26 4 10 38 41 25 38 35 40 18 10 16 40 28 32 16 36 32 38 42 16 18 20 38 17 36 24 43 36 15 27 41 17 37 20 32 19 15 18 10 30 34 40 34 40 29 18 19 5 9 31 35 40 13 35 40 39 27 8 26 22 18 10 23 33 34 15 28 29 7 36 39 6 23 17 25 43 24 41 39 23 32 36 28 10 31 26 16 26 12 38 28 28 8 40 41
19 31 10 37 43 45 22 36 43 17 25 32 53 38 31 26 2 38 29 16 55 24 34 40 19 0 8 5 44 45 27 4 50 20 41 39 34 19 15 50 7 16 48 22 20 34 17 44 8 13 8 26 46 27 31 33 21 21 42 49 41 50 49 45 17 29 35 48 18 32 26 29 31 31 43 32 28 10 45 27 45 32 44 30 34 32 50 26 54 9 30 25 22 33 15 43 38 34 37 52 38 14 26 18 20 35 48 33 28 34 47 47 28 15 35 37 25 29 31 23 47 8 26 23 26 49 52 25 21 30 31 48 5 45 44 33 47 44 29 14 39 42 35 11 31 49 32 15 27 55 49
13 25 15 32 35 36 15 28 37 11 16 26 44 32 25 21 8 32 27 15 47 17 28 37 13 8 0 9 39 37 19 10 44 22 33 37 26 12 21 41 12 10 40 16 15 28 9 35 2 7 2 17 37 21 25 27 14 13 36 43 33 43 41 39 11 22 29 42 17 26 18 27 25 29 38 24 20 7 39 19 38 26 39 28 27 26 43 19 46 7 25 19 15 25 8 35 32 32 31 44 31 8 20 10 12 29 40 31 20 29 41 41 22 7 28 29 19 23 25 23 39 2 21 20 20 41 44 19 16 22 25 42 11 39 38 25 39 38 23 6 33 34 27 13 25 41 26 15 19 47 43
22 34 6 32 43 43 24 37 38 12 25 27 50 33 28 21 3 33 24 11 52 21 29 35 22 5 9 0 39 44 26 3 45 15 39 34 33 20 12 48 3 19 46 25 15 37 16 44 7 9 11 26 45 30 26 28 22 20 37 44 40 47 47 40 12 30 38 43 13 27 24 24 26 26 38 31 26 5 40 25 42 29 39 25 36 27 47 23 52 4 25 21 19 32 14 41 33 29 32 49 35 9 23 18 19 30 46 28 27 29 42 44 23 15 32 35 22 32 28 18 45 7 21 18 29 46 49 28 16 29 26 43 4 40 39 30 45 41 24 13 36 40 35 6 34 46 27 10 27 53 46
46 55 37 9 49 42 44 46 20 29 42 17 43 16 24 18 42 9 16 28 39 27 13 4 43 44 39 39 0 44 34 42 7 27 37 5 37 40 39 46 38 44 42 44 24 55 34 47 37 32 41 40 47 49 17 21 40 33 7 17 40 37 41 8 28 44 52 17 27 13 30 15 14 13 1 39 30 34 17 29 30 24 1 14 50 15 32 27 46 35 14 24 29 37 34 37 10 10 9 38 27 31 24 39 34 12 39 11 36 10 12 27 18 36 28 37 24 51 26 22 39 37 18 21 48 39 40 48 23 34 18 7 43 6 8 29 42 28 16 36 28 40 44 34 53 36 15 30 41 45 31
29 28 47 37 7 2 24 12 24 34 21 29 10 28 22 36 45 36 44 42 16 23 33 46 27 45 37 44 44 0 18 47 40 47 7 47 11 26 52 5 45 29 6 26 36 28 27 5 36 35 37 20 3 28 29 25 24 23 37 29 4 13 9 36 33 18 21 29 42 37 19 44 37 46 43 12 17 39 27 19 16 22 43 44 19 31 18 21 11 40 38 26 24 12 29 7 35 46 37 14 17 35 24 27 24 34 10 47 16 40 32 20 34 29 16 8 25 30 20 45 9 36 37 41 27 11 13 28 36 14 28 38 47 38 36 16 6 17 35 30 16 4 12 43 30 14 32 43 19 14 19
15 20 30 26 17 16 11 13 22 17 7 17 24 20 11 22 27 25 30 25 28 8 21 34 14 27 19 26 34 18 0 28 35 32 14 35 6 11 36 21 28 15 20 13 21 22 9 18 18 17 20 7 19 17 16 14 10 5 28 28 13 24 22 29 16 10 18 27 27 24 4 30 23 32 33 6 4 22 25 5 22 12 34 30 16 18 27 6 26 22 24 11 8 6 11 16 25 32 25 26 15 18 9 10 6 22 21 33 3 27 28 25 20 11 12 9 10 19 10 31 20 18 23 26 16 22 25 16 21 3 16 32 29 31 29 9 20 22 21 12 17 14 12 26 21 24 19 27 8 28 27
23 35 7 35 45 45 25 38 41 15 26 30 53 36 31 24 2 36 26 14 55 24 32 38 23 4 10 3 42 47 28 0 48 17 42 37 34 22 11 49 4 20 48 26 18 38 19 45 10 12 12 27 47 31 29 31 24 23 40 47 41 50 50 43 15 32 39 46 15 30 27 27 29 29 41 34 29 8 43 28 45 32 42 28 37 30 50 26 54 7 28 24 22 34 17 44 36 32 35 52 38 12 26 20 22 33 49 31 30 32 45 47 26 17 35 37 25 33 31 21 48 10 24 21 30 49 52 29 19 31 29 46 1 43 42 33 48 44 27 16 39 42 37 8 35 49 30 12 29 56 49
49 57 43 13 47 39 47 46 16 33 43 20 39 16 24 24 48 12 22 34 35 30 16 11 46 50 44 45 7 40 35 48 0 33 33 12 37 43 45 42 44 47 38 47 30 57 37 44 42 37 46 42 43 52 20 21 43 36 8 13 36 33 37 5 33 45 53 13 33 18 32 21 19 19 7 39 31 40 13 31 26 24 6 20 51 18 28 30 42 41 20 27 32 37 37 33 12 16 13 34 25 36 27 42 37 15 35 17 38 16 8 23 22 39 27 36 27 54 26 28 35 42 24 27 51 35 36 51 29 35 21 2 49 5 6 29 38 24 21 39 24 36 45 40 56 32 18 36 43 41 27
33 45 11 21 49 46 35 45 33 15 35 21 50 26 27 13 18 22 11 7 50 24 20 23 33 20 22 15 27 47 32 17 33 0 42 22 37 31 12 51 13 30 48 36 11 48 25 49 19 17 24 36 49 41 20 24 33 28 26 36 43 46 48 29 16 41 49 35 5 17 28 12 16 14 26 38 30 13 32 28 39 27 27 13 47 20 44 26 53 14 15 21 24 37 23 42 23 17 21 47 32 15 23 29 28 21 45 16 35 18 31 40 15 25 33 39 22 43 28 5 45 18 12 8 40 45 48 39 11 34 21 31 18 29 28 31 47 38 15 23 34 43 44 9 45 44 19 5 38 52 43
28 29 42 30 12 5 24 14 17 29 20 22 10 21 15 29 41 29 37 36 15 18 26 39 27 41 33 39 37 7 14 42 33 42 0 40 8 24 47 9 40 28 7 26 30 29 23 10 32 30 34 19 10 29 22 18 23 19 30 23 3 11 8 29 28 19 23 22 36 30 14 37 30 39 36 11 12 34 20 14 11 15 36 37 20 24 14 16 13 35 31 19 19 9 25 3 28 39 30 13 10 30 17 24 20 27 8 40 14 33 25 15 27 25 9 5 18 31 13 38 7 32 30 34 28 9 12 29 29 11 21 31 43 31 29 9 7 12 28 26 9 3 13 38 31 11 25 38 19 14 15
45 55 32 10 50 45 44 46 23 26 42 18 46 19 25 16 38 11 11 23 42 28 14 1 44 39 37 34 5 47 35 37 12 22 40 0 38 41 34 49 33 42 45 45 22 56 34 50 35 30 39 41 50 50 18 22 41 34 10 21 43 40 44 12 26 45 53 20 22 11 31 10 12 8 5 40 31 31 20 30 33 25 6 9 51 16 35 28 49 32 12 24 29 38 33 40 12 5 10 41 30 29 25 39 34 13 42 6 37 8 16 30 16 35 31 40 25 52 27 17 42 35 16 17 49 42 43 49 21 35 19 12 38 10 11 31 45 31 14 34 31 43 45 29 54 39 16 25 42 48 34
20 21 36 28 12 9 16 9 21 23 12 20 18 21 13 27 34 28 35 31 23 13 24 37 19 34 26 33 37 11 6 34 37 37 8 38 0 16 42 14 34 20 14 18 26 23 15 12 24 23 26 11 13 21 20 16 15 11 30 27 7 19 16 31 22 11 17 26 32 28 9 35 28 37 36 3 7 28 24 9 17 13 36 35 15 22 22 11 19 28 29 16 13 1 17 11 27 37 28 21 12 24 14 16 12 25 16 38 6 31 29 21 25 17 9 3 15 23 11 36 15 24 28 31 20 17 20 21 26 3 19 34 35 33 31 8 14 18 26 18 13 8 8 32 23 19 23 33 11 22 22
4 14 26 32 23 26 4 16 32 16 5 23 35 28 20 25 20 31 32 24 39 13 27 40 3 19 12 20 40 26 11 22 43 31 24 41 16 0 32 30 23 4 30 5 21 17 7 24 13 14 11 6 26 10 22 23 2 7 35 38 23 35 32 37 15 10 18 37 26 29 13 33 28 35 39 14 15 18 34 14 33 21 40 33 16 24 38 14 35 18 29 16 11 15 8 27 31 37 31 37 26 16 16 2 6 28 32 37 10 32 37 36 24 6 23 19 15 12 20 30 31 13 26 26 9 33 36 9 21 14 22 40 23 38 36 20 30 33 25 8 28 24 16 24 14 35 25 26 8 38 38
34 46 6 33 53 52 36 48 43 19 36 31 58 36 35 23 13 34 23 12 58 29 30 35 34 15 21 12 39 52 36 11 45 12 47 34 42 32 0 56 9 31 54 37 17 49 27 54 19 19 23 37 54 42 29 33 34 31 37 46 48 54 55 40 20 42 50 45 13 28 33 24 27 26 38 42 35 14 42 33 48 34 39 25 48 29 53 31 60 14 26 28 28 41 24 49 34 29 33 56 41 17 30 30 29 31 54 28 37 29 43 49 24 26 40 44 29 44 35 17 53 19 22 19 41 54 57 40 18 38 30 43 10 40 39 38 54 47 25 24 43 49 45 9 46 53 28 10 39 61 52
34 33 51 39 12 5 29 17 26 38 26 31 5 30 24 38 50 38 46 45 12 27 35 48 32 50 41 48 46 5 21 49 42 51 9 49 14 30 56 0 48 34 4 31 39 33 29 9 38 37 40 25 7 33 31 27 29 25 39 29 7 10 6 38 36 23 26 29 45 39 23 46 39 48 45 16 20 42 29 22 16 24 45 46 24 33 15 24 6 42 40 28 27 15 31 9 37 48 39 11 19 38 26 30 26 36 8 49 20 42 34 20 36 31 18 11 27 35 22 47 7 38 39 43 32 8 9 33 38 17 30 40 49 40 38 18 4 18 37 32 18 7 17 46 35 11 34 47 24 9 16
25 37 3 31 45 44 27 39 38 13 27 27 51 32 29 20 5 32 22 10 53 22 28 34 25 7 12 3 38 45 28 4 44 13 40 33 34 23 9 48 0 22 47 28 14 40 18 46 10 10 14 28 47 33 26 29 25 22 36 43 41 48 48 39 13 33 41 42 11 26 25 23 25 25 37 33 27 6 39 26 43 30 38 24 39 26 48 24 53 5 24 22 20 33 16 42 32 28 31 50 36 10 24 21 21 29 47 27 29 28 41 45 22 17 33 36 23 35 29 16 46 10 20 17 32 47 50 31 15 30 26 42 5 39 38 31 46 42 23 15 37 41 37 4 37 47 26 8 30 54 47
3 15 25 35 26 30 6 20 36 17 8 27 38 32 24 26 18 35 33 24 43 17 31 42 3 16 10 19 44 29 15 20 47 30 28 42 20 4 31 34 22 0 34 6 22 18 9 27 12 14 8 9 29 11 26 27 5 11 39 42 26 39 36 41 16 13 19 41 26 31 17 34 31 36 43 17 19 17 38 18 37 25 44 34 18 28 42 18 39 17 30 19 15 19 9 31 35 38 35 41 30 16 20 5 10 32 36 38 14 34 41 40 26 7 27 23 19 13 24 31 35 12 27 27 10 37 40 9 22 18 25 44 21 42 40 24 33 37 27 8 32 27 19 23 15 39 28 25 11 41 42
34 34 49 35 13 5 29 18 22 36 26 27 4 26 21 35 48 34 42 43 10 25 31 44 32 48 40 46 42 6 20 48 38 48 7 45 14 30 54 4 47 34 0 31 37 34 29 11 38 37 40 24 9 34 28 23 29 25 35 25 7 7 3 34 35 24 27 25 43 35 21 42 35 44 41 16 19 41 25 21 12 21 41 42 25 29 12 23 6 42 36 26 26 15 31 5 33 44 35 8 15 37 24 30 26 32 4 45 20 38 30 16 33 31 14 11 25 36 19 44 3 38 36 40 33 5 7 34 36 17 26 36 49 36 34 16 0 14 33 32 14 6 18 45 36 8 30 45 24 8 13
3 9 31 37 21 26 2 15 35 21 6 28 35 33 24 30 24 36 37 29 41 17 31 44 3 22 16 25 44 26 13 26 47 36 26 45 18 5 37 31 28 6 31 0 26 12 12 23 18 19 14 7 25 5 26 27 4 11 39 41 24 37 34 41 20 8 13 40 31 33 16 38 33 40 43 15 17 23 38 17 35 24 44 38 12 28 40 18 36 23 33 20 16 17 13 29 35 41 35 39 28 21 20 7 11 32 34 42 12 36 41 38 29 11 25 21 19 7 23 35 33 18 31 31 4 35 38 4 26 16 26 44 27 42 40 22 31 35 30 13 30 25 14 29 9 37 29 31 7 39 40
24 35 13 17 38 35 24 34 25 5 24 13 40 18 17 6 18 18 11 5 41 13 14 22 24 20 15 15 24 36 21 18 30 11 30 22 26 21 17 39 14 22 37 26 0 37 14 38 13 9 17 25 38 31 12 16 22 17 22 29 32 37 38 25 5 30 38 28 6 12 17 12 11 14 23 27 19 10 25 17 31 17 24 13 36 12 36 15 43 11 10 11 13 26 12 32 18 17 17 39 24 7 13 18 17 15 37 16 24 14 27 32 8 14 23 28 12 33 18 10 36 13 6 5 29 37 40 29 1 23 13 28 19 25 24 21 37 30 9 13 26 33 33 10 34 36 12 7 27 44 35
15 3 43 48 21 29 13 16 44 33 15 39 38 42 33 41 36 47 49 41 44 28 42 55 15 34 28 37 55 28 22 38 57 48 29 56 23 17 49 33 40 18 34 12 37 0 23 24 30 31 26 15 26 7 37 36 15 22 50 50 27 40 37 51 32 12 7 49 43 44 26 49 44 51 54 20 26 35 47 27 40 34 55 49 9 39 43 28 39 35 44 31 27 22 25 32 46 52 46 42 35 33 31 19 22 43 37 53 19 47 50 44 40 23 32 25 30 5 32 47 36 30 42 42 8 38 41 9 38 23 37 54 39 53 51 30 34 41 41 25 36 28 16 41 3 40 40 43 14 42 44
11 21 21 26 26 25 10 20 28 10 10 18 33 23 16 18 17 26 25 18 37 8 21 34 10 17 9 16 34 27 9 19 37 25 23 34 15 7 27 29 18 9 29 12 14 23 0 27 9 8 11 11 28 17 17 18 8 4 29 34 22 33 31 32 9 16 24 33 20 22 9 26 21 28 33 15 11 12 30 10 29 17 34 26 22 19 34 10 34 13 22 10 6 15 2 25 25 30 25 35 22 10 11 5 3 22 30 30 11 25 32 32 18 3 19 18 10 19 16 24 29 9 19 19 16 31 34 16 15 12 16 35 20 32 31 16 29 29 19 3 24 23 19 18 21 32 19 20 13 37 34
26 24 48 40 3 7 22 8 28 35 19 32 14 31 25 39 44 39 47 43 21 25 36 49 25 44 35 44 47 5 18 45 44 49 10 50 12 24 54 9 46 27 11 23 38 24 27 0 36 35 35 18 2 24 32 28 22 23 40 33 7 18 14 39 34 15 17 32 44 40 21 47 40 49 46 12 19 39 30 21 21 25 46 47 15 34 23 23 15 40 41 28 25 12 29 12 38 49 40 19 20 36 26 25 24 37 15 50 16 43 35 25 37 29 19 10 27 26 23 48 14 36 40 43 23 16 18 24 38 15 31 41 46 41 39 19 11 22 38 30 19 8 9 44 26 19 35 45 17 18 24
15 27 13 29 35 34 17 29 35 9 17 24 42 30 23 19 8 30 24 13 46 16 26 35 15 8 2 7 37 36 18 10 42 19 32 35 24 13 19 38 10 12 38 18 13 30 9 36 0 5 4 18 37 23 23 25 15 13 34 41 31 42 40 37 9 23 31 40 15 24 18 25 23 27 36 24 20 5 37 19 37 24 37 26 29 24 42 18 43 5 23 17 14 24 7 34 30 30 29 44 30 6 18 11 12 27 39 29 20 27 39 39 20 8 27 27 17 25 23 21 38 0 19 18 22 40 43 21 14 21 23 40 11 37 36 25 38 36 21 6 31 32 28 11 27 41 24 13 20 46 41
17 28 13 24 34 33 18 28 30 4 18 19 40 25 18 14 12 25 20 10 42 12 21 30 16 13 7 9 32 35 17 12 37 17 30 30 23 14 19 37 10 14 37 19 9 31 8 35 5 0 9 19 36 24 18 20 16 12 29 36 30 38 38 32 4 24 32 35 12 19 15 21 18 23 31 23 17 5 32 15 32 19 32 21 30 19 37 14 42 5 18 12 10 23 6 32 25 25 24 40 25 2 14 12 11 22 37 25 19 22 34 34 15 8 23 26 13 26 19 18 36 5 14 14 23 37 40 22 9 20 18 35 13 32 31 21 36 32 16 6 27 31 27 10 28 37 19 12 21 44 37
11 23 17 34 34 36 14 27 39 13 16 28 44 34 27 23 10 34 29 17 48 19 30 39 11 8 2 11 41 37 20 12 46 24 34 39 26 11 23 40 14 8 40 14 17 26 11 35 4 9 0 17 37 19 27 29 13 14 38 45 33 44 42 41 13 21 27 44 19 28 20 29 27 31 40 25 22 9 41 21 40 28 41 30 26 28 45 21 45 9 27 21 17 26 10 36 34 34 33 46 33 10 22 10 13 31 41 33 20 31 43 43 24 8 30 29 21 21 27 25 40 4 23 22 18 42 45 17 18 23 27 44 13 41 40 27 40 40 25 8 35 34 27 15 23 43 28 17 19 48 45
9 13 31 32 16 20 5 10 29 21 1 23 28 27 18 27 26 31 35 29 34 13 27 40 8 26 17 26 40 20 7 27 42 36 19 41 11 6 37 25 28 9 24 7 25 15 11 18 18 19 17 0 20 10 22 21 4 8 35 35 17 30 27 36 20 5 13 34 31 29 11 35 29 37 39 8 11 23 32 12 28 19 40 35 11 24 33 13 30 23 29 16 13 10 13 22 31 37 31 32 21 21 16 7 8 28 27 38 5 32 35 31 25 11 18 14 15 12 17 35 26 18 28 30 9 28 31 10 25 9 22 39 28 38 36 16 24 28 26 13 23 18 10 29 14 30 25 31 2 32 33
28 26 49 40 5 5 24 10 27 36 21 32 12 31 25 39 46 39 47 44 19 25 36 49 27 46 37 45 47 3 19 47 43 49 10 50 13 26 54 7 47 29 9 25 38 26 28 2 37 36 37 20 0 26 32 28 24 24 40 32 7 16 12 39 35 17 19 32 44 40 21 47 40 49 46 13 19 40 30 21 19 25 46 47 17 34 21 23 13 41 41 28 26 13 30 10 38 49 40 17 20 37 26 27 25 37 13 50 17 43 35 23 37 30 19 10 27 28 23 48 12 37 40 43 25 14 16 26 38 16 31 41 48 41 39 19 9 20 38 31 19 7 11 45 28 17 35 45 19 16 22
8 4 36 42 22 29 7 16 40 26 10 33 38 37 29 35 29 41 42 34 44 22 36 49 8 27 21 30 49 28 17 31 52 41 29 50 21 10 42 33 33 11 34 5 31 7 17 24 23 24 19 10 26 0 31 31 9 16 44 45 27 40 37 46 25 10 10 44 36 38 21 43 38 45 48 18 21 28 42 22 38 29 49 43 10 33 43 23 39 28 38 25 21 20 18 32 40 46 40 42 31 26 25 12 16 37 37 47 15 41 45 41 34 16 28 24 24 2 27 40 36 23 36 36 1 38 41 2 31 19 31 49 32 47 45 26 34 38 35 18 33 28 16 34 4 40 34 36 10 42 43
27 36 25 9 32 27 25 28 13 14 23 1 30 7 7 7 29 9 15 17 29 9 4 17 25 31 25 26 17 29 16 29 20 20 22 18 20 22 29 31 26 26 28 26 12 37 17 32 23 18 27 22 32 31 0 4 22 15 12 18 25 26 28 15 14 26 34 17 17 8 12 15 8 17 16 21 13 21 14 12 19 7 17 15 32 2 24 10 33 22 9 7 11 20 18 22 8 17 8 27 12 17 7 21 16 5 25 18 19 11 16 20 5 20 13 22 7 33 9 16 25 23 8 12 30 25 28 30 11 17 1 18 30 15 14 13 27 18 6 19 14 25 27 22 35 24 3 19 24 32 23
27 35 29 12 28 23 25 24 10 17 22 4 25 5 3 11 31 12 19 21 25 10 8 21 26 33 27 28 21 25 14 31 21 24 18 22 16 23 33 27 29 27 23 27 16 36 18 28 25 20 29 21 28 31 4 0 23 16 14 16 21 21 23 15 16 24 32 15 21 12 11 19 12 21 20 18 10 23 12 10 15 3 20 19 30 6 20 9 28 24 13 8 12 16 19 18 11 21 12 23 8 19 7 22 17 9 21 22 17 15 14 16 9 21 9 18 8 33 5 20 21 25 12 16 30 21 24 30 15 14 3 18 32 17 15 9 23 14 10 21 10 21 24 26 35 20 7 23 22 28 19
5 13 28 33 21 24 2 14 31 18 3 24 33 29 20 26 22 32 33 26 38 13 27 40 4 21 14 22 40 24 10 24 43 33 23 41 15 2 34 29 25 5 29 4 22 15 8 22 15 16 13 4 24 9 22 23 0 7 34 37 21 34 31 37 17 8 16 36 28 29 13 34 29 36 38 12 14 20 34 13 32 21 39 34 14 24 37 14 34 20 29 16 12 14 10 26 30 37 30 36 25 18 16 4 7 27 31 38 9 32 37 35 25 8 22 18 15 11 19 32 30 15 27 27 8 32 35 8 23 13 22 40 25 37 36 19 28 32 26 10 27 22 14 26 13 34 25 28 6 36 37
11 20 25 25 22 21 9 17 25 13 7 16 29 21 13 19 21 24 27 21 33 6 20 33 10 21 13 20 33 23 5 23 36 28 19 34 11 7 31 25 22 11 25 11 17 22 4 23 13 12 14 8 24 16 15 16 7 0 27 31 18 29 27 30 12 13 21 30 23 22 6 27 22 29 31 11 8 16 27 7 26 14 32 27 19 17 31 7 30 17 22 9 5 11 6 21 23 30 23 31 19 13 9 6 1 20 26 31 7 25 30 29 18 6 16 14 8 18 13 27 25 13 20 22 15 27 30 15 17 8 15 33 24 30 29 13 25 26 19 7 21 19 16 21 20 29 18 23 10 33 31
40 49 35 5 41 35 38 39 13 25 36 12 36 9 17 16 40 4 15 26 32 22 8 9 38 42 36 37 7 37 28 40 8 26 30 10 30 35 37 39 36 39 35 39 22 50 29 40 34 29 38 35 40 44 12 14 34 27 0 12 33 30 34 3 25 38 46 11 25 10 24 14 11 14 6 32 24 32 10 24 23 17 6 13 44 10 25 22 39 33 12 19 23 30 29 30 4 12 5 31 20 28 19 33 28 7 32 13 31 8 7 20 14 31 21 30 19 45 19 21 32 34 16 19 42 32 33 42 21 28 13 6 41 3 2 22 35 21 13 31 21 33 38 32 47 29 10 28 36 38 24
42 48 43 15 36 27 39 36 6 32 36 17 26 11 18 24 47 14 26 34 22 26 16 20 41 49 43 44 17 29 28 47 13 36 23 21 27 38 46 29 43 42 25 41 29 50 34 33 41 36 45 35 32 45 18 16 37 31 12 0 26 20 24 9 32 38 44 1 33 19 25 25 20 25 16 30 24 39 4 24 13 17 16 24 42 17 15 24 29 40 21 24 28 28 35 22 13 23 15 21 15 35 23 37 32 15 22 24 31 19 5 10 21 37 18 26 24 47 18 31 22 41 24 28 44 22 23 44 28 27 18 11 48 11 10 20 25 12 21 37 14 26 35 39 49 19 17 36 36 28 14
26 27 43 33 9 2 22 11 20 30 18 25 11 24 18 32 41 32 40 38 17 19 29 42 25 41 33 40 40 4 13 41 36 43 3 43 7 23 48 7 41 26 7 24 32 27 22 7 31 30 33 17 7 27 25 21 21 18 33 26 0 13 10 32 29 17 20 25 38 33 15 40 33 42 39 9 13 34 23 15 14 18 39 40 18 27 17 17 12 35 34 22 20 8 24 5 31 42 33 15 13 31 20 23 19 30 10 43 13 36 28 18 30 24 12 4 21 29 16 41 9 31 33 37 26 11 14 27 32 10 24 34 42 34 32 12 7 15 31 25 12 1 11 39 29 13 28 39 17 15 17
39 40 50 31 20 11 35 24 17 36 31 25 6 22 20 33 50 29 40 42 4 26 28 39 38 50 43 47 37 13 24 50 33 46 11 40 19 35 54 10 48 39 7 37 37 40 33 18 42 38 44 30 16 40 26 21 34 29 30 20 13 0 4 29 35 30 33 20 42 32 23 39 33 40 36 22 21 42 20 23 7 20 36 39 31 27 5 24 9 43 34 26 28 20 34 8 28 39 30 2 13 38 24 34 30 28 3 40 25 34 25 10 30 35 15 16 25 42 19 41 4 41 33 37 39 2 3 40 36 21 24 31 51 31 29 17 7 9 31 36 11 12 24 46 42 1 28 44 30 8 6
36 37 50 34 16 8 32 21 21 37 28 27 2 25 21 35 49 33 42 43 7 26 30 43 35 49 41 47 41 9 22 50 37 48 8 44 16 32 55 6 48 36 3 34 38 37 31 14 40 38 42 27 12 37 28 23 31 27 34 24 10 4 0 33 36 27 30 24 44 34 22 41 35 43 40 19 20 42 24 22 11 21 40 41 28 29 9 24 5 43 36 27 27 17 33 6 32 43 34 5 15 38 25 32 28 31 2 44 22 37 29 14 32 33 15 13 26 39 20 43 2 40 35 39 36 2 4 37 37 19 26 35 51 35 33 17 3 13 33 34 13 9 21 46 39 5 30 45 27 6 10
42 51 38 8 42 34 40 40 12 28 37 14 35 10 18 19 43 7 18 29 31 24 11 11 40 45 39 40 8 36 29 43 5 29 29 12 31 37 40 38 39 41 34 41 25 51 32 39 37 32 41 36 39 46 15 15 37 30 3 9 32 29 33 0 28 39 47 9 28 13 26 17 14 17 7 33 25 35 9 25 22 18 7 16 45 13 24 24 38 36 15 21 26 31 32 29 7 14 8 30 20 31 22 36 31 10 31 15 32 11 4 19 17 34 22 31 22 48 20 24 31 37 19 22 45 31 32 45 24 29 15 3 44 2 1 23 34 20 16 34 20 32 39 35 50 28 13 31 37 37 23
19 30 14 20 33 32 19 29 26 1 19 15 38 21 15 10 15 21 16 9 39 10 17 26 18 17 11 12 28 33 16 15 33 16 28 26 22 15 20 36 13 16 35 20 5 32 9 34 9 4 13 20 35 25 14 16 17 12 25 32 29 35 36 28 0 25 33 31 11 16 13 17 15 19 27 22 15 7 28 13 29 16 28 18 31 15 34 12 41 8 14 9 8 21 7 30 21 22 20 37 22 3 11 13 12 18 35 21 19 18 30 31 11 9 21 24 10 27 16 15 34 9 11 10 24 35 38 24 6 18 14 31 16 28 27 19 34 29 12 8 24 29 28 11 29 34 15 11 22 42 34
11 10 36 36 13 19 7 7 32 26 6 27 28 30 21 31 30 35 39 34 34 18 31 44 10 29 22 30 44 18 10 32 45 41 19 45 11 10 42 23 33 13 24 8 30 12 16 15 23 24 21 5 17 10 26 24 8 13 38 38 17 30 27 39 25 0 8 37 36 34 14 39 33 41 42 8 14 28 35 15 28 22 43 39 6 28 33 16 29 28 34 21 17 10 18 22 34 42 34 32 23 26 19 12 13 31 27 43 7 37 38 32 30 16 20 14 20 12 20 40 26 23 32 35 9 28 31 10 30 11 26 42 33 41 39 18 24 29 31 18 24 18 6 34 12 30 29 36 3 32 33
16 8 44 44 14 22 14 9 39 34 14 35 31 38 29 39 37 43 47 42 37 26 39 52 16 35 29 38 52 21 18 39 53 49 23 53 17 18 50 26 41 19 27 13 38 7 24 17 31 32 27 13 19 10 34 32 16 21 46 44 20 33 30 47 33 8 0 43 44 42 22 47 41 49 50 14 22 36 41 23 34 30 51 47 2 36 37 24 32 36 42 29 25 16 26 25 42 50 42 35 29 34 27 20 21 39 30 51 15 45 46 38 38 24 26 19 28 10 27 48 29 31 40 43 10 31 34 11 38 18 34 50 40 49 47 24 27 35 39 26 30 21 9 42 9 33 37 44 11 35 37
41 47 42 14 35 27 38 35 5 31 35 16 26 10 17 23 46 13 25 33 22 25 15 19 40 48 42 43 17 29 27 46 13 35 22 20 26 37 45 29 42 41 25 40 28 49 33 32 40 35 44 34 32 44 17 15 36 30 11 1 25 20 24 9 31 37 43 0 32 18 24 24 19 24 16 29 23 38 3 23 13 16 16 23 41 16 15 23 29 39 20 23 27 27 34 21 12 23 14 21 14 34 22 36 31 14 22 24 30 18 5 10 20 36 17 25 23 46 17 30 22 40 23 27 43 22 23 43 27 26 17 11 47 11 9 19 25 11 20 36 13 25 34 38 48 19 16 35 35 28 14
29 40 10 20 44 41 30 40 30 10 30 18 46 23 23 10 16 21 11 2 47 19 17 23 28 18 17 13 27 42 27 15 33 5 36 22 32 26 13 45 11 26 43 31 6 43 20 44 15 12 19 31 44 36 17 21 28 23 25 33 38 42 44 28 11 36 44 32 0 15 23 12 14 14 26 33 25 10 29 23 36 23 27 13 42 17 41 21 49 11 13 17 19 32 18 38 21 17 20 44 29 10 19 24 23 18 42 16 30 17 30 37 12 20 29 34 18 38 24 6 42 15 9 6 35 42 45 34 7 29 18 31 16 28 27 27 43 35 12 18 31 39 39 7 40 41 16 3 33 49 40
34 43 25 5 40 35 32 36 16 15 30 8 36 10 15 6 30 6 8 16 35 16 4 11 32 32 26 27 13 37 24 30 18 17 30 11 28 29 28 39 26 31 35 33 12 44 22 40 24 19 28 29 40 38 8 12 29 22 10 19 33 32 34 13 16 34 42 18 15 0 20 7 1 9 12 29 21 22 16 20 25 15 13 7 40 6 29 18 39 23 2 13 18 28 22 30 6 9 5 33 20 18 15 27 23 4 32 10 27 3 15 24 4 24 21 30 14 40 17 12 32 24 6 9 37 33 35 37 11 25 9 16 31 13 12 21 35 23 3 23 21 33 35 22 42 31 5 18 31 39 28
17 24 27 21 21 18 14 17 19 14 11 13 25 16 8 18 26 21 26 22 28 4 17 30 16 26 18 24 30 19 4 27 32 28 14 31 9 13 33 23 25 17 21 16 17 26 9 21 18 15 20 11 21 21 12 11 13 6 24 25 15 23 22 26 13 14 22 24 23 20 0 26 19 28 28 10 2 20 21 1 20 8 29 26 20 14 25 2 27 20 20 7 5 9 11 17 20 28 20 25 13 16 5 12 7 17 22 29 7 23 25 23 16 12 10 11 6 23 7 27 21 18 19 22 20 23 26 20 17 6 12 29 28 27 26 7 21 20 17 12 15 16 16 24 25 23 15 24 12 28 25
36 47 22 10 47 42 36 43 23 17 34 15 43 17 22 8 27 11 1 13 42 22 11 11 36 29 27 24 15 44 30 27 21 12 37 10 35 33 24 46 23 34 42 38 12 49 26 47 25 21 29 35 47 43 15 19 34 27 14 25 40 39 41 17 17 39 47 24 12 7 26 0 7 2 14 36 28 21 22 26 32 22 15 1 45 13 36 24 46 22 6 19 22 35 24 37 12 5 10 40 27 19 21 30 27 11 39 4 33 6 20 31 10 26 28 37 20 44 24 7 39 25 7 7 41 40 42 41 12 32 16 19 28 17 16 28 42 30 9 25 28 40 42 19 46 38 12 15 36 46 35
33 43 24 6 40 35 32 36 17 14 29 8 37 11 15 5 29 7 7 15 36 16 5 12 32 31 25 26 14 37 23 29 19 16 30 12 28 28 27 39 25 31 35 33 11 44 21 40 23 18 27 29 40 38 8 12 29 22 11 20 33 33 35 14 15 33 41 19 14 1 19 7 0 9 13 29 21 21 17 19 26 15 14 7 39 6 30 17 40 22 1 12 17 28 21 30 7 9 6 34 20 17 14 26 22 5 33 10 26 4 16 25 3 23 21 30 13 40 17 11 33 23 5 8 37 33 36 37 10 25 9 17 30 14 13 21 35 24 2 22 22 33 35 21 42 32 5 17 31 40 29
38 49 24 10 49 44 38 45 24 19 36 17 45 18 24 10 29 11 3 15 43 24 13 9 38 31 29 26 13 46 32 29 19 14 39 8 37 35 26 48 25 36 44 40 14 51 28 49 27 23 31 37 49 45 17 21 36 29 14 25 42 40 43 17 19 41 49 24 14 9 28 2 9 0 12 38 30 23 22 28 33 24 13 2 47 15 37 26 48 24 8 21 24 37 26 39 12 3 10 41 29 21 23 32 29 12 41 2 35 6 20 32 12 28 30 39 22 46 26 9 41 27 9 9 43 41 43 43 14 34 18 18 30 16 16 30 44 31 11 27 30 42 44 21 48 39 14 17 38 48 36
45 54 36 8 47 41 43 44 19 27 41 16 42 15 23 17 41 8 15 27 38 26 12 4 42 43 38 38 1 43 33 41 7 26 36 5 36 39 38 45 37 43 41 43 23 54 33 46 36 31 40 39 46 48 16 20 38 31 6 16 39 36 40 7 27 42 50 16 26 12 28 14 13 12 0 37 29 33 16 28 29 23 1 13 48 14 31 26 45 34 13 23 27 36 33 36 9 9 8 37 26 30 23 37 32 11 38 10 35 9 11 26 16 35 27 36 23 49 25 21 38 36 17 20 46 38 39 46 22 33 17 7 42 5 7 28 41 27 15 35 27 39 43 33 51 35 14 29 40 44 30
17 18 36 30 11 11 13 7 24 23 9 22 20 23 15 28 32 30 36 31 26 14 26 39 16 32 24 31 39 12 6 34 39 38 11 40 3 14 42 16 33 17 16 15 27 20 15 12 24 23 25 8 13 18 21 18 12 11 32 30 9 22 19 33 22 8 14 29 33 29 10 36 29 38 37 0 8 27 27 10 20 15 38 36 12 23 25 12 21 28 30 17 14 2 17 14 29 38 29 24 15 24 15 14 12 26 19 39 4 32 32 24 26 17 12 6 16 20 13 37 18 24 29 32 17 20 23 18 27 4 21 36 35 35 33 10 16 21 27 18 16 10 6 32 20 22 24 33 8 24 25
19 24 29 22 19 15 15 15 18 16 11 14 22 15 7 20 28 22 28 24 25 6 17 30 18 28 20 26 30 17 4 29 31 30 12 31 7 15 35 20 27 19 19 17 19 26 11 19 20 17 22 11 19 21 13 10 14 8 24 24 13 21 20 25 15 14 22 23 25 21 2 28 21 30 29 8 0 22 21 2 18 8 30 28 20 15 23 4 25 22 22 9 7 7 13 15 21 30 21 23 11 18 7 14 9 18 20 31 7 24 24 21 18 14 8 9 8 23 6 29 19 20 21 24 20 21 24 20 19 4 13 28 30 27 25 5 19 18 19 14 13 14 14 26 25 21 16 26 12 26 23
20 32 8 27 39 38 22 33 33 7 22 22 45 28 22 16 8 28 20 8 46 16 24 32 20 10 7 5 34 39 22 8 40 13 34 31 28 18 14 42 6 17 41 23 10 35 12 39 5 5 9 23 40 28 21 23 20 16 32 39 34 42 42 35 7 28 36 38 10 22 20 21 21 23 33 27 22 0 35 20 36 23 34 22 34 22 41 18 46 1 20 16 15 27 10 36 28 26 27 44 29 4 18 16 15 25 41 25 23 24 37 38 18 12 27 30 17 30 23 16 40 5 16 14 27 41 44 26 11 24 21 38 9 35 34 25 41 36 19 10 31 35 31 6 32 41 22 8 25 48 41
39 45 39 12 33 25 36 33 3 28 32 13 26 7 14 20 43 11 23 30 22 22 12 19 38 45 39 40 17 27 25 43 13 32 20 20 24 34 42 29 39 38 25 38 25 47 30 30 37 32 41 32 30 42 14 12 34 27 10 4 23 20 24 9 28 35 41 3 29 16 21 22 17 22 16 27 21 35 0 21 13 13 16 21 39 13 15 20 29 36 18 20 24 25 31 20 10 21 12 21 12 31 19 33 28 12 22 22 28 16 5 10 17 33 15 23 20 44 15 28 22 37 20 24 41 22 23 41 24 24 14 11 44 11 9 17 25 11 17 33 11 23 32 35 46 19 13 32 33 28 14
18 25 27 21 21 17 15 17 18 14 12 12 24 15 7 18 27 20 26 22 27 4 16 29 17 27 19 25 29 19 5 28 31 28 14 30 9 14 33 22 26 18 21 17 17 27 10 21 19 15 21 12 21 22 12 10 13 7 24 24 15 23 22 25 13 15 23 23 23 20 1 26 19 28 28 10 2 20 21 0 19 8 29 26 21 14 24 2 27 20 20 7 5 9 12 17 20 28 20 25 12 16 5 13 8 17 22 29 8 23 24 22 16 13 9 11 6 24 6 27 21 19 19 22 21 23 26 21 17 6 11 28 28 27 25 6 21 19 17 13 14 16 16 24 26 23 15 24 13 28 24
37 38 44 23 23 14 33 25 10 31 29 19 13 15 14 26 44 22 33 36 10 21 21 32 36 45 38 42 30 16 22 45 26 39 11 33 17 33 48 16 43 37 12 35 31 40 29 21 37 32 40 28 19 38 19 15 32 26 23 13 14 7 11 22 29 28 34 13 36 25 20 32 26 33 29 20 18 36 13 19 0 14 29 32 31 20 5 19 16 37 27 20 23 18 30 9 21 32 23 8 7 32 19 32 27 21 9 33 23 27 18 4 24 32 10 15 20 40 13 35 9 37 27 31 37 9 10 38 30 19 18 24 45 24 22 13 12 2 25 32 5 14 24 40 40 6 21 38 28 15 5
25 32 30 15 25 20 22 22 11 17 19 7 23 8 1 14 31 15 22 22 24 9 11 24 24 32 26 29 24 22 12 32 24 27 15 25 13 21 34 24 30 25 21 24 17 34 17 25 24 19 28 19 25 29 7 3 21 14 17 17 18 20 21 18 16 22 30 16 23 15 8 22 15 24 23 15 8 23 13 8 14 0 23 22 27 9 19 7 26 24 16 7 11 14 18 15 14 24 15 21 7 19 6 20 15 12 20 25 15 18 17 15 12 20 6 15 7 31 2 23 19 24 15 19 28 20 23 28 17 12 6 21 32 20 18 6 20 13 13 20 9 18 21 27 33 19 10 24 20 27 18
46 55 37 9 47 41 44 45 19 28 42 17 42 15 23 18 42 9 16 28 38 27 13 5 43 44 39 39 1 43 34 42 6 27 36 6 36 40 39 45 38 44 41 44 24 55 34 46 37 32 41 40 46 49 17 20 39 32 6 16 39 36 40 7 28 43 51 16 27 13 29 15 14 13 1 38 30 34 16 29 29 23 0 14 49 15 31 27 45 35 14 24 28 36 34 36 10 10 9 37 26 31 24 38 33 12 38 11 36 10 11 26 17 36 27 36 24 50 25 22 38 37 18 21 47 38 39 47 23 34 18 6 43 5 7 28 41 27 16 36 27 39 44 34 52 35 15 30 41 44 30
37 47 23 9 47 42 36 43 23 17 34 15 43 17 22 8 28 10 2 14 42 22 11 10 36 30 28 25 14 44 30 28 20 13 37 9 35 33 25 46 24 34 42 38 13 49 26 47 26 21 30 35 47 43 15 19 34 27 13 24 40 39 41 16 18 39 47 23 13 7 26 1 7 2 13 36 28 22 21 26 32 22 14 0 45 13 36 24 46 23 6 19 22 35 25 37 11 4 9 40 27 20 21 31 27 11 39 4 33 5 19 31 10 27 28 37 20 45 24 8 39 26 8 8 42 40 42 42 12 32 16 18 29 16 15 28 42 30 9 26 28 40 42 20 47 38 12 16 36 46 35
15 9 42 42 12 20 12 7 36 32 12 33 29 35 27 37 35 41 45 40 35 24 37 50 15 34 27 36 50 19 16 37 51 47 20 51 15 16 48 24 39 18 25 12 36 9 22 15 29 30 26 11 17 10 32 30 14 19 44 42 18 31 28 45 31 6 2 41 42 40 20 45 39 47 48 12 20 34 39 21 31 27 49 45 0 34 34 22 30 34 40 27 23 14 24 23 40 48 40 33 27 32 25 18 19 37 28 49 13 43 44 35 36 22 24 16 26 11 25 46 27 29 38 41 10 29 32 11 36 16 32 48 38 47 45 22 25 32 37 24 28 19 7 40 11 31 35 42 9 33 35
29 38 25 6 34 29 27 30 12 15 25 2 31 6 9 7 30 6 13 17 30 11 2 15 27 32 26 27 15 31 18 30 18 20 24 16 22 24 29 33 26 28 29 28 12 39 19 34 24 19 28 24 34 33 2 6 24 17 10 17 27 27 29 13 15 28 36 16 17 6 14 13 6 15 14 23 15 22 13 14 20 9 15 13 34 0 25 12 34 23 7 9 13 22 19 24 6 15 6 28 14 18 9 23 18 3 27 16 21 9 15 20 5 21 15 24 9 35 11 16 27 24 8 12 32 27 30 32 11 19 3 16 31 13 12 15 29 19 5 21 16 27 29 22 37 26 1 19 26 34 24
42 43 49 27 25 16 38 28 13 36 34 23 11 19 19 31 49 26 37 41 7 26 25 34 41 50 43 47 32 18 27 50 28 44 14 35 22 38 53 15 48 42 12 40 36 43 34 23 42 37 45 33 21 43 24 20 37 31 25 15 17 5 9 24 34 33 37 15 41 29 25 36 30 37 31 25 23 41 15 24 5 19 31 36 34 25 0 24 14 42 31 25 28 23 35 12 25 36 27 6 12 37 24 37 32 25 8 37 28 31 20 5 29 37 15 19 25 45 18 40 9 42 32 36 42 7 8 43 35 24 23 26 50 26 24 18 12 6 29 37 10 17 27 45 45 5 26 43 33 13 1
18 26 25 19 23 19 16 19 18 12 13 11 26 14 6 16 26 19 24 20 28 2 14 27 17 26 19 23 27 21 6 26 30 26 16 28 11 14 31 24 24 18 23 18 15 28 10 23 18 14 21 13 23 23 10 9 14 7 22 24 17 24 24 24 12 16 24 23 21 18 2 24 17 26 26 12 4 18 20 2 19 7 27 24 22 12 24 0 29 19 18 5 4 11 11 18 18 26 18 26 12 14 3 13 8 15 23 27 9 21 23 22 14 13 9 13 4 25 6 25 22 18 17 20 22 23 26 22 15 8 10 27 27 25 24 7 23 19 15 13 14 18 18 22 27 23 13 22 14 30 24
39 39 54 39 18 10 34 23 26 41 31 32 3 30 26 40 54 38 47 48 8 31 35 48 37 54 46 52 46 11 26 54 42 53 13 49 19 35 60 6 53 39 6 36 43 39 34 15 43 42 45 30 13 39 33 28 34 30 39 29 12 9 5 38 41 29 32 29 49 39 27 46 40 48 45 21 25 46 29 27 16 26 45 46 30 34 14 29 0 47 41 32 32 20 36 11 37 48 39 8 20 43 30 35 31 36 7 49 25 42 34 19 37 36 20 16 31 41 25 48 7 43 40 44 38 7 6 39 42 22 31 40 54 40 38 22 6 18 38 37 18 12 23 51 41 10 35 50 29 3 15
20 32 8 28 39 38 22 33 34 8 22 23 45 29 23 17 7 29 21 9 47 17 25 33 20 9 7 4 35 40 22 7 41 14 35 32 28 18 14 42 5 17 42 23 11 35 13 40 5 5 9 23 41 28 22 24 20 17 33 40 35 43 43 36 8 28 36 39 11 23 20 22 22 24 34 28 22 1 36 20 37 24 35 23 34 23 42 19 47 0 21 17 15 28 11 37 29 27 28 45 30 5 19 16 16 26 42 26 24 25 38 39 19 12 28 31 18 30 24 17 41 5 17 15 27 42 45 26 12 25 22 39 8 36 35 26 41 37 20 10 32 36 32 6 32 42 23 9 25 48 42
33 43 23 7 41 36 32 37 18 14 30 9 38 12 16 4 28 8 6 14 37 16 6 12 32 30 25 25 14 38 24 28 20 15 31 12 29 29 26 40 24 30 36 33 10 44 22 41 23 18 27 29 41 38 9 13 29 22 12 21 34 34 36 15 14 34 42 20 13 2 20 6 1 8 13 30 22 20 18 20 27 16 14 6 40 7 31 18 41 21 0 13 17 29 21 31 8 8 7 35 21 17 15 27 22 6 34 9 27 4 17 26 4 23 22 31 14 40 18 10 34 23 4 7 37 34 37 37 9 26 10 18 29 15 14 22 36 25 3 22 23 34 36 20 42 33 6 16 31 41 30
20 29 23 15 28 24 18 24 18 10 16 7 29 13 6 11 24 15 19 16 30 3 11 24 19 25 19 21 24 26 11 24 27 21 19 24 16 16 28 28 22 19 26 20 11 31 10 28 17 12 21 16 28 25 7 8 16 9 19 24 22 26 27 21 9 21 29 23 17 13 7 19 12 21 23 17 9 16 20 7 20 7 24 19 27 9 25 5 32 17 13 0 5 16 11 21 15 21 15 28 13 12 2 15 10 12 26 22 14 16 22 22 9 13 12 18 1 27 7 20 25 17 12 15 24 26 29 24 10 13 6 24 25 22 20 10 26 20 10 13 15 22 23 20 29 25 9 18 18 33 25
16 25 22 20 25 22 14 21 22 9 12 12 29 17 10 14 22 20 22 17 32 2 16 29 15 22 15 19 29 24 8 22 32 24 19 29 13 11 28 27 20 15 26 16 13 27 6 25 14 10 17 13 26 21 11 12 12 5 23 28 20 28 27 26 8 17 25 27 19 18 5 22 17 24 27 14 7 15 24 5 23 11 28 22 23 13 28 4 32 15 17 5 0 13 7 22 19 25 19 30 16 11 5 10 5 16 27 26 11 21 26 26 13 9 13 16 4 23 10 23 26 14 15 18 20 27 30 20 13 10 11 29 23 26 25 11 26 23 14 9 18 21 20 19 25 27 14 19 14 33 28
19 20 35 28 12 10 15 8 22 22 11 20 19 21 13 27 33 28 35 30 24 13 24 37 18 33 25 32 37 12 6 34 37 37 9 38 1 15 41 15 33 19 15 17 26 22 15 12 24 23 26 10 13 20 20 16 14 11 30 28 8 20 17 31 21 10 16 27 32 28 9 35 28 37 36 2 7 27 25 9 18 14 36 35 14 22 23 11 20 28 29 16 13 0 17 12 27 37 28 22 13 24 14 15 12 25 17 38 5 31 30 22 25 17 10 4 15 22 12 36 16 24 28 31 19 18 21 20 26 3 19 34 35 33 31 8 15 19 26 18 14 9 8 32 22 20 23 32 10 23 23
11 22 18 25 28 27 12 22 29 8 12 18 35 24 17 17 15 25 23 16 38 9 21 33 10 15 8 14 34 29 11 17 37 23 25 33 17 8 24 31 16 9 31 13 12 25 2 29 7 6 10 13 30 18 18 19 10 6 29 35 24 34 33 32 7 18 26 34 18 22 11 24 21 26 33 17 13 10 31 12 30 18 34 25 24 19 35 11 36 11 21 11 7 17 0 27 25 29 25 36 23 8 12 6 5 22 32 28 13 25 33 33 17 2 20 20 11 20 17 22 31 7 18 17 17 33 36 16 13 14 17 35 18 32 31 18 31 30 18 2 25 25 21 16 22 34 20 18 15 39 35
31 32 43 30 14 5 27 16 17 30 23 22 8 21 15 29 43 29 37 37 12 20 26 39 30 43 35 41 37 7 16 44 33 42 3 40 11 27 49 9 42 31 5 29 32 32 25 12 34 32 36 22 10 32 22 18 26 21 30 22 5 8 6 29 30 22 25 21 38 30 17 37 30 39 36 14 15 36 20 17 9 15 36 37 23 24 12 18 11 37 31 21 22 12 27 0 28 39 30 10 10 32 19 26 22 27 5 40 17 33 25 13 27 27 9 8 20 34 14 38 4 34 30 34 31 6 9 32 31 13 21 31 45 31 29 11 5 10 28 28 9 5 16 40 34 8 25 39 22 12 12
36 45 31 2 39 33 34 35 12 21 32 8 34 7 14 12 36 1 13 22 31 18 4 11 34 38 32 33 10 35 25 36 12 23 28 12 27 31 34 37 32 35 33 35 18 46 25 38 30 25 34 31 38 40 8 11 30 23 4 13 31 28 32 7 21 34 42 12 21 6 20 12 7 12 9 29 21 28 10 20 21 14 10 11 40 6 25 18 37 29 8 15 19 27 25 28 0 11 2 29 18 24 15 29 24 3 30 12 27 6 9 20 10 27 19 28 15 41 16 18 30 30 12 15 38 30 31 38 17 25 9 10 37 7 6 20 33 19 9 27 19 31 35 28 43 27 6 24 32 36 24
41 51 27 9 49 44 40 45 23 21 38 17 45 18 24 12 32 10 6 18 42 24 13 6 40 34 32 29 10 46 32 32 16 17 39 5 37 37 29 48 28 38 44 41 17 52 30 49 30 25 34 37 49 46 17 21 37 30 12 23 42 39 43 14 22 42 50 23 17 9 28 5 9 3 9 38 30 26 21 28 32 24 10 4 48 15 36 26 48 27 8 21 25 37 29 39 11 0 9 40 29 24 23 35 30 12 41 1 35 6 18 31 12 31 30 39 22 48 26 12 41 30 12 12 45 41 42 45 16 34 18 16 33 13 14 30 44 30 11 30 30 42 44 24 50 38 14 20 39 47 35
36 45 30 0 40 35 34 36 14 20 32 8 36 9 15 11 35 1 11 21 33 18 4 9 34 37 31 32 9 37 25 35 13 21 30 10 28 31 33 39 31 35 35 35 17 46 25 40 29 24 33 31 40 40 8 12 30 23 5 15 33 30 34 8 20 34 42 14 20 5 20 10 6 10 8 29 21 27 12 20 23 15 9 9 40 6 27 18 39 28 7 15 19 28 25 30 2 9 0 31 20 23 15 29 24 3 32 10 27 4 10 22 9 27 21 30 15 41 17 17 32 29 11 14 38 32 33 38 16 25 9 11 36 8 7 21 35 21 8 27 21 33 35 27 43 29 6 23 32 38 26
41 42 51 31 21 13 37 26 18 38 33 27 6 23 22 34 52 30 41 44 2 28 29 40 40 52 44 49 38 14 26 52 34 47 13 41 21 37 56 11 50 41 8 39 39 42 35 19 44 40 46 32 17 42 27 23 36 31 31 21 15 2 5 30 37 32 35 21 44 33 25 40 34 41 37 24 23 44 21 25 8 21 37 40 33 28 6 26 8 45 35 28 30 22 36 10 29 40 31 0 14 40 26 36 32 29 5 41 27 35 26 11 32 37 16 18 27 44 20 43 6 43 35 39 41 4 2 42 38 23 26 32 53 32 30 19 8 10 33 37 12 14 26 48 44 2 29 45 32 7 7
30 33 36 20 22 15 26 21 9 23 22 12 17 11 7 19 37 19 27 29 17 14 16 29 29 38 31 35 27 17 15 38 25 32 10 30 12 26 41 19 36 30 15 28 24 35 22 20 30 25 33 21 20 31 12 8 25 19 20 15 13 13 15 20 22 23 29 14 29 20 13 27 20 29 26 15 11 29 12 12 7 7 26 27 27 14 12 12 20 30 21 13 16 13 23 10 18 29 20 14 0 25 11 25 20 17 13 30 16 23 17 10 17 25 3 12 12 33 6 28 13 29 20 24 30 13 16 31 23 12 11 23 38 22 20 6 15 7 18 25 2 13 20 33 35 12 15 31 21 20 12
19 30 11 23 35 33 20 30 29 3 20 18 40 24 18 13 12 24 18 8 42 12 20 29 18 14 8 9 31 35 18 12 36 15 30 29 24 16 17 38 10 16 37 21 7 33 10 36 6 2 10 21 37 26 17 19 18 13 28 35 31 38 38 31 3 26 34 34 10 18 16 19 17 21 30 24 18 4 31 16 32 19 31 20 32 18 37 14 43 5 17 12 11 24 8 32 24 24 23 40 25 0 14 14 13 21 37 23 20 21 33 34 14 10 23 27 13 28 19 16 36 6 13 12 25 37 40 24 8 21 17 34 13 31 30 21 37 32 15 8 27 32 29 8 30 37 18 10 23 44 37
20 29 25 16 26 22 18 22 17 11 16 8 27 12 5 13 26 16 21 18 29 3 11 24 19 26 20 23 24 24 9 26 27 23 17 25 14 16 30 26 24 20 24 20 13 31 11 26 18 14 22 16 26 25 7 7 16 9 19 23 20 24 25 22 11 19 27 22 19 15 5 21 14 23 23 15 7 18 19 5 19 6 24 21 25 9 24 3 30 19 15 2 5 14 12 19 15 23 15 26 11 14 0 15 10 12 24 24 12 18 21 21 11 14 10 16 1 27 5 22 23 18 14 17 24 24 27 24 12 11 7 25 27 22 21 8 24 18 12 14 13 20 21 21 29 23 10 20 17 31 23
6 16 24 30 24 26 6 17 31 14 6 22 34 27 19 23 18 30 29 22 38 12 26 39 5 18 10 18 39 27 10 20 42 29 24 39 16 2 30 30 21 5 30 7 18 19 5 25 11 12 10 7 27 12 21 22 4 6 33 37 23 34 32 36 13 12 20 36 24 27 12 30 26 32 37 14 14 16 33 13 32 20 38 31 18 23 37 13 35 16 27 15 10 15 6 26 29 35 29 36 25 14 15 0 5 26 31 34 10 30 36 35 23 4 22 19 14 14 19 28 30 11 24 23 11 32 35 11 19 13 21 39 21 36 35 19 30 32 24 6 27 24 17 22 16 34 24 24 9 38 37
10 20 23 25 23 22 9 17 26 13 7 17 30 22 14 19 20 25 27 21 34 7 21 34 9 20 12 19 34 24 6 22 37 28 20 34 12 6 29 26 21 10 26 11 17 22 3 24 12 11 13 8 25 16 16 17 7 1 28 32 19 30 28 31 12 13 21 31 23 23 7 27 22 29 32 12 9 15 28 8 27 15 33 27 19 18 32 8 31 16 22 10 5 12 5 22 24 30 24 32 20 13 10 5 0 21 27 31 8 26 31 30 18 5 17 15 9 18 14 27 26 12 20 22 15 28 31 15 17 9 16 34 23 31 30 14 26 27 19 6 22 20 16 21 20 30 19 23 10 34 32
33 42 28 3 37 32 31 33 12 18 29 5 33 6 12 9 33 3 12 19 31 15 1 12 31 35 29 30 12 34 22 33 15 21 27 13 25 28 31 36 29 32 32 32 15 43 22 37 27 22 31 28 37 37 5 9 27 20 7 15 30 28 31 10 18 31 39 14 18 4 17 11 5 12 11 26 18 25 12 17 21 12 12 11 37 3 25 15 36 26 6 12 16 25 22 27 3 12 3 29 17 21 12 26 21 0 29 13 24 6 12 20 7 24 18 27 12 38 14 16 29 27 9 13 35 29 31 35 14 22 6 13 34 10 9 18 32 19 6 24 18 30 32 25 40 27 3 21 29 36 24
36 37 48 32 17 8 32 21 19 35 28 25 4 23 20 32 48 31 40 42 7 25 28 41 35 48 40 46 39 10 21 49 35 45 8 42 16 32 54 8 47 36 4 34 37 37 30 15 39 37 41 27 13 37 25 21 31 26 32 22 10 3 2 31 35 27 30 22 42 32 22 39 33 41 38 19 20 41 22 22 9 20 38 39 28 27 8 23 7 42 34 26 27 17 32 5 30 41 32 5 13 37 24 31 27 29 0 42 22 35 27 12 30 32 14 13 25 39 19 41 1 39 33 37 36 1 4 37 36 18 24 33 50 33 31 16 4 11 31 33 11 9 21 45 39 4 28 44 27 7 9
40 51 26 10 50 45 40 46 24 21 38 18 46 19 25 12 31 11 5 17 43 25 14 7 40 33 31 28 11 47 33 31 17 16 40 6 38 37 28 49 27 38 45 42 16 53 30 50 29 25 33 38 50 47 18 22 38 31 13 24 43 40 44 15 21 43 51 24 16 10 29 4 10 2 10 39 31 25 22 29 33 25 11 4 49 16 37 27 49 26 9 22 26 38 28 40 12 1 10 41 30 23 24 34 31 13 42 0 36 7 19 32 13 30 31 40 23 48 27 11 42 29 11 11 45 42 43 44 16 35 19 17 32 14 15 31 45 31 12 29 31 43 45 23 50 39 15 19 40 48 36
14 17 31 28 15 15 10 10 25 20 6 20 24 22 14 25 28 28 33 28 29 11 23 36 13 28 20 27 36 16 3 30 38 35 14 37 6 10 37 20 29 14 20 12 24 19 11 16 20 19 20 5 17 15 19 17 9 7 31 31 13 25 22 32 19 7 15 30 30 27 7 33 26 35 35 4 7 23 28 8 23 15 36 33 13 21 28 9 25 24 27 14 11 5 13 17 27 35 27 27 16 20 12 10 8 24 22 36 0 30 31 26 23 13 13 9 13 17 13 34 21 20 26 29 14 23 26 15 24 4 19 35 31 34 32 11 20 23 24 14 18 14 9 28 18 25 22 30 5 28 28
37 46 27 4 43 38 35 39 18 18 33 11 39 12 18 8 32 5 7 18 37 19 7 8 35 34 29 29 10 40 27 32 16 18 33 8 31 32 29 42 28 34 38 36 14 47 25 43 27 22 31 32 43 41 11 15 32 25 8 19 36 34 37 11 18 37 45 18 17 3 23 6 4 6 9 32 24 24 16 23 27 18 10 5 43 9 31 21 42 25 4 16 21 31 25 33 6 6 4 35 23 21 18 30 26 6 35 7 30 0 14 26 7 27 24 33 17 43 20 13 35 27 8 11 40 35 37 40 13 28 12 14 33 11 10 24 38 25 6 26 24 36 38 24 45 33 8 20 34 42 30
42 50 40 10 38 30 40 38 8 30 36 15 31 9 17 21 45 9 21 31 27 24 13 15 40 47 41 42 12 32 28 45 8 31 25 16 29 37 43 34 41 41 30 41 27 50 32 35 39 34 43 35 35 45 16 14 37 30 7 5 28 25 29 4 30 38 46 5 30 15 25 20 16 20 11 32 24 37 5 24 18 17 11 19 44 15 20 23 34 38 17 22 26 30 33 25 9 18 10 26 17 33 21 36 31 12 27 19 31 14 0 15 19 35 20 28 22 47 19 27 27 39 21 24 44 27 28 44 26 28 16 6 46 6 5 22 30 16 18 35 16 28 37 37 49 24 15 33 36 33 19
40 42 45 22 27 18 36 29 8 32 32 19 16 14 16 27 46 21 32 37 12 24 20 29 39 47 41 44 27 20 25 47 23 40 15 30 21 36 49 20 45 40 16 38 32 44 32 25 39 34 43 31 23 41 20 16 35 29 20 10 18 10 14 19 31 32 38 10 37 24 23 31 25 32 26 24 21 38 10 22 4 15 26 31 35 20 5 22 19 39 26 22 26 22 33 13 20 31 22 11 10 34 21 35 30 20 12 32 26 26 15 0 25 35 13 19 22 43 16 36 13 39 28 32 40 12 13 41 31 22 19 21 47 21 19 16 16 3 25 35 8 18 28 42 44 9 21 39 31 18 4
28 38 21 9 37 32 27 33 17 11 25 6 35 11 12 2 26 10 10 12 34 12 6 16 27 28 22 23 18 34 20 26 22 15 27 16 25 24 24 36 22 26 33 29 8 40 18 37 20 15 24 25 37 34 5 9 25 18 14 21 30 30 32 17 11 30 38 20 12 4 16 10 3 12 16 26 18 18 17 16 24 12 17 10 36 5 29 14 37 19 4 9 13 25 17 27 10 12 9 32 17 14 11 23 18 7 30 13 23 7 19 25 0 19 18 27 10 36 14 11 30 20 3 7 33 30 33 33 7 22 6 20 27 17 16 18 32 23 1 19 19 30 32 18 38 29 4 14 27 37 28
9 20 20 27 27 27 10 21 31 10 10 20 35 26 19 19 15 27 25 18 39 11 23 35 8 15 7 15 36 29 11 17 39 25 25 35 17 6 26 31 17 7 31 11 14 23 3 29 8 8 8 11 30 16 20 21 8 6 31 37 24 35 33 34 9 16 24 36 20 24 12 26 23 28 35 17 14 12 33 13 32 20 36 27 22 21 37 13 36 12 23 13 9 17 2 27 27 31 27 37 25 10 14 4 5 24 32 30 13 27 35 35 19 0 22 20 13 18 19 24 31 8 20 19 15 33 36 14 15 14 19 37 18 34 33 19 31 32 20 2 27 25 21 18 20 35 22 20 13 39 37
27 30 34 21 19 14 23 18 12 21 19 13 17 12 6 20 35 20 28 28 19 11 17 30 26 35 28 32 28 16 12 35 27 33 9 31 9 23 40 18 33 27 14 25 23 32 19 19 27 23 30 18 19 28 13 9 22 16 21 18 12 15 15 22 21 20 26 17 29 21 10 28 21 30 27 12 8 27 15 9 10 6 27 28 24 15 15 9 20 28 22 12 13 10 20 9 19 30 21 16 3 23 10 22 17 18 14 31 13 24 20 13 18 22 0 9 11 30 5 29 13 27 21 25 27 14 17 28 22 9 12 25 36 24 22 3 14 10 19 22 5 12 17 31 31 14 16 30 18 21 15
23 24 38 30 10 6 19 10 20 25 15 22 15 21 15 29 37 29 37 33 20 15 26 39 22 37 29 35 37 8 9 37 36 39 5 40 3 19 44 11 36 23 11 21 28 25 18 10 27 26 29 14 10 24 22 18 18 14 30 26 4 16 13 31 24 14 19 25 34 30 11 37 30 39 36 6 9 30 23 11 15 15 36 37 16 24 19 13 16 31 31 18 16 4 20 8 28 39 30 18 12 27 16 19 15 27 13 40 9 33 28 19 27 20 9 0 17 26 13 38 12 27 30 33 23 14 17 24 28 6 21 34 38 33 31 9 11 16 28 21 12 5 9 35 26 16 25 35 14 19 19
19 28 23 15 27 23 17 23 18 10 15 8 28 13 6 12 25 15 20 17 30 2 11 24 18 25 19 22 24 25 10 25 27 22 18 25 15 15 29 27 23 19 25 19 12 30 10 27 17 13 21 15 27 24 7 8 15 8 19 24 21 25 26 22 10 20 28 23 18 14 6 20 13 22 23 16 8 17 20 6 20 7 24 20 26 9 25 4 31 18 14 1 4 15 11 20 15 22 15 27 12 13 1 14 9 12 25 23 13 17 22 22 10 13 11 17 0 26 6 21 24 17 13 16 23 25 28 23 11 12 7 25 26 22 21 9 25 19 11 13 14 21 22 20 28 24 10 19 17 32 24
10 2 38 44 23 31 9 18 42 28 12 35 40 39 31 37 31 43 44 36 46 24 38 51 10 29 23 32 51 30 19 33 54 43 31 52 23 12 44 35 35 13 36 7 33 5 19 26 25 26 21 12 28 2 33 33 11 18 45 47 29 42 39 48 27 12 10 46 38 40 23 44 40 46 49 20 23 30 44 24 40 31 50 45 11 35 45 25 41 30 40 27 23 22 20 34 41 48 41 44 33 28 27 14 18 38 39 48 17 43 47 43 36 18 30 26 26 0 29 42 38 25 38 37 3 40 43 4 33 21 33 51 34 48 47 28 36 40 37 20 35 30 18 36 2 42 36 38 12 44 45
24 30 30 17 23 18 21 20 12 16 17 9 22 10 2 16 31 17 24 23 23 8 13 26 23 31 25 28 26 20 10 31 26 28 13 27 11 20 35 22 29 24 19 23 18 32 16 23 23 19 27 17 23 27 9 5 19 13 19 18 16 19 20 20 16 20 27 17 24 17 7 24 17 26 25 13 6 23 15 6 13 2 25 24 25 11 18 6 25 24 18 7 10 12 17 14 16 26 17 20 6 19 5 19 14 14 19 27 13 20 19 16 14 19 5 13 6 29 0 25 18 23 17 21 26 19 22 26 17 10 8 23 32 22 20 4 19 13 15 19 8 16 19 26 31 18 12 25 18 26 18
34 45 15 17 48 43 34 44 28 14 34 17 46 22 23 9 21 18 6 8 46 23 16 18 33 23 23 18 22 45 31 21 28 5 38 17 36 30 17 47 16 31 44 35 10 47 24 48 21 18 25 35 48 40 16 20 32 27 21 31 41 41 43 24 15 40 48 30 6 12 27 7 11 9 21 37 29 16 28 27 35 23 22 8 46 16 40 25 48 17 10 20 23 36 22 38 18 12 17 43 28 16 22 28 27 16 41 11 34 13 27 36 11 24 29 38 21 42 25 0 41 21 8 5 39 41 44 38 10 33 17 26 21 24 23 29 43 34 11 23 30 41 43 12 44 40 15 8 37 48 39
35 36 47 32 16 7 31 20 19 34 27 25 4 23 19 32 47 31 40 41 8 24 28 41 34 47 39 45 39 9 20 48 35 45 7 42 15 31 53 7 46 35 3 33 36 36 29 14 38 36 40 26 12 36 25 21 30 25 32 22 9 4 2 31 34 26 29 22 42 32 21 39 33 41 38 18 19 40 22 21 9 19 38 39 27 27 9 22 7 41 34 25 26 16 31 4 30 41 32 6 13 36 23 30 26 29 1 42 21 35 27 13 30 31 13 12 24 38 18 41 0 38 33 37 35 2 5 36 35 17 24 33 49 33 31 15 3 11 31 32 11 8 20 44 38 5 28 43 26 8 10
15 27 13 29 35 34 17 28 35 9 17 24 42 30 23 19 8 30 24 13 45 16 26 35 15 8 2 7 37 36 18 10 42 18 32 35 24 13 19 38 10 12 38 18 13 30 9 36 0 5 4 18 37 23 23 25 15 13 34 41 31 41 40 37 9 23 31 40 15 24 18 25 23 27 36 24 20 5 37 19 37 24 37 26 29 24 42 18 43 5 23 17 14 24 7 34 30 30 29 43 29 6 18 11 12 27 39 29 20 27 39 39 20 8 27 27 17 25 23 21 38 0 19 18 22 40 43 21 14 21 23 40 11 37 36 25 38 36 21 6 31 32 28 11 27 41 24 13 20 46 41
29 40 19 11 40 35 29 36 20 10 27 9 38 14 15 1 24 12 7 10 37 15 8 16 28 26 21 21 18 37 23 24 24 12 30 16 28 26 22 39 20 27 36 31 6 42 19 40 19 14 23 28 40 36 8 12 27 20 16 24 33 33 35 19 11 32 40 23 9 6 19 7 5 9 17 29 21 16 20 19 27 15 18 8 38 8 32 17 40 17 4 12 15 28 18 30 12 12 11 35 20 13 14 24 20 9 33 11 26 8 21 28 3 20 21 30 13 38 17 8 33 19 0 4 35 33 36 34 5 25 9 22 25 19 18 21 35 26 3 19 22 33 35 16 40 32 7 12 29 40 31
29 40 16 14 43 39 29 39 24 10 29 13 42 18 19 5 21 15 6 7 41 18 12 18 29 23 20 18 21 41 26 21 27 8 34 17 31 26 19 43 17 27 40 31 5 42 19 43 18 14 22 30 43 36 12 16 27 22 19 28 37 37 39 22 10 35 43 27 6 9 22 7 8 9 20 32 24 14 24 22 31 19 21 8 41 12 36 20 44 15 7 15 18 31 17 34 15 12 14 39 24 12 17 23 22 13 37 11 29 11 24 32 7 19 25 33 16 37 21 5 37 18 4 0 34 37 40 33 5 28 13 25 22 22 21 25 39 30 7 18 26 37 38 13 39 36 11 9 32 44 35
7 5 35 40 21 28 6 15 38 25 9 32 37 36 27 34 28 40 40 33 43 21 35 48 7 26 20 29 48 27 16 30 51 40 28 49 20 9 41 32 32 10 33 4 29 8 16 23 22 23 18 9 25 1 30 30 8 15 42 44 26 39 36 45 24 9 10 43 35 37 20 41 37 43 46 17 20 27 41 21 37 28 47 42 10 32 42 22 38 27 37 24 20 19 17 31 38 45 38 41 30 25 24 11 15 35 36 45 14 40 44 40 33 15 27 23 23 3 26 39 35 22 35 34 0 37 40 1 30 18 30 48 31 45 44 25 33 37 34 17 32 27 15 33 5 39 33 35 9 41 42
37 38 48 32 18 9 33 22 19 35 29 25 4 23 20 32 49 31 40 42 6 25 29 41 36 49 41 46 39 11 22 49 35 45 9 42 17 33 54 8 47 37 5 35 37 38 31 16 40 37 42 28 14 38 25 21 32 27 32 22 11 2 2 31 35 28 31 22 42 33 23 40 33 41 38 20 21 41 22 23 9 20 38 40 29 27 7 23 7 42 34 26 27 18 33 6 30 41 32 4 13 37 24 32 28 29 1 42 23 35 27 12 30 33 14 14 25 40 19 41 2 40 33 37 37 0 3 38 36 19 24 33 50 33 31 17 5 11 31 34 12 10 22 45 40 3 28 44 28 7 8
40 41 51 33 20 12 36 25 20 38 32 28 4 25 23 35 52 32 43 45 3 28 31 42 39 52 44 49 40 13 25 52 36 48 12 43 20 36 57 9 50 40 7 38 40 41 34 18 43 40 45 31 16 41 28 24 35 30 33 23 14 3 4 32 38 31 34 23 45 35 26 42 36 43 39 23 24 44 23 26 10 23 39 42 32 30 8 26 6 45 37 29 30 21 36 9 31 42 33 2 16 40 27 35 31 31 4 43 26 37 28 13 33 36 17 17 28 43 22 44 5 43 36 40 40 3 0 41 39 22 27 34 53 34 32 20 7 12 34 37 14 13 25 48 43 4 31 47 31 5 9
6 6 34 40 22 29 6 16 39 25 9 32 38 36 28 34 27 40 40 32 44 21 35 48 6 25 19 28 48 28 16 29 51 39 29 49 21 9 40 33 31 9 34 4 29 9 16 24 21 22 17 10 26 2 30 30 8 15 42 44 27 40 37 45 24 10 11 43 34 37 20 41 37 43 46 18 20 26 41 21 38 28 47 42 11 32 43 22 39 26 37 24 20 20 16 32 38 45 38 42 31 24 24 11 15 35 37 44 15 40 44 41 33 14 28 24 23 4 26 38 36 21 34 33 1 38 41 0 29 19 30 48 30 45 44 25 34 38 34 16 33 28 16 32 6 40 33 34 10 42 43
24 35 14 16 38 34 25 34 23 5 24 12 39 17 16 5 19 17 11 6 40 13 13 21 23 21 16 16 23 36 21 19 29 11 29 21 26 21 18 38 15 22 36 26 1 38 15 38 14 9 18 25 38 31 11 15 23 17 21 28 32 36 37 24 6 30 38 27 7 11 17 12 10 14 22 27 19 11 24 17 30 17 23 12 36 11 35 15 42 12 9 10 13 26 13 31 17 16 16 38 23 8 12 19 17 14 36 16 24 13 26 31 7 15 22 28 11 33 17 10 35 14 5 5 30 36 39 29 0 23 12 27 20 24 23 20 36 29 8 14 25 32 33 11 35 35 11 8 27 43 34
18 21 32 26 15 12 14 11 21 19 10 18 21 19 11 24 30 26 32 27 25 10 21 34 17 30 22 29 34 14 3 31 35 34 11 35 3 14 38 17 30 18 17 16 23 23 12 15 21 20 23 9 16 19 17 14 13 8 28 27 10 21 19 29 18 11 18 26 29 25 6 32 25 34 33 4 4 24 24 6 19 12 34 32 16 19 24 8 22 25 26 13 10 3 14 13 25 34 25 23 12 21 11 13 9 22 18 35 4 28 28 22 22 14 9 6 12 21 10 33 17 21 25 28 18 19 22 19 23 0 17 32 32 31 29 7 17 19 23 15 14 11 10 29 22 21 20 29 9 25 24
26 35 26 9 31 26 24 27 12 14 22 1 28 7 6 8 29 9 16 18 28 9 5 18 25 31 25 26 18 28 16 29 21 21 21 19 19 22 30 30 26 25 26 26 13 37 16 31 23 18 27 22 31 31 1 3 22 15 13 18 24 24 26 15 14 26 34 17 18 9 12 16 9 18 17 21 13 21 14 11 18 6 18 16 32 3 23 10 31 22 10 6 11 19 17 21 9 18 9 26 11 17 7 21 16 6 24 19 19 12 16 19 6 19 12 21 7 33 8 17 24 23 9 13 30 24 27 30 12 17 0 18 30 16 14 12 26 17 7 19 13 24 27 23 35 23 4 20 24 31 22
45 54 41 11 44 36 43 43 14 31 40 17 37 13 21 22 46 10 20 32 33 27 14 11 43 48 42 43 7 38 32 46 2 31 31 12 34 40 43 40 42 44 36 44 28 54 35 41 40 35 44 39 41 49 18 18 40 33 6 11 34 31 35 3 31 42 50 11 31 16 29 19 17 18 7 36 28 38 11 28 24 21 6 18 48 16 26 27 40 39 18 24 29 34 35 31 10 16 11 32 23 34 25 39 34 13 33 17 35 14 6 21 20 37 25 34 25 51 23 26 33 40 22 25 48 33 34 48 27 32 18 0 47 3 4 26 36 22 19 37 22 34 42 38 53 30 16 34 40 39 25
24 36 7 36 46 45 26 39 42 16 27 31 53 37 31 25 3 37 27 15 55 25 33 39 24 5 11 4 43 47 29 1 49 18 43 38 35 23 10 49 5 21 49 27 19 39 20 46 11 13 13 28 48 32 30 32 25 24 41 48 42 51 51 44 16 33 40 47 16 31 28 28 30 30 42 35 30 9 44 28 45 32 43 29 38 31 50 27 54 8 29 25 23 35 18 45 37 33 36 53 38 13 27 21 23 34 50 32 31 33 46 47 27 18 36 38 26 34 32 21 49 11 25 22 31 50 53 30 20 32 30 47 0 44 43 34 49 45 28 17 40 43 38 9 36 50 31 13 30 56 50
43 52 38 8 43 36 41 41 14 28 39 15 37 12 20 19 43 7 18 29 33 25 11 9 41 45 39 40 6 38 31 43 5 29 31 10 33 38 40 40 39 42 36 42 25 53 32 41 37 32 41 38 41 47 15 17 37 30 3 11 34 31 35 2 28 41 49 11 28 13 27 17 14 16 5 35 27 35 11 27 24 20 5 16 47 13 26 25 40 36 15 22 26 33 32 31 7 13 8 32 22 31 22 36 31 10 33 14 34 11 6 21 17 34 24 33 22 48 22 24 33 37 19 22 45 33 34 45 24 31 16 3 44 0 2 25 36 22 16 34 22 34 41 35 50 30 13 31 39 39 25
41 50 37 7 41 34 39 39 12 27 37 13 35 10 18 18 42 6 17 28 31 23 10 10 39 44 38 39 8 36 29 42 6 28 29 11 31 36 39 38 38 40 34 40 24 51 31 39 36 31 40 36 39 45 14 15 36 29 2 10 32 29 33 1 27 39 47 9 27 12 26 16 13 16 7 33 25 34 9 25 22 18 7 15 45 12 24 24 38 35 14 20 25 31 31 29 6 14 7 30 20 30 21 35 30 9 31 15 32 10 5 19 16 33 22 31 21 47 20 23 31 36 18 21 44 31 32 44 23 29 14 4 43 2 0 23 34 20 15 33 20 32 39 34 49 28 12 30 37 37 23
24 28 32 21 19 14 20 16 14 19 16 13 19 13 6 20 33 21 28 26 21 9 17 30 23 33 25 30 29 16 9 33 29 31 9 31 8 20 38 18 31 24 16 22 21 30 16 19 25 21 27 16 19 26 13 9 19 13 22 20 12 17 17 23 19 18 24 19 27 21 7 28 21 30 28 10 5 25 17 6 13 6 28 28 22 15 18 7 22 26 22 10 11 8 18 11 20 30 21 19 6 21 8 19 14 18 16 31 11 24 22 16 18 19 3 9 9 28 4 29 15 25 21 25 25 17 20 25 20 7 12 26 34 25 23 0 16 13 19 19 8 12 16 29 29 17 16 28 16 23 18
33 34 48 35 13 5 29 18 22 35 25 27 4 26 20 34 47 34 42 42 10 25 31 44 32 47 39 45 42 6 20 48 38 47 7 45 14 30 54 4 46 33 0 31 37 34 29 11 38 36 40 24 9 34 27 23 28 25 35 25 7 7 3 34 34 24 27 25 43 35 21 42 35 44 41 16 19 41 25 21 12 20 41 42 25 29 12 23 6 41 36 26 26 15 31 5 33 44 35 8 15 37 24 30 26 32 4 45 20 38 30 16 32 31 14 11 25 36 19 43 3 38 35 39 33 5 7 34 36 17 26 36 49 36 34 16 0 14 33 32 14 6 18 45 36 8 30 44 24 8 13
37 39 43 21 24 15 33 26 8 29 29 17 15 13 14 25 44 20 31 35 12 21 19 30 36 44 38 41 28 17 22 44 24 38 12 31 18 33 47 18 42 37 14 35 30 41 29 22 36 32 40 28 20 38 18 14 32 26 21 12 15 9 13 20 29 29 35 11 35 23 20 30 24 31 27 21 18 36 11 19 2 13 27 30 32 19 6 19 18 37 25 20 23 19 30 10 19 30 21 10 7 32 18 32 27 19 11 31 23 25 16 3 23 32 10 16 19 40 13 34 11 36 26 30 37 11 12 38 29 19 17 22 45 22 20 13 14 0 23 32 5 15 25 39 41 8 20 37 28 17 5
29 39 22 8 38 33 28 34 17 12 26 6 35 11 13 3 27 9 9 13 35 13 5 14 28 29 23 24 16 35 21 27 21 15 28 14 26 25 25 37 23 27 33 30 9 41 19 38 21 16 25 26 38 35 6 10 26 19 13 21 31 31 33 16 12 31 39 20 12 3 17 9 2 11 15 27 19 19 17 17 25 13 16 9 37 5 29 15 38 20 3 10 14 26 18 28 9 11 8 33 18 15 12 24 19 6 31 12 24 6 18 25 1 20 19 28 11 37 15 11 31 21 3 7 34 31 34 34 8 23 7 19 28 16 15 19 33 23 0 20 20 31 33 19 39 30 4 15 28 38 28
11 22 18 27 29 28 12 23 31 9 12 20 36 26 19 18 14 27 24 16 40 11 23 34 10 14 6 13 36 30 12 16 39 23 26 34 18 8 24 32 15 8 32 13 13 25 3 30 6 6 8 13 31 18 19 21 10 7 31 37 25 36 34 34 8 18 26 36 18 23 12 25 22 27 35 18 14 10 33 13 32 20 36 26 24 21 37 13 37 10 22 13 9 18 2 28 27 30 27 37 25 8 14 6 6 24 33 29 14 26 35 35 19 2 22 21 13 20 19 23 32 6 19 18 17 34 37 16 14 15 19 37 17 34 33 19 32 32 20 0 27 26 22 16 22 35 21 18 15 40 37
32 34 38 21 21 14 28 22 8 24 24 14 15 12 9 21 39 20 29 31 15 16 17 30 31 39 33 36 28 16 17 39 24 34 9 31 13 28 43 18 37 32 14 30 26 36 24 19 31 27 35 23 19 33 14 10 27 21 21 14 12 11 13 20 24 24 30 13 31 21 15 28 22 30 27 16 13 31 11 14 5 9 27 28 28 16 10 14 18 32 23 15 18 14 25 9 19 30 21 12 2 27 13 27 22 18 11 31 18 24 16 8 19 27 5 12 14 35 8 30 11 31 22 26 32 12 14 33 25 14 13 22 40 22 20 8 14 5 20 27 0 12 21 34 36 10 17 33 23 18 10
27 28 43 33 9 2 23 12 20 30 19 25 10 24 18 32 42 32 40 38 16 20 29 42 26 42 34 40 40 4 14 42 36 43 3 43 8 24 49 7 41 27 6 25 33 28 23 8 32 31 34 18 7 28 25 21 22 19 33 26 1 12 9 32 29 18 21 25 39 33 16 40 33 42 39 10 14 35 23 16 14 18 39 40 19 27 17 18 12 36 34 22 21 9 25 5 31 42 33 14 13 32 20 24 20 30 9 43 14 36 28 18 30 25 12 5 21 30 16 41 8 32 33 37 27 10 13 28 32 11 24 34 43 34 32 12 6 15 31 26 12 0 12 40 30 12 28 40 18 14 17
17 16 39 36 7 13 13 1 29 29 11 28 22 29 21 34 36 36 42 37 28 20 31 44 16 35 27 35 44 12 12 37 45 44 13 45 8 16 45 17 37 19 18 14 33 16 19 9 28 27 27 10 11 16 27 24 14 16 38 35 11 24 21 39 28 6 9 34 39 35 16 42 35 44 43 6 14 31 32 16 24 21 44 42 7 29 27 18 23 32 36 23 20 8 21 16 35 44 35 26 20 29 21 17 16 32 21 45 9 38 37 28 32 21 17 9 22 18 19 43 20 28 35 38 15 22 25 16 33 10 27 42 38 41 39 16 18 25 33 22 21 12 0 37 18 24 30 39 8 26 28
26 38 3 27 43 41 28 38 34 10 28 23 48 28 26 16 9 28 18 6 50 20 24 30 26 11 13 6 34 43 26 8 40 9 38 29 32 24 9 46 4 23 45 29 10 41 18 44 11 10 15 29 45 34 22 26 26 21 32 39 39 46 46 35 11 34 42 38 7 22 24 19 21 21 33 32 26 6 35 24 40 27 34 20 40 22 45 22 51 6 20 20 19 32 16 40 28 24 27 48 33 8 21 22 21 25 45 23 28 24 37 42 18 18 31 35 20 36 26 12 44 11 16 13 33 45 48 32 11 29 23 38 9 35 34 29 45 39 19 16 34 40 37 0 38 44 22 4 31 52 44
12 2 40 45 23 31 11 18 43 30 14 37 40 41 32 39 33 45 45 38 46 26 40 53 12 31 25 34 53 30 21 35 56 45 31 54 23 14 46 35 37 15 36 9 34 3 21 26 27 28 23 14 28 4 35 35 13 20 47 49 29 42 39 50 29 12 9 48 40 42 25 46 42 48 51 20 25 32 46 26 40 33 52 47 11 37 45 27 41 32 42 29 25 22 22 34 43 50 43 44 35 30 29 16 20 40 39 50 18 45 49 44 38 20 31 26 28 2 31 44 38 27 40 39 5 40 43 6 35 22 35 53 36 50 49 29 36 41 39 22 36 30 18 38 0 42 38 40 13 44 45
39 40 48 29 21 12 35 24 16 34 31 24 7 21 19 31 49 28 39 41 4 25 27 38 38 49 41 46 36 14 24 49 32 44 11 39 19 35 53 11 47 39 8 37 36 40 32 19 41 37 43 30 17 40 24 20 34 29 29 19 13 1 5 28 34 30 33 19 41 31 23 38 32 39 35 22 21 41 19 23 6 19 35 38 31 26 5 23 10 42 33 25 27 20 34 8 27 38 29 2 12 37 23 34 30 27 4 39 25 33 24 9 29 35 14 16 24 42 18 40 5 41 32 36 39 3 4 40 35 21 23 30 50 30 28 17 8 8 30 35 10 12 24 44 42 0 27 43 30 9 5
29 38 25 6 35 30 27 31 13 15 25 3 32 7 10 6 30 6 12 16 31 12 2 15 28 32 26 27 15 32 19 30 18 19 25 16 23 25 28 34 26 28 30 29 12 40 19 35 24 19 28 25 35 34 3 7 25 18 10 17 28 28 30 13 15 29 37 16 16 5 15 12 5 14 14 24 16 22 13 15 21 10 15 12 35 1 26 13 35 23 6 9 14 23 20 25 6 14 6 29 15 18 10 24 19 3 28 15 22 8 15 21 4 22 16 25 10 36 12 15 28 24 7 11 33 28 31 33 11 20 4 16 31 13 12 16 30 20 4 21 17 28 30 22 38 27 0 18 27 35 25
28 40 7 23 44 42 30 40 32 10 30 20 48 25 24 12 13 24 14 2 48 20 20 26 28 15 15 10 30 43 27 12 36 5 38 25 33 26 10 47 8 25 45 31 7 43 20 45 13 12 17 31 45 36 19 23 28 23 28 36 39 44 45 31 11 36 44 35 3 18 24 15 17 17 29 33 26 8 32 24 38 24 30 16 42 19 43 22 50 9 16 18 19 32 18 39 24 20 23 45 31 10 20 24 23 21 44 19 30 20 33 39 14 20 30 35 19 38 25 8 43 13 12 9 35 44 47 34 8 29 20 34 13 31 30 28 44 37 15 18 33 40 39 4 40 43 18 0 33 51 42
9 12 33 33 15 19 5 9 30 23 3 25 28 27 19 28 27 33 36 31 34 15 28 41 8 27 19 27 41 19 8 29 43 38 19 42 11 8 39 24 30 11 24 7 27 14 13 17 20 21 19 2 19 10 24 22 6 10 36 36 17 30 27 37 22 3 11 35 33 31 12 36 31 38 40 8 12 25 33 13 28 20 41 36 9 26 33 14 29 25 31 18 14 10 15 22 32 39 32 32 21 23 17 9 10 29 27 40 5 34 36 31 27 13 18 14 17 12 18 37 26 20 29 32 9 28 31 10 27 9 24 40 30 39 37 16 24 28 28 15 23 18 8 31 13 30 27 33 0 32 33
41 42 55 38 21 13 37 26 25 42 33 32 4 30 27 39 55 37 47 49 6 32 35 47 40 55 47 53 45 14 28 56 41 52 14 48 22 38 61 9 54 41 8 39 44 42 37 18 46 44 48 32 16 42 32 28 36 33 38 28 15 8 6 37 42 32 35 28 49 39 28 46 40 48 44 24 26 48 28 28 15 27 44 46 33 34 13 30 3 48 41 33 33 23 39 12 36 47 38 7 20 44 31 38 34 36 7 48 28 42 33 18 37 39 21 19 32 44 26 48 8 46 40 44 41 7 5 42 43 25 31 39 56 39 37 23 8 17 38 40 18 14 26 52 44 9 35 51 32 0 14
42 43 48 26 26 17 38 28 12 34 34 22 12 18 19 30 49 25 36 40 8 26 24 33 41 49 43 46 31 19 27 49 27 43 15 34 22 38 52 16 47 42 13 40 35 44 34 24 41 37 45 33 22 43 23 19 37 31 24 14 17 6 10 23 34 33 37 14 40 28 25 35 29 36 30 25 23 41 14 24 5 18 30 35 35 24 1 24 15 42 30 25 28 23 35 12 24 35 26 7 12 37 23 37 32 24 9 36 28 30 19 4 28 37 15 19 24 45 18 39 10 41 31 35 42 8 9 43 34 24 22 25 50 25 23 18 13 5 28 37 10 17 28 44 45 5 25 42 33 14 0
0         1031     
500       618      
698       821      
234       356      
50        160      
65        173      
20        140      
28        154      
252       366      
559       688      
10        142      
126       242      
307       444      
241       356      
119       230      
130       256      
625       742      
159       270      
209       345      
722       828      
301       411      
0         107      
121       237      
175       307      
2         133      
646       749      
639       760      
636       752      
179       292      
61        168      
0         94       
705       820      
187       317      
859       978      
73        191      
216       328      
453       578      
0         73       
755       875      
330       446      
620       750      
0         53       
321       430      
511       626      
597       734      
500       607      
0         80       
462       588      
652       767      
666       789      
650       776      
78        211      
56        159      
504       615      
125       229      
113       227      
9         131      
0         73       
157       278      
264       388      
56        176      
295       418      
308       431      
158       290      
568       695      
20        137      
487       601      
390       509      
613       730      
140       261      
0         106      
223       341      
587       714      
210       337      
182       290      
84        193      
0         84       
660       777      
245       376      
0         85       
281       409      
375       489      
179       306      
736       849      
38        141      
117       243      
283       420      
0         97       
331       441      
677       802      
136       264      
0         105      
0         76       
81        188      
675       793      
428       540      
152       280      
227       348      
146       282      
291       408      
361       489      
569       702      
0         113      
0         62       
7         109      
155       264      
300       424      
205       326      
76        197      
232       342      
263       390      
282       398      
126       247      
0         72       
374       492      
70        199      
565       668      
497       623      
100       226      
715       840      
331       454      
674       783      
589       715      
591       711      
910       1024     
315       430      
339       451      
512       629      
576       703      
99        217      
110       246      
176       278      
640       745      
161       284      
179       289      
97        225      
340       454      
367       484      
130       259      
790       895      
393       498      
59        189      
536       665      
622       732      
509       643      
352       478      
135       253      
607       733      
19        138      
435       555      
824       928      
