151
0 7 36 23 37 19 23 6 13 27 31 20 39 37 34 19 9 20 38 16 12 20 35 9 15 8 22 13 5 13 8 11 17 26 17 40 21 33 15 35 3 26 37 37 17 17 19 25 15 12 39 20 23 8 16 34 22 32 23 26 14 31 35 32 2 11 18 13 20 24 28 27 33 35 6 33 27 22 7 25 24 22 4 20 17 25 23 23 22 17 32 33 16 14 16 25 34 11 14 34 33 16 36 25 23 20 36 26 36 8 15 19 5 29 9 30 25 7 23 28 35 20 39 25 14 13 16 19 33 12 19 3 25 34 26 12 24 13 25 30 8 10 25 34 8 25 36 3 6 21 7
7 0 42 29 40 25 30 9 20 23 37 16 43 43 40 26 3 26 41 19 19 24 38 15 20 14 29 8 12 8 10 17 13 29 13 44 16 36 11 38 10 33 40 44 24 20 25 21 22 9 42 27 29 13 22 40 27 37 30 32 15 37 42 35 9 16 22 16 16 28 29 33 39 39 4 40 31 24 12 31 27 23 11 21 23 21 29 30 29 23 39 39 17 8 12 31 41 7 16 38 36 18 39 28 28 25 43 30 43 3 22 24 7 36 16 36 31 14 30 34 40 20 42 26 14 18 23 24 39 5 25 10 26 41 32 5 31 9 21 37 8 8 29 41 4 32 43 9 12 28 10
36 42 0 16 26 17 14 34 27 46 5 48 22 3 11 23 45 16 32 30 25 38 32 27 25 34 14 46 31 45 33 25 45 30 47 25 52 28 42 34 33 15 33 9 20 43 19 45 26 48 31 16 14 29 20 5 32 18 21 11 46 6 7 35 34 27 26 41 46 24 38 10 5 26 42 7 27 48 30 11 28 39 34 34 19 46 13 23 19 21 12 8 48 47 45 16 4 40 30 28 35 30 33 28 21 23 7 24 7 41 25 34 40 10 31 12 11 30 21 14 21 36 32 34 48 34 20 35 12 46 31 34 34 9 10 45 20 40 53 11 35 37 25 14 40 25 10 36 30 16 41
23 29 16 0 18 8 12 20 19 30 11 32 17 15 11 19 32 4 22 14 15 32 22 14 9 23 11 31 18 30 19 12 29 17 32 19 36 18 26 24 20 18 23 21 13 34 4 29 20 35 23 9 2 16 7 12 29 10 21 5 35 10 19 23 21 13 10 31 31 11 24 6 11 17 29 18 15 39 17 6 14 23 21 18 9 30 6 23 18 6 21 10 37 33 29 2 16 26 14 18 24 15 23 15 6 8 19 12 19 28 18 28 27 16 21 7 6 18 21 5 14 20 23 20 35 25 11 29 10 33 26 21 20 20 10 32 21 26 38 18 22 23 12 24 27 25 21 23 17 13 28
37 40 26 18 0 26 29 31 37 30 25 38 5 23 15 37 43 22 6 21 33 50 8 29 21 39 28 41 34 40 30 26 37 13 40 4 44 5 35 10 34 34 7 35 31 51 19 31 38 48 5 27 20 28 24 21 47 8 39 21 49 22 33 12 35 25 17 46 37 11 19 21 22 1 41 33 10 56 29 22 14 24 36 22 27 32 23 41 35 20 37 18 51 43 38 16 30 36 23 3 12 22 7 13 14 16 33 9 33 38 36 46 41 32 38 15 22 34 38 14 5 24 6 18 50 42 29 47 14 43 44 35 18 35 26 42 38 35 43 34 32 33 10 40 37 42 36 37 31 30 42
19 25 17 8 26 0 5 18 11 34 12 33 25 18 17 11 28 4 30 18 8 24 29 10 12 17 4 30 14 29 19 10 30 24 32 27 37 26 28 31 16 11 31 19 5 27 8 33 12 31 31 2 6 15 5 15 21 18 14 7 29 12 17 30 17 13 15 24 32 18 30 8 14 25 25 15 22 32 15 6 21 27 17 23 2 33 4 16 11 9 16 14 31 31 30 10 15 25 17 26 31 18 31 22 13 14 18 19 18 25 10 20 23 11 14 13 6 13 14 12 22 24 31 26 31 18 3 21 16 30 18 17 26 16 7 29 14 26 39 13 20 22 19 18 25 18 18 19 13 6 24
23 30 14 12 29 5 0 23 13 39 9 38 27 15 17 9 32 9 34 23 11 24 34 15 17 20 1 35 17 34 24 15 35 29 37 30 42 30 33 36 19 6 35 14 6 29 13 38 12 34 34 3 10 20 10 13 19 21 10 7 32 10 13 35 20 18 20 27 37 23 35 8 12 28 28 11 27 34 20 6 26 32 20 28 6 38 6 12 7 14 11 14 34 36 35 14 12 30 22 30 36 23 35 27 18 19 13 24 13 30 11 20 26 7 17 14 6 16 10 14 24 29 34 31 34 20 6 21 16 35 17 20 31 12 4 34 9 31 44 8 25 27 24 13 30 14 14 22 18 2 27
6 9 34 20 31 18 23 0 17 21 29 15 34 34 31 22 12 17 32 10 14 26 29 8 11 14 22 11 9 10 2 8 12 20 14 35 18 27 9 29 8 28 31 37 19 23 16 19 19 16 33 20 20 4 13 31 28 28 26 23 20 28 35 26 7 7 13 19 14 19 22 24 30 30 10 33 22 28 3 22 18 16 10 14 16 19 20 27 24 14 34 30 22 13 12 22 33 7 8 29 27 10 30 19 19 16 36 21 36 8 18 25 11 29 15 27 22 11 26 25 31 14 33 19 20 19 17 25 30 13 25 9 19 34 25 12 27 7 21 31 2 4 20 36 7 28 36 9 5 22 13
13 20 27 19 37 11 13 17 0 38 22 32 36 28 28 6 22 15 40 24 4 13 39 11 18 7 13 26 8 26 19 13 29 32 30 38 34 36 26 40 10 14 41 26 7 16 17 36 2 21 42 12 17 16 12 26 11 29 10 18 19 23 25 38 11 17 22 14 31 27 37 19 25 36 17 23 31 21 15 17 28 33 9 29 10 36 15 10 9 17 20 25 21 27 29 21 25 24 22 37 38 24 40 29 22 22 26 28 26 21 2 10 14 19 4 24 17 6 10 23 33 30 41 33 21 7 8 10 27 25 8 10 33 23 17 25 11 24 38 19 19 21 28 21 21 12 25 11 12 11 14
27 23 46 30 30 34 39 21 38 0 41 9 35 45 37 42 25 31 27 16 34 47 24 27 22 35 38 17 30 17 19 26 11 18 12 34 15 25 12 23 29 45 27 51 37 43 27 2 40 32 31 36 32 22 29 41 49 31 46 35 38 40 49 19 28 22 20 39 9 22 11 36 41 29 27 48 21 47 23 36 18 7 31 11 33 2 35 47 43 25 50 38 40 18 12 30 46 16 17 27 20 16 26 18 25 22 49 23 49 20 39 46 30 45 36 34 36 32 46 32 32 10 30 13 37 40 35 46 36 21 46 30 13 50 40 20 46 14 13 47 19 17 22 52 19 49 51 30 26 39 33
31 37 5 11 25 12 9 29 22 41 0 43 21 6 10 18 40 11 31 25 20 33 31 22 20 29 9 40 26 39 28 20 40 27 42 24 47 27 37 33 28 12 32 10 15 38 15 40 21 43 30 11 10 24 15 4 28 17 18 6 41 3 8 32 29 22 21 36 41 21 35 5 3 25 37 8 24 43 25 6 25 34 29 29 14 41 8 20 15 16 12 7 43 42 40 12 5 35 25 27 33 26 32 25 17 19 8 21 8 36 20 29 35 7 26 10 6 25 18 11 20 31 31 31 43 29 15 30 11 41 26 29 31 10 5 40 17 35 48 9 30 32 22 15 35 22 11 31 25 11 36
20 16 48 32 38 33 38 15 32 9 43 0 42 47 41 37 16 31 35 18 29 40 32 23 22 28 37 8 24 8 14 23 3 25 3 42 6 33 5 31 22 43 35 52 34 36 27 8 34 23 39 35 32 18 28 43 42 36 41 36 31 40 50 27 21 20 22 32 1 27 19 37 42 37 20 48 28 40 18 36 24 14 24 16 31 7 35 42 39 25 49 41 33 9 4 32 48 9 17 35 28 17 34 25 28 25 50 29 50 13 33 39 23 44 29 37 36 26 41 35 39 14 38 20 29 33 32 39 39 12 39 23 20 49 40 12 42 7 7 46 12 10 28 51 12 43 51 23 20 37 26
39 43 22 17 5 25 27 34 36 35 21 42 0 19 11 36 46 21 11 25 32 49 13 31 23 40 26 45 35 44 33 28 41 17 44 3 48 10 39 15 36 32 12 31 30 51 20 35 37 50 9 26 19 30 24 17 46 7 37 19 51 18 29 17 37 27 21 48 41 15 24 19 18 6 43 29 14 56 31 20 18 28 38 26 26 36 22 39 33 22 33 14 53 47 42 15 26 40 27 8 17 26 12 17 16 18 29 13 29 42 35 45 43 28 38 13 20 35 36 13 3 28 10 22 52 42 28 46 10 47 43 37 22 31 23 46 36 39 47 30 36 37 14 36 41 40 32 39 33 28 44
37 43 3 15 23 18 15 34 28 45 6 47 19 0 8 24 46 17 29 29 26 39 29 28 24 35 15 45 32 44 34 26 44 28 47 22 51 25 41 31 34 17 30 12 21 44 19 44 27 49 28 17 14 30 21 3 34 15 23 11 47 6 10 32 35 27 25 42 46 22 36 10 4 23 43 10 25 49 31 12 26 37 35 33 20 45 14 25 21 21 15 6 49 47 44 14 7 40 29 25 32 30 30 26 19 21 10 22 10 42 26 35 41 12 32 10 12 31 23 12 18 34 29 32 49 35 21 36 9 47 32 35 32 12 11 46 22 40 53 14 36 37 23 17 41 27 13 37 31 17 42
34 40 11 11 15 17 17 31 28 37 10 41 11 8 0 26 43 14 21 23 24 41 21 25 20 33 16 42 29 41 30 23 39 20 42 14 46 17 37 23 31 21 22 20 21 44 15 37 28 46 20 16 11 27 18 6 36 7 27 10 45 7 18 24 32 24 19 40 40 15 28 9 7 15 40 18 17 49 28 11 19 30 32 26 18 38 13 29 24 17 22 3 47 44 40 9 15 37 24 17 24 24 22 19 12 15 18 14 18 39 26 36 38 17 30 4 11 28 27 6 10 28 21 25 46 34 20 37 1 44 34 32 25 20 13 43 26 36 47 19 33 34 15 25 38 31 21 34 28 18 39
19 26 23 19 37 11 9 22 6 42 18 37 36 24 26 0 28 15 41 28 8 15 40 15 22 13 9 32 14 32 24 17 34 35 36 38 40 37 31 42 16 9 42 21 6 21 19 40 4 27 42 10 17 20 15 22 10 29 4 16 24 19 20 41 17 21 26 19 36 29 41 16 21 36 23 18 33 25 20 14 32 37 15 33 11 40 14 5 4 20 15 22 26 33 34 21 20 29 26 37 42 28 42 33 24 25 21 30 21 27 4 11 20 14 10 22 14 12 4 22 32 34 42 37 26 12 9 12 25 31 8 16 37 18 13 31 5 29 43 14 24 26 30 16 27 7 20 17 17 7 20
9 3 45 32 43 28 32 12 22 25 40 16 46 46 43 28 0 29 43 22 21 24 40 18 23 15 31 8 14 8 13 20 13 32 13 47 16 39 13 41 12 35 43 46 26 20 28 23 24 7 45 29 32 16 25 43 29 40 32 35 15 40 44 37 11 19 25 16 16 31 31 36 42 42 5 42 34 24 15 34 29 25 13 23 26 22 32 32 31 26 41 42 17 7 12 34 43 9 19 40 38 21 42 30 31 28 45 33 45 5 24 25 8 38 18 39 34 16 32 37 43 22 44 28 13 19 25 24 42 4 26 12 28 43 35 4 33 11 21 39 10 10 32 43 6 34 45 11 15 30 10
20 26 16 4 22 4 9 17 15 31 11 31 21 17 14 15 29 0 26 14 11 28 25 11 8 19 8 28 15 27 17 9 28 20 31 23 35 22 25 27 17 15 27 21 9 30 4 29 16 32 27 6 3 13 4 14 25 14 18 6 31 11 19 26 18 11 11 27 30 14 26 7 13 21 26 18 18 35 14 5 17 23 18 19 5 30 4 20 15 5 20 13 33 30 28 6 16 24 13 22 27 14 27 18 9 10 19 15 19 25 14 24 24 15 17 10 5 14 18 9 18 20 27 22 32 21 7 25 13 30 22 18 22 19 9 29 18 24 37 17 19 21 15 22 24 22 21 20 14 10 25
38 41 32 22 6 30 34 32 40 27 31 35 11 29 21 41 43 26 0 21 36 53 3 31 23 41 33 39 36 38 30 28 34 11 37 9 41 4 32 4 36 40 1 41 35 53 22 28 41 48 4 31 24 29 27 27 50 14 43 27 51 28 39 8 36 26 18 48 34 13 16 27 28 6 42 39 9 58 30 28 13 21 38 20 30 29 28 45 40 23 43 24 53 40 35 20 36 35 23 4 7 21 1 12 17 17 39 11 39 38 39 49 42 38 40 21 28 36 43 20 11 21 3 15 52 44 32 50 20 42 47 37 15 41 32 41 43 33 40 40 32 32 11 46 36 47 42 38 32 35 43
16 19 30 14 21 18 23 10 24 16 25 18 25 29 23 28 22 14 21 0 20 34 18 13 6 22 22 20 16 19 8 11 16 10 19 25 23 17 14 19 16 29 21 35 22 33 11 15 26 26 23 20 16 8 13 26 35 19 31 19 30 24 33 16 15 7 4 28 17 10 13 20 25 20 20 32 12 38 9 19 8 9 17 5 17 16 18 33 28 9 34 23 32 22 17 14 30 15 2 19 17 1 20 9 10 7 33 12 33 17 25 32 21 29 22 19 19 18 31 17 22 6 23 9 30 26 19 32 21 22 32 17 9 33 23 21 31 14 24 31 11 12 11 36 16 35 35 17 12 23 22
12 19 25 15 33 8 11 14 4 34 20 29 32 26 24 8 21 11 36 20 0 17 35 7 14 9 11 25 7 24 16 9 26 27 28 34 32 32 23 36 9 14 37 25 5 19 13 32 6 23 38 9 13 12 8 23 15 25 12 15 21 20 23 33 10 13 18 16 28 23 33 16 22 32 17 21 26 24 12 14 24 29 9 25 6 32 12 13 10 13 20 22 23 26 26 17 23 21 18 33 34 20 36 25 18 18 24 24 24 20 5 14 15 17 6 20 14 5 12 19 29 26 37 29 23 10 5 14 23 24 12 9 29 22 15 24 13 21 35 18 16 18 24 22 20 15 24 11 9 9 16
20 24 38 32 50 24 24 26 13 47 33 40 49 39 41 15 24 28 53 34 17 0 52 21 29 12 24 32 17 32 28 23 37 43 37 51 40 48 35 52 18 24 53 36 19 7 30 45 13 19 54 24 30 25 25 37 7 42 18 31 12 34 35 49 19 27 33 8 40 39 47 31 36 49 20 33 42 10 24 29 39 42 16 38 23 45 28 16 19 29 30 37 12 31 36 34 35 31 31 49 49 33 52 40 35 34 36 41 36 27 14 4 17 29 12 37 29 15 18 36 46 39 54 42 14 7 21 3 40 28 7 17 42 33 28 28 19 33 45 29 28 30 40 30 28 16 35 17 21 22 14
35 38 32 22 8 29 34 29 39 24 31 32 13 29 21 40 40 25 3 18 35 52 0 30 21 40 33 36 34 35 26 26 31 8 34 12 38 4 29 2 34 40 3 41 34 51 21 25 40 44 7 31 24 26 26 27 49 14 43 27 48 28 39 5 33 24 17 46 31 11 13 27 28 7 38 39 8 56 27 28 10 18 35 17 29 26 28 45 40 21 43 24 50 37 32 20 36 32 20 5 4 18 2 9 16 16 39 10 39 35 38 48 39 38 38 21 28 34 43 20 12 18 6 12 48 42 31 48 20 39 46 35 12 41 32 38 43 30 37 40 29 29 10 46 33 47 42 35 30 35 40
9 15 27 14 29 10 15 8 11 27 22 23 31 28 25 15 18 11 31 13 7 21 30 0 7 10 14 19 5 18 9 2 20 21 22 32 26 26 17 30 6 19 31 29 11 22 10 25 13 21 32 11 14 5 7 25 22 23 19 17 21 22 27 27 7 6 11 18 22 17 26 18 24 28 15 25 20 27 5 16 17 22 8 18 8 25 14 20 17 8 25 24 23 21 20 16 25 15 11 27 27 13 30 18 14 12 28 19 28 15 12 19 13 21 9 21 16 5 19 19 27 19 32 22 22 13 9 19 24 20 19 7 22 26 17 19 20 15 29 23 10 12 18 27 15 22 28 9 3 14 14
15 20 25 9 21 12 17 11 18 22 20 22 23 24 20 22 23 8 23 6 14 29 21 7 0 17 16 22 12 21 10 5 19 13 22 24 26 19 17 22 13 23 24 29 16 29 5 21 20 27 25 14 10 7 7 21 29 17 25 14 28 18 27 19 14 4 4 25 21 10 19 15 20 20 20 26 13 34 8 13 10 15 15 11 11 21 12 27 22 3 28 19 30 24 20 11 24 17 5 20 20 6 23 11 8 5 27 12 27 19 19 26 20 23 16 16 13 12 25 14 20 12 25 15 29 20 13 26 19 24 26 14 15 27 17 23 25 17 28 25 13 14 11 30 18 29 29 16 10 17 21
8 14 34 23 39 17 20 14 7 35 29 28 40 35 33 13 15 19 41 22 9 12 40 10 17 0 20 21 5 21 16 12 25 30 25 41 29 36 23 39 6 21 41 33 14 12 20 33 9 14 42 18 22 13 16 32 14 33 17 24 12 29 32 36 7 15 21 8 28 27 35 25 31 37 10 30 30 17 12 23 27 30 4 26 15 33 21 17 16 18 27 31 14 21 24 25 32 19 19 37 37 21 40 28 24 22 33 29 33 16 9 11 7 26 3 29 23 5 17 28 37 27 42 30 14 5 14 11 32 18 11 5 30 30 24 18 18 21 33 26 16 18 28 28 16 19 32 5 9 18 7
22 29 14 11 28 4 1 22 13 38 9 37 26 15 16 9 31 8 33 22 11 24 33 14 16 20 0 33 17 32 23 14 34 28 36 29 40 29 31 35 19 7 34 14 6 29 12 37 12 34 33 2 9 19 9 13 19 20 10 6 32 10 13 34 20 17 19 27 36 22 34 7 12 27 28 11 26 34 19 5 25 31 20 27 5 37 5 12 7 13 12 13 34 35 34 13 12 29 21 29 35 22 34 26 17 18 14 23 14 29 11 20 26 7 17 13 5 16 10 13 23 28 33 30 34 20 6 21 15 34 17 20 30 12 4 33 10 29 43 9 24 26 23 14 29 14 14 22 17 2 27
13 8 46 31 41 30 35 11 26 17 40 8 45 45 42 32 8 28 39 20 25 32 36 19 22 21 33 0 18 1 12 19 6 28 5 45 8 36 6 36 16 38 39 47 30 28 27 15 28 15 42 30 31 15 24 42 35 39 36 34 23 39 46 32 15 18 24 24 8 30 25 35 41 40 12 44 31 32 14 33 27 19 17 19 27 15 31 36 35 25 44 41 25 2 5 33 44 5 18 38 33 19 38 28 30 27 47 32 47 5 28 32 15 40 22 38 33 20 36 36 42 17 41 23 21 26 28 31 41 4 32 16 23 45 36 4 37 6 13 42 9 8 31 46 5 38 47 16 16 33 18
5 12 31 18 34 14 17 9 8 30 26 24 35 32 29 14 14 15 36 16 7 17 34 5 12 5 17 18 0 18 11 7 21 25 22 36 26 31 18 34 2 21 36 31 12 17 15 28 10 17 37 15 18 8 11 29 19 28 18 21 16 26 30 31 3 10 16 13 23 22 29 22 28 32 11 28 25 22 7 20 22 25 3 21 12 28 18 18 17 13 27 28 18 19 20 20 29 16 14 32 32 16 35 23 19 17 30 24 30 13 10 16 9 24 6 25 20 2 18 23 32 22 37 25 17 10 11 16 28 17 16 3 25 29 21 17 19 16 30 25 11 13 23 29 13 20 31 5 4 16 10
13 8 45 30 40 29 34 10 26 17 39 8 44 44 41 32 8 27 38 19 24 32 35 18 21 21 32 1 18 0 11 18 5 27 5 44 8 35 5 35 16 37 38 46 29 28 26 15 28 15 41 29 30 14 23 41 35 38 36 33 23 38 45 31 15 17 23 24 8 29 24 34 40 39 12 43 30 32 13 32 26 18 17 18 26 14 30 36 34 24 43 40 25 3 4 32 43 4 17 37 32 18 37 27 29 26 46 31 46 5 28 32 15 39 22 37 32 20 36 35 41 16 40 22 21 26 27 31 40 5 32 16 22 44 35 4 37 5 13 41 8 7 30 45 5 38 46 16 15 32 18
8 10 33 19 30 19 24 2 19 19 28 14 33 34 30 24 13 17 30 8 16 28 26 9 10 16 23 12 11 11 0 9 11 18 13 33 18 25 9 27 10 28 29 37 20 25 15 17 21 18 31 20 19 4 14 30 30 27 28 23 22 27 36 24 9 6 12 21 14 18 20 24 29 28 12 34 20 30 4 22 16 14 12 12 17 17 21 29 26 13 34 29 24 14 11 21 33 7 6 27 25 8 28 17 18 15 36 20 36 9 20 27 13 30 17 26 22 13 28 24 30 12 31 17 22 21 18 27 29 14 27 11 17 35 26 13 29 7 21 32 3 4 19 36 8 30 37 11 7 23 15
11 17 25 12 26 10 15 8 13 26 20 23 28 26 23 17 20 9 28 11 9 23 26 2 5 12 14 19 7 18 9 0 20 18 22 29 26 24 17 27 8 20 29 28 12 24 8 24 15 23 30 11 12 5 5 23 24 21 20 15 23 20 27 24 9 4 9 20 22 15 24 16 22 25 17 25 18 29 5 14 15 20 10 16 8 25 12 22 18 6 26 22 25 21 20 14 25 15 9 25 25 11 28 16 12 10 28 17 28 16 14 21 15 21 11 19 14 7 20 17 25 17 30 20 24 15 9 21 22 21 21 9 20 26 17 20 21 15 29 23 10 12 16 28 15 24 28 11 5 14 16
17 13 45 29 37 30 35 12 29 11 40 3 41 44 39 34 13 28 34 16 26 37 31 20 19 25 34 6 21 5 11 20 0 24 3 41 7 32 2 30 19 39 34 48 31 33 24 10 31 20 38 31 29 15 25 40 39 35 38 33 28 37 46 26 18 17 20 29 3 26 19 34 39 36 17 45 27 37 15 32 23 13 21 15 28 9 31 39 36 22 45 38 30 8 1 30 43 6 14 34 27 15 33 24 26 23 46 28 46 10 30 36 20 41 26 35 32 23 38 32 38 13 37 19 26 30 29 36 37 10 36 20 19 46 36 9 39 4 10 43 9 7 27 47 9 40 48 20 17 34 23
26 29 30 17 13 24 29 20 32 18 27 25 17 28 20 35 32 20 11 10 27 43 8 21 13 30 28 28 25 27 18 18 24 0 27 17 31 8 22 9 26 35 11 37 29 42 16 18 33 36 14 26 19 18 20 25 42 13 38 22 40 24 35 6 25 16 9 38 24 6 8 22 25 12 30 35 3 47 19 23 3 11 27 9 24 19 23 40 35 15 38 22 42 30 25 15 32 24 12 10 7 11 10 2 11 10 35 6 35 27 32 39 31 33 29 18 23 25 38 16 14 11 13 5 40 33 26 39 19 31 39 27 5 36 27 30 38 22 30 35 21 22 5 41 26 42 38 27 22 30 32
17 13 47 32 40 32 37 14 30 12 42 3 44 47 42 36 13 31 37 19 28 37 34 22 22 25 36 5 22 5 13 22 3 27 0 44 5 35 5 33 20 41 37 50 33 33 27 11 32 20 41 33 32 17 27 43 39 38 40 36 28 40 49 29 19 19 23 29 4 29 22 37 42 39 17 47 30 37 17 35 26 16 21 18 30 10 34 40 38 25 47 41 30 6 2 33 46 7 17 37 30 18 36 27 29 26 49 31 49 10 32 36 20 43 26 38 35 24 40 35 41 16 40 22 26 30 31 36 40 9 36 20 22 48 39 9 41 6 8 45 11 9 30 49 9 42 50 20 19 36 23
40 44 25 19 4 27 30 35 38 34 24 42 3 22 14 38 47 23 9 25 34 51 12 32 24 41 29 45 36 44 33 29 41 17 44 0 48 9 39 13 37 35 10 34 32 53 22 35 39 51 6 28 21 31 26 20 48 9 39 22 52 21 32 16 38 28 21 49 41 15 23 21 21 5 44 32 14 58 32 23 18 28 39 26 28 36 24 41 36 23 36 17 54 47 42 17 29 40 27 7 16 26 10 17 17 19 32 13 32 42 37 47 44 31 40 15 23 36 39 15 5 28 7 22 53 44 30 48 13 47 45 38 22 34 26 46 39 39 47 33 36 37 14 39 41 43 35 40 34 31 45
21 16 52 36 44 37 42 18 34 15 47 6 48 51 46 40 16 35 41 23 32 40 38 26 26 29 40 8 26 8 18 26 7 31 5 48 0 39 9 37 24 45 41 54 37 36 31 13 36 23 45 37 36 22 31 47 43 42 44 40 31 44 53 33 23 24 27 32 7 33 25 41 46 43 20 51 34 40 21 39 30 20 25 22 34 13 38 44 42 29 51 45 33 9 7 37 50 12 21 41 34 22 40 31 33 30 53 35 53 13 36 40 23 47 30 42 39 28 44 39 45 20 44 26 29 34 35 39 44 12 40 24 26 52 43 12 45 11 5 49 16 14 34 53 13 46 54 24 23 40 26
33 36 28 18 5 26 30 27 36 25 27 33 10 25 17 37 39 22 4 17 32 48 4 26 19 36 29 36 31 35 25 24 32 8 35 9 39 0 30 6 32 36 5 37 31 48 18 26 37 43 6 27 20 25 23 23 46 10 39 23 47 24 35 7 32 22 14 44 32 8 14 23 24 4 37 35 5 53 26 24 9 19 34 17 26 27 24 41 36 18 39 20 49 38 33 16 32 31 19 2 7 17 5 8 13 13 35 7 35 34 35 45 38 34 35 17 24 31 39 16 9 19 6 13 47 39 28 45 16 38 43 33 13 37 28 37 39 30 38 36 28 28 7 42 32 43 38 34 28 31 39
15 11 42 26 35 28 33 9 26 12 37 5 39 41 37 31 13 25 32 14 23 35 29 17 17 23 31 6 18 5 9 17 2 22 5 39 9 30 0 29 17 36 32 45 28 31 22 10 28 20 36 28 27 13 22 38 37 33 35 31 26 35 44 25 16 15 18 27 5 24 19 32 37 34 15 42 25 35 12 30 21 13 19 13 25 10 29 36 33 20 42 36 28 8 3 28 41 4 12 32 26 13 31 22 24 21 44 26 44 8 27 34 18 38 24 33 30 20 35 30 36 11 35 17 25 28 26 34 35 10 34 18 17 43 34 9 36 2 12 40 7 5 25 44 7 37 45 18 14 31 21
35 38 34 24 10 31 36 29 40 23 33 31 15 31 23 42 41 27 4 19 36 52 2 30 22 39 35 36 34 35 27 27 30 9 33 13 37 6 29 0 35 42 4 43 36 51 23 24 42 45 8 33 26 27 28 29 51 16 45 29 49 30 41 4 34 25 18 47 30 13 12 29 30 9 39 41 9 56 28 30 11 17 36 17 31 25 30 47 42 23 45 26 51 37 31 22 38 32 21 7 3 19 3 10 18 17 41 12 41 36 40 48 40 40 38 23 30 34 45 22 14 18 7 12 49 42 33 48 22 39 48 36 12 43 34 38 45 30 36 42 30 30 12 48 34 49 44 36 31 37 41
3 10 33 20 34 16 19 8 10 29 28 22 36 34 31 16 12 17 36 16 9 18 34 6 13 6 19 16 2 16 10 8 19 26 20 37 24 32 17 35 0 23 37 33 14 16 16 27 12 15 38 17 20 7 13 31 20 29 20 23 15 28 32 32 1 10 17 12 22 23 29 24 30 33 9 30 26 21 6 22 23 24 2 20 14 27 20 20 19 14 29 30 17 17 19 22 31 14 13 33 33 15 36 24 20 18 32 25 32 11 12 17 7 26 7 27 22 4 20 25 33 21 38 24 15 11 13 17 30 15 17 1 24 31 23 15 21 15 28 27 10 12 24 31 11 22 33 3 4 18 8
26 33 15 18 34 11 6 28 14 45 12 43 32 17 21 9 35 15 40 29 14 24 40 19 23 21 7 38 21 37 28 20 39 35 41 35 45 36 36 42 23 0 41 12 9 30 19 44 13 35 39 9 16 24 15 16 17 26 6 13 33 14 11 41 24 23 26 28 41 29 41 13 15 34 31 9 33 34 24 12 32 38 23 33 11 44 12 8 5 20 6 18 35 40 39 20 11 34 27 36 42 28 41 33 24 25 12 30 12 34 12 20 28 5 18 19 12 19 6 20 29 34 40 37 35 21 10 21 21 38 17 23 37 9 8 38 5 34 48 5 29 31 30 8 34 10 11 25 22 5 28
37 40 33 23 7 31 35 31 41 27 32 35 12 30 22 42 43 27 1 21 37 53 3 31 24 41 34 39 36 38 29 29 34 11 37 10 41 5 32 4 37 41 0 42 36 53 23 28 42 47 4 32 25 29 28 28 51 15 44 28 51 29 40 8 36 27 19 49 34 13 16 28 29 7 41 40 10 58 30 29 13 21 38 20 31 29 29 46 41 23 44 25 53 40 35 21 37 35 23 5 7 21 1 12 18 18 40 12 40 38 40 50 42 39 40 22 29 36 44 21 12 21 3 15 51 44 33 50 21 42 48 38 15 42 33 41 44 33 40 41 32 32 12 47 36 48 43 38 33 36 43
37 44 9 21 35 19 14 37 26 51 10 52 31 12 20 21 46 21 41 35 25 36 41 29 29 33 14 47 31 46 37 28 48 37 50 34 54 37 45 43 33 12 42 0 19 42 25 50 25 47 40 16 20 33 23 14 29 27 18 16 45 13 2 42 34 31 31 40 50 31 45 15 13 35 42 3 34 46 33 16 35 44 33 39 19 50 17 20 17 26 6 17 47 49 48 22 5 43 34 37 43 35 42 35 27 29 2 31 2 43 24 32 39 7 30 20 16 29 18 21 30 41 41 41 47 33 20 33 21 48 29 33 41 3 12 47 17 43 57 7 38 40 32 7 43 20 1 35 31 15 40
17 24 20 13 31 5 6 19 7 37 15 34 30 21 21 6 26 9 35 22 5 19 34 11 16 14 6 30 12 29 20 12 31 29 33 32 37 31 28 36 14 9 36 19 0 23 13 36 6 28 36 5 11 16 9 19 15 23 9 11 26 16 18 35 15 16 20 21 33 23 35 12 18 30 22 16 27 28 16 10 26 31 14 27 5 36 9 11 6 14 15 18 28 31 31 15 18 26 20 31 36 22 36 27 18 19 19 24 19 25 5 15 20 12 11 18 10 10 9 17 27 28 36 31 28 14 3 16 20 29 13 14 31 17 10 29 9 26 40 13 21 23 24 17 25 13 19 16 14 4 21
17 20 43 34 51 27 29 23 16 43 38 36 51 44 44 21 20 30 53 33 19 7 51 22 29 12 29 28 17 28 25 24 33 42 33 53 36 48 31 51 16 30 53 42 23 0 32 41 17 13 54 28 32 23 27 42 14 44 24 34 5 39 41 48 16 26 33 4 36 39 45 35 41 49 16 39 42 5 22 33 39 39 14 36 25 41 31 22 25 30 36 41 5 27 32 36 41 27 29 49 49 31 52 40 36 34 42 41 42 23 18 10 13 35 13 39 33 17 24 38 48 37 54 40 7 9 24 9 42 24 13 15 40 39 33 24 25 29 41 35 24 26 40 36 24 22 41 14 20 27 10
19 25 19 4 19 8 13 16 17 27 15 27 20 19 15 19 28 4 22 11 13 30 21 10 5 20 12 27 15 26 15 8 24 16 27 22 31 18 22 23 16 19 23 25 13 32 0 26 18 31 24 10 5 12 5 16 27 13 22 9 31 13 23 22 17 9 7 28 26 10 22 10 15 19 25 22 14 37 13 9 13 20 18 15 8 26 8 24 19 2 24 14 33 29 25 6 20 22 10 19 23 11 23 14 5 6 23 11 23 24 17 27 23 19 19 11 9 15 22 9 17 17 24 18 31 23 10 27 14 29 25 17 18 23 13 28 22 22 33 21 18 19 11 26 23 26 25 19 13 14 24
25 21 45 29 31 33 38 19 36 2 40 8 35 44 37 40 23 29 28 15 32 45 25 25 21 33 37 15 28 15 17 24 10 18 11 35 13 26 10 24 27 44 28 50 36 41 26 0 38 30 32 35 31 20 28 41 47 31 44 34 36 39 48 20 26 20 19 37 7 22 12 35 40 30 25 47 21 45 21 34 18 7 29 11 32 1 33 45 42 24 49 38 38 17 11 29 45 14 16 28 21 15 27 18 25 22 48 23 48 18 37 44 28 44 34 34 34 30 44 32 32 9 31 13 35 38 33 44 36 19 44 28 13 48 38 19 45 12 12 46 17 15 22 51 17 47 50 28 24 38 31
15 22 26 20 38 12 12 19 2 40 21 34 37 27 28 4 24 16 41 26 6 13 40 13 20 9 12 28 10 28 21 15 31 33 32 39 36 37 28 42 12 13 42 25 6 17 18 38 0 23 42 11 17 18 14 25 9 29 8 17 20 22 24 39 13 19 24 15 33 28 39 18 24 36 19 22 32 22 17 16 30 35 11 31 11 38 15 8 8 19 19 24 22 29 30 21 24 26 24 37 40 26 41 31 23 24 25 29 25 23 1 9 16 18 6 24 16 8 8 23 33 32 42 35 22 8 8 10 26 27 7 12 35 22 16 27 9 26 40 18 21 23 29 20 23 10 24 13 14 10 16
12 9 48 35 48 31 34 16 21 32 43 23 50 49 46 27 7 32 48 26 23 19 44 21 27 14 34 15 17 15 18 23 20 36 20 51 23 43 20 45 15 35 47 47 28 13 31 30 23 0 49 32 35 19 28 46 25 43 31 38 8 43 46 42 14 22 29 11 23 35 38 39 45 46 6 44 38 17 18 37 34 32 14 30 29 29 35 31 30 29 41 45 10 14 19 37 46 16 24 45 43 26 46 35 34 31 47 37 47 12 23 21 8 40 17 42 37 18 31 40 46 29 49 35 6 16 28 20 45 11 23 14 35 44 38 11 32 18 28 40 16 17 36 42 13 31 46 12 18 32 7
39 42 31 23 5 31 34 33 42 31 30 39 9 28 20 42 45 27 4 23 38 54 7 32 25 42 33 42 37 41 31 30 38 14 41 6 45 6 36 8 38 39 4 40 36 54 24 32 42 49 0 32 25 31 29 26 51 13 43 26 53 27 38 12 38 28 20 50 38 14 20 26 27 5 43 38 11 59 32 27 15 25 40 23 32 33 28 45 40 24 42 23 55 44 39 20 35 37 25 5 11 23 5 14 19 19 38 13 38 40 41 51 44 37 41 20 27 37 43 19 10 25 1 19 53 45 34 51 19 44 49 39 19 40 31 43 43 36 44 39 34 34 13 45 38 47 41 40 34 35 45
20 27 16 9 27 2 3 20 12 36 11 35 26 17 16 10 29 6 31 20 9 24 31 11 14 18 2 30 15 29 20 11 31 26 33 28 37 27 28 33 17 9 32 16 5 28 10 35 11 32 32 0 7 16 7 14 20 19 12 6 30 11 15 32 18 15 17 25 33 20 32 7 13 26 26 13 24 33 16 5 23 29 18 25 3 35 4 14 9 11 14 13 32 32 31 11 14 26 19 27 33 20 32 24 15 16 16 21 16 26 10 20 24 9 15 13 5 14 12 13 23 26 32 28 32 19 4 21 15 31 18 18 28 14 6 30 12 26 40 11 21 23 21 16 26 16 16 20 14 4 25
23 29 14 2 20 6 10 20 17 32 10 32 19 14 11 17 32 3 24 16 13 30 24 14 10 22 9 31 18 30 19 12 29 19 32 21 36 20 27 26 20 16 25 20 11 32 5 31 17 35 25 7 0 16 7 11 26 12 19 4 34 8 18 25 21 13 12 29 31 13 25 5 10 19 29 17 17 37 17 4 16 24 21 20 7 31 4 21 16 7 19 10 36 33 30 4 15 26 15 20 26 16 25 17 8 9 18 14 18 28 16 26 27 14 19 7 4 17 19 6 16 22 25 21 35 23 9 27 10 33 24 21 21 18 8 32 19 26 38 16 22 23 14 22 27 23 20 23 17 11 28
8 13 29 16 28 15 20 4 16 22 24 18 30 30 27 20 16 13 29 8 12 25 26 5 7 13 19 15 8 14 4 5 15 18 17 31 22 25 13 27 7 24 29 33 16 23 12 20 18 19 31 16 16 0 10 27 27 24 24 19 22 24 31 24 7 3 10 19 18 16 21 20 26 27 13 29 19 28 1 18 16 17 9 13 13 20 17 25 22 10 30 26 24 17 15 18 29 11 6 26 25 8 28 17 15 12 32 18 32 12 17 24 13 25 14 23 18 10 24 21 27 14 31 17 22 18 14 24 26 17 24 8 17 30 22 16 25 11 25 27 6 8 17 32 11 27 32 9 4 19 14
16 22 20 7 24 5 10 13 12 29 15 28 24 21 18 15 25 4 27 13 8 25 26 7 7 16 9 24 11 23 14 5 25 20 27 26 31 23 22 28 13 15 28 23 9 27 5 28 14 28 29 7 7 10 0 18 23 17 18 10 27 15 22 26 14 8 11 24 27 15 26 11 17 24 22 20 18 32 10 9 17 22 14 18 4 28 7 20 15 5 21 17 29 26 25 9 20 20 12 24 27 13 28 18 10 10 23 16 23 21 13 22 20 16 14 14 9 11 18 12 21 19 29 22 28 18 6 22 17 26 20 14 22 21 12 25 18 20 34 18 15 17 16 23 20 22 23 16 10 10 21
34 40 5 12 21 15 13 31 26 41 4 43 17 3 6 22 43 14 27 26 23 37 27 25 21 32 13 42 29 41 30 23 40 25 43 20 47 23 38 29 31 16 28 14 19 42 16 41 25 46 26 14 11 27 18 0 32 13 22 8 44 3 12 30 32 24 21 39 42 19 33 7 1 21 40 12 22 47 28 9 23 34 32 29 17 41 11 24 19 18 16 3 46 44 41 11 9 37 26 23 30 26 28 23 16 18 12 19 12 39 24 33 38 11 29 7 9 28 22 9 16 31 27 29 46 33 18 34 7 44 30 32 29 14 9 43 21 37 49 13 33 34 20 19 38 26 15 34 28 15 39
22 27 32 29 47 21 19 28 11 49 28 42 46 34 36 10 29 25 50 35 15 7 49 22 29 14 19 35 19 35 30 24 39 42 39 48 43 46 37 51 20 17 51 29 15 14 27 47 9 25 51 20 26 27 23 32 0 38 11 25 19 29 28 48 21 28 33 14 42 37 48 26 31 45 24 26 41 17 26 24 39 44 18 40 20 47 24 9 13 28 23 32 19 35 38 30 28 33 33 46 49 35 50 40 32 33 29 38 29 30 10 4 20 22 13 32 24 17 11 32 42 41 51 44 21 9 17 5 34 32 3 19 44 26 23 32 12 35 47 22 30 32 38 23 30 9 28 19 23 17 18
32 37 18 10 8 18 21 28 29 31 17 36 7 15 7 29 40 14 14 19 25 42 14 23 17 33 20 39 28 38 27 21 35 13 38 9 42 10 33 16 29 26 15 27 23 44 13 31 29 43 13 19 12 24 17 13 38 0 30 13 44 14 25 17 30 21 15 41 35 9 21 13 14 8 37 25 10 49 25 14 12 23 31 20 19 31 15 32 27 15 29 10 46 41 36 8 22 34 21 10 17 20 15 12 9 12 25 8 25 36 28 38 36 24 31 7 14 28 30 6 4 22 14 18 44 35 21 39 6 41 36 30 18 27 18 40 30 33 41 26 30 31 8 32 35 34 28 32 26 22 37
23 30 21 21 39 14 10 26 10 46 18 41 37 23 27 4 32 18 43 31 12 18 43 19 25 17 10 36 18 36 28 20 38 38 40 39 44 39 35 45 20 6 44 18 9 24 22 44 8 31 43 12 19 24 18 22 11 30 0 16 27 20 17 44 21 24 29 22 40 32 44 17 21 37 27 15 36 28 24 15 35 40 19 36 14 44 15 2 3 23 12 23 29 37 38 23 17 33 29 39 45 31 44 36 27 28 18 33 18 31 8 14 24 11 14 23 15 16 0 23 33 37 43 40 29 15 12 15 25 35 11 20 40 15 14 35 1 33 47 11 28 30 33 12 31 4 17 21 21 8 24
26 32 11 5 21 7 7 23 18 35 6 36 19 11 10 16 35 6 27 19 15 31 27 17 14 24 6 34 21 33 23 15 33 22 36 22 40 23 31 29 23 13 28 16 11 34 9 34 17 38 26 6 4 19 10 8 25 13 16 0 36 5 14 28 24 17 15 31 35 16 29 1 7 21 32 13 20 39 20 1 19 28 24 23 9 35 3 18 13 11 16 7 38 36 34 7 11 30 19 23 29 20 28 20 11 13 14 17 14 31 16 26 30 11 21 7 1 20 16 7 17 25 27 25 38 25 10 27 9 36 23 24 25 15 5 35 16 30 42 13 25 27 17 19 30 20 16 26 20 8 31
14 15 46 35 49 29 32 20 19 38 41 31 51 47 45 24 15 31 51 30 21 12 48 21 28 12 32 23 16 23 22 23 28 40 28 52 31 47 26 49 15 33 51 45 26 5 31 36 20 8 53 30 34 22 27 44 19 44 27 36 0 41 44 46 14 24 31 5 31 37 42 37 43 48 11 42 40 9 20 35 37 36 13 34 27 36 33 26 28 29 39 43 2 22 27 36 44 22 28 47 47 30 50 38 35 33 45 39 45 18 21 15 10 38 15 41 35 17 27 39 48 34 52 39 2 12 26 14 44 19 17 14 39 42 36 19 28 24 36 38 21 22 38 39 19 26 44 12 18 30 7
31 37 6 10 22 12 10 28 23 40 3 40 18 6 7 19 40 11 28 24 20 34 28 22 18 29 10 39 26 38 27 20 37 24 40 21 44 24 35 30 28 14 29 13 16 39 13 39 22 43 27 11 8 24 15 3 29 14 20 5 41 0 11 29 29 21 20 36 39 18 32 4 2 22 37 11 21 44 25 6 22 32 29 28 14 39 8 22 17 15 15 4 43 41 38 10 8 34 23 24 30 24 29 22 15 17 11 18 11 36 21 30 35 10 26 7 6 25 20 8 17 30 28 28 43 30 15 31 8 41 27 29 28 13 6 40 19 34 46 12 30 31 19 18 35 24 14 31 25 12 36
35 42 7 19 33 17 13 35 25 49 8 50 29 10 18 20 44 19 39 33 23 35 39 27 27 32 13 46 30 45 36 27 46 35 49 32 53 35 44 41 32 11 40 2 18 41 23 48 24 46 38 15 18 31 22 12 28 25 17 14 44 11 0 40 33 30 29 39 48 29 43 13 11 33 40 2 32 45 31 14 33 42 32 37 18 48 15 19 16 24 5 15 46 47 46 20 3 41 32 35 41 33 40 33 25 27 1 29 1 41 23 31 38 6 29 18 14 28 17 19 28 39 39 39 46 32 19 32 19 46 28 32 39 2 10 45 16 41 55 6 36 38 30 7 41 19 3 34 29 14 39
32 35 35 23 12 30 35 26 38 19 32 27 17 32 24 41 37 26 8 16 33 49 5 27 19 36 34 32 31 31 24 24 26 6 29 16 33 7 25 4 32 41 8 42 35 48 22 20 39 42 12 32 25 24 26 30 48 17 44 28 46 29 40 0 31 22 15 43 26 12 8 28 30 11 36 40 8 52 25 29 9 13 33 13 30 21 29 46 41 21 44 27 48 33 27 21 37 28 18 9 1 17 7 8 17 16 40 11 40 32 38 45 37 39 35 23 29 31 44 21 16 14 11 8 46 39 32 45 23 35 45 32 8 42 33 34 44 26 32 41 27 26 11 47 30 48 43 33 28 36 38
2 9 34 21 35 17 20 7 11 28 29 21 37 35 32 17 11 18 36 15 10 19 33 7 14 7 20 15 3 15 9 9 18 25 19 38 23 32 16 34 1 24 36 34 15 16 17 26 13 14 38 18 21 7 14 32 21 30 21 24 14 29 33 31 0 10 17 12 21 23 28 25 31 34 8 31 26 21 6 23 23 23 3 20 15 26 21 21 20 15 30 31 16 16 18 23 32 13 13 33 32 15 35 24 21 19 33 25 33 10 13 18 6 27 8 28 23 5 21 26 34 21 38 24 15 12 14 18 31 14 18 2 24 32 24 14 22 14 27 28 9 11 24 32 10 23 34 2 4 19 7
11 16 27 13 25 13 18 7 17 22 22 20 27 27 24 21 19 11 26 7 13 27 24 6 4 15 17 18 10 17 6 4 17 16 19 28 24 22 15 25 10 23 27 31 16 26 9 20 19 22 28 15 13 3 8 24 28 21 24 17 24 21 30 22 10 0 7 22 19 13 20 18 23 24 16 28 16 31 4 16 13 16 12 12 12 21 15 26 22 7 29 23 26 20 17 15 27 13 5 23 23 7 26 14 12 9 30 15 30 15 18 25 16 24 15 20 16 11 24 18 24 13 28 16 25 19 13 25 23 20 25 11 16 29 20 19 25 13 26 26 9 10 14 31 14 28 31 12 6 18 17
18 22 26 10 17 15 20 13 22 20 21 22 21 25 19 26 25 11 18 4 18 33 17 11 4 21 19 24 16 23 12 9 20 9 23 21 27 14 18 18 17 26 19 31 20 33 7 19 24 29 20 17 12 10 11 21 33 15 29 15 31 20 29 15 17 7 0 29 21 6 15 16 21 16 23 28 9 38 11 16 6 12 19 8 15 20 15 31 26 6 31 18 33 26 21 10 26 19 6 16 16 5 19 7 6 3 29 8 29 21 23 30 23 26 20 15 16 16 29 13 18 10 20 11 32 24 17 30 17 26 30 18 11 30 20 25 29 18 28 28 15 16 7 33 20 33 31 19 13 21 24
13 16 41 31 46 24 27 19 14 39 36 32 48 42 40 19 16 27 48 28 16 8 46 18 25 8 27 24 13 24 21 20 29 38 29 49 32 44 27 47 12 28 49 40 21 4 28 37 15 11 50 25 29 19 24 39 14 41 22 31 5 36 39 43 12 22 29 0 32 35 40 32 38 45 12 37 38 9 18 30 35 35 10 32 22 37 28 21 23 26 34 38 7 23 28 33 39 23 25 45 44 27 47 36 32 30 40 37 40 19 16 10 9 33 10 36 30 13 22 35 45 33 49 36 7 7 21 9 39 20 13 11 36 37 31 20 23 25 37 33 20 22 36 34 20 22 39 10 16 25 6
20 16 46 31 37 32 37 14 31 9 41 1 41 46 40 36 16 30 34 17 28 40 31 22 21 28 36 8 23 8 14 22 3 24 4 41 7 32 5 30 22 41 34 50 33 36 26 7 33 23 38 33 31 18 27 42 42 35 40 35 31 39 48 26 21 19 21 32 0 26 18 36 41 36 20 46 27 40 17 34 23 13 24 15 30 7 33 41 38 24 47 39 33 10 4 31 45 9 16 34 27 16 33 24 27 24 48 28 48 13 32 39 23 42 29 36 34 25 40 34 38 13 37 19 29 33 31 39 38 12 39 23 19 47 38 12 41 7 7 44 12 10 27 49 12 42 49 23 19 36 26
24 28 24 11 11 18 23 19 27 22 21 27 15 22 15 29 31 14 13 10 23 39 11 17 10 27 22 30 22 29 18 15 26 6 29 15 33 8 24 13 23 29 13 31 23 39 10 22 28 35 14 20 13 16 15 19 37 9 32 16 37 18 29 12 23 13 6 35 26 0 14 16 19 10 29 29 4 44 17 17 4 15 25 11 18 23 17 34 29 10 32 16 39 32 27 9 26 25 12 10 13 11 13 4 5 5 29 2 29 27 27 36 29 27 26 12 17 22 32 10 12 13 14 10 38 30 20 36 14 32 35 24 10 30 21 31 32 24 32 29 21 22 1 35 26 36 32 25 19 24 30
28 29 38 24 19 30 35 22 37 11 35 19 24 36 28 41 31 26 16 13 33 47 13 26 19 35 34 25 29 24 20 24 19 8 22 23 25 14 19 12 29 41 16 45 35 45 22 12 39 38 20 32 25 21 26 33 48 21 44 29 42 32 43 8 28 20 15 40 18 14 0 30 33 18 32 42 11 49 22 29 10 6 30 8 30 13 29 46 41 21 44 30 44 27 20 23 40 22 15 16 9 13 15 10 18 16 43 14 43 26 38 45 33 39 35 26 29 31 44 24 22 8 19 4 42 39 32 45 27 29 45 29 4 43 33 28 44 20 24 41 21 20 13 47 24 48 45 30 25 36 35
27 33 10 6 21 8 8 24 19 36 5 37 19 10 9 16 36 7 27 20 16 31 27 18 15 25 7 35 22 34 24 16 34 22 37 21 41 23 32 29 24 13 28 15 12 35 10 35 18 39 26 7 5 20 11 7 26 13 17 1 37 4 13 28 25 18 16 32 36 16 30 0 6 21 33 13 20 40 21 2 20 28 25 24 10 36 4 19 14 12 16 6 39 37 35 7 10 31 20 23 29 21 28 20 12 14 13 17 13 32 17 27 31 11 22 6 2 21 17 7 16 26 27 26 39 26 11 28 9 37 24 25 26 14 5 36 17 31 43 13 26 28 17 19 31 21 16 27 21 9 32
33 39 5 11 22 14 12 30 25 41 3 42 18 4 7 21 42 13 28 25 22 36 28 24 20 31 12 41 28 40 29 22 39 25 42 21 46 24 37 30 30 15 29 13 18 41 15 40 24 45 27 13 10 26 17 1 31 14 21 7 43 2 11 30 31 23 21 38 41 19 33 6 0 22 39 11 22 46 27 8 23 33 31 29 16 41 10 23 18 17 15 4 45 43 40 11 8 36 25 24 31 26 29 23 16 18 11 19 11 38 23 32 37 10 28 7 8 27 21 9 17 31 28 29 45 32 17 33 8 43 29 31 29 13 8 42 20 36 48 12 32 33 20 18 37 25 14 33 27 14 38
35 39 26 17 1 25 28 30 36 29 25 37 6 23 15 36 42 21 6 20 32 49 7 28 20 37 27 40 32 39 28 25 36 12 39 5 43 4 34 9 33 34 7 35 30 49 19 30 36 46 5 26 19 27 24 21 45 8 37 21 48 22 33 11 34 24 16 45 36 10 18 21 22 0 39 33 9 54 27 22 13 23 35 21 26 31 23 39 34 20 37 18 49 42 37 15 30 35 22 2 11 21 7 12 14 15 33 8 33 37 35 45 39 32 36 15 22 32 37 14 5 23 6 17 48 40 28 46 14 42 43 34 17 35 26 41 37 34 42 34 31 32 9 40 36 41 36 35 29 29 40
6 4 42 29 41 25 28 10 17 27 37 20 43 43 40 23 5 26 42 20 17 20 38 15 20 10 28 12 11 12 12 17 17 30 17 44 20 37 15 39 9 31 41 42 22 16 25 25 19 6 43 26 29 13 22 40 24 37 27 32 11 37 40 36 8 16 23 12 20 29 32 33 39 39 0 38 32 20 12 31 28 26 8 24 23 25 29 27 26 23 37 39 13 11 16 31 40 11 18 39 37 20 40 29 28 25 41 31 41 7 19 20 3 34 13 36 31 12 27 34 40 23 43 29 10 14 22 20 39 8 21 8 29 39 32 8 28 13 25 35 10 11 30 38 8 29 41 6 12 26 6
33 40 7 18 33 15 11 33 23 48 8 48 29 10 18 18 42 18 39 32 21 33 39 25 26 30 11 44 28 43 34 25 45 35 47 32 51 35 42 41 30 9 40 3 16 39 22 47 22 44 38 13 17 29 20 12 26 25 15 13 42 11 2 40 31 28 28 37 46 29 42 13 11 33 38 0 32 43 29 13 32 40 30 36 16 47 14 17 14 23 5 15 44 45 44 20 3 39 31 35 41 32 40 33 24 26 3 29 3 39 21 29 36 4 27 18 13 26 15 19 28 38 39 38 44 30 17 30 19 44 26 30 38 2 9 43 14 39 53 4 34 36 30 7 39 18 3 32 27 12 37
27 31 27 15 10 22 27 22 31 21 24 28 14 25 17 33 34 18 9 12 26 42 8 20 13 30 26 31 25 30 20 18 27 3 30 14 34 5 25 9 26 33 10 34 27 42 14 21 32 38 11 24 17 19 18 22 41 10 36 20 40 21 32 8 26 16 9 38 27 4 11 20 22 9 32 32 0 47 20 21 4 14 28 12 22 22 21 38 33 13 36 19 42 33 28 13 29 26 14 7 9 12 10 3 9 8 32 3 32 29 31 39 32 31 29 15 21 25 36 13 11 14 11 8 41 33 24 39 16 33 38 27 8 34 25 32 36 25 33 33 23 23 3 39 27 40 35 28 22 28 33
22 24 48 39 56 32 34 28 21 47 43 40 56 49 49 25 24 35 58 38 24 10 56 27 34 17 34 32 22 32 30 29 37 47 37 58 40 53 35 56 21 34 58 46 28 5 37 45 22 17 59 33 37 28 32 47 17 49 28 39 9 44 45 52 21 31 38 9 40 44 49 40 46 54 20 43 47 0 27 38 44 44 19 41 30 45 36 26 29 35 40 46 7 31 36 41 45 31 34 54 53 36 56 45 41 39 46 46 46 27 23 14 18 39 18 44 38 22 28 43 53 42 58 45 11 14 29 13 47 28 17 20 45 43 38 28 29 33 45 39 29 31 45 40 28 26 45 19 25 32 15
7 12 30 17 29 15 20 3 15 23 25 18 31 31 28 20 15 14 30 9 12 24 27 5 8 12 19 14 7 13 4 5 15 19 17 32 21 26 12 28 6 24 30 33 16 22 13 21 17 18 32 16 17 1 10 28 26 25 24 20 20 25 31 25 6 4 11 18 17 17 22 21 27 27 12 29 20 27 0 19 17 18 8 14 13 21 17 24 22 11 30 27 22 16 15 19 30 10 7 27 26 9 29 18 16 13 32 19 32 11 16 23 12 25 13 24 19 9 24 22 28 15 31 18 21 17 14 23 27 16 23 7 18 30 22 15 25 10 24 27 5 7 18 32 10 26 32 8 3 19 13
25 31 11 6 22 6 6 22 17 36 6 36 20 12 11 14 34 5 28 19 14 29 28 16 13 23 5 33 20 32 22 14 32 23 35 23 39 24 30 30 22 12 29 16 10 33 9 34 16 37 27 5 4 18 9 9 24 14 15 1 35 6 14 29 23 16 16 30 34 17 29 2 8 22 31 13 21 38 19 0 20 28 23 24 8 34 2 17 12 10 15 8 37 35 33 8 11 29 18 24 30 19 29 21 12 13 14 18 14 30 15 25 29 10 20 8 0 19 15 8 18 25 28 25 37 24 9 26 10 35 22 23 25 14 4 34 15 29 41 12 24 26 18 18 29 19 16 25 19 7 30
24 27 28 14 14 21 26 18 28 18 25 24 18 26 19 32 29 17 13 8 24 39 10 17 10 27 25 27 22 26 16 15 23 3 26 18 30 9 21 11 23 32 13 35 26 39 13 18 30 34 15 23 16 16 17 23 39 12 35 19 37 22 33 9 23 13 6 35 23 4 10 20 23 13 28 32 4 44 17 20 0 11 25 8 21 19 20 37 32 12 35 20 39 29 24 13 30 22 10 11 10 8 12 1 8 7 33 5 33 25 29 36 29 30 26 16 20 22 35 14 15 10 15 6 38 30 23 36 18 29 36 24 6 34 24 28 35 21 29 32 19 19 4 38 23 39 35 25 19 27 30
22 23 39 23 24 27 32 16 33 7 34 14 28 37 30 37 25 23 21 9 29 42 18 22 15 30 31 19 25 18 14 20 13 11 16 28 20 19 13 17 24 38 21 44 31 39 20 7 35 32 25 29 24 17 22 34 44 23 40 28 36 32 42 13 23 16 12 35 13 15 6 28 33 23 26 40 14 44 18 28 11 0 26 4 26 8 27 42 37 18 43 30 38 21 14 22 38 16 11 21 14 9 20 11 18 15 41 16 41 20 34 41 27 38 31 27 28 27 40 25 25 3 24 6 36 35 28 41 29 23 41 25 6 42 32 22 40 14 19 40 16 15 15 45 19 44 43 25 21 32 29
4 11 34 21 36 17 20 10 9 31 29 24 38 35 32 15 13 18 38 17 9 16 35 8 15 4 20 17 3 17 12 10 21 27 21 39 25 34 19 36 2 23 38 33 14 14 18 29 11 14 40 18 21 9 14 32 18 31 19 24 13 29 32 33 3 12 19 10 24 25 30 25 31 35 8 30 28 19 8 23 25 26 0 22 15 29 21 19 18 16 29 31 15 18 20 23 32 15 15 35 34 17 37 26 22 20 33 27 33 12 11 15 6 26 5 28 23 4 19 26 35 23 39 26 14 9 14 15 31 16 15 1 26 31 24 16 20 17 29 27 12 14 26 30 12 21 33 2 6 18 7
20 21 34 18 22 23 28 14 29 11 29 16 26 33 26 33 23 19 20 5 25 38 17 18 11 26 27 19 21 18 12 16 15 9 18 26 22 17 13 17 20 33 20 39 27 36 15 11 31 30 23 25 20 13 18 29 40 20 36 23 34 28 37 13 20 12 8 32 15 11 8 24 29 21 24 36 12 41 14 24 8 4 22 0 22 12 23 38 33 14 39 26 36 21 16 18 34 15 7 19 14 5 19 9 14 11 37 13 37 18 30 37 25 34 27 23 24 23 36 21 23 2 22 5 34 31 24 37 25 22 37 21 5 38 28 21 36 13 21 36 14 13 12 41 17 40 39 22 17 28 27
17 23 19 9 27 2 6 16 10 33 14 31 26 20 18 11 26 5 30 17 6 23 29 8 11 15 5 27 12 26 17 8 28 24 30 28 34 26 25 31 14 11 31 19 5 25 8 32 11 29 32 3 7 13 4 17 20 19 14 9 27 14 18 30 15 12 15 22 30 18 30 10 16 26 23 16 22 30 13 8 21 26 15 22 0 32 6 16 11 9 17 16 29 29 28 11 17 23 16 27 31 17 31 22 13 14 19 19 19 23 9 19 21 12 12 14 8 11 14 13 23 23 32 26 29 16 2 20 17 28 17 15 26 17 9 27 14 23 37 14 18 20 19 19 23 18 19 17 11 6 22
25 21 46 30 32 33 38 19 36 2 41 7 36 45 38 40 22 30 29 16 32 45 26 25 21 33 37 15 28 14 17 25 9 19 10 36 13 27 10 25 27 44 29 50 36 41 26 1 38 29 33 35 31 20 28 41 47 31 44 35 36 39 48 21 26 21 20 37 7 23 13 36 41 31 25 47 22 45 21 34 19 8 29 12 32 0 33 45 42 24 49 38 38 16 10 30 45 14 16 29 22 15 28 19 26 23 48 24 48 18 37 44 28 44 34 35 34 30 44 33 33 10 32 14 35 38 34 44 37 19 44 28 14 48 38 18 45 12 11 46 17 15 23 51 17 47 50 28 24 38 31
23 29 13 6 23 4 6 20 15 35 8 35 22 14 13 14 32 4 28 18 12 28 28 14 12 21 5 31 18 30 21 12 31 23 34 24 38 24 29 30 20 12 29 17 9 31 8 33 15 35 28 4 4 17 7 11 24 15 15 3 33 8 15 29 21 15 15 28 33 17 29 4 10 23 29 14 21 36 17 2 20 27 21 23 6 33 0 17 12 9 16 10 35 33 32 8 13 27 17 24 30 18 29 21 12 13 16 18 16 28 14 24 27 11 18 9 2 17 15 9 19 24 29 25 35 22 7 25 12 33 22 21 25 15 5 32 15 27 40 13 22 24 18 18 27 19 17 23 17 7 28
23 30 23 23 41 16 12 27 10 47 20 42 39 25 29 5 32 20 45 33 13 16 45 20 27 17 12 36 18 36 29 22 39 40 40 41 44 41 36 47 20 8 46 20 11 22 24 45 8 31 45 14 21 25 20 24 9 32 2 18 26 22 19 46 21 26 31 21 41 34 46 19 23 39 27 17 38 26 24 17 37 42 19 38 16 45 17 0 5 25 14 25 27 37 38 25 19 34 31 41 47 33 46 38 29 30 20 35 20 31 8 12 24 13 14 25 17 16 2 25 35 39 45 42 28 14 14 13 27 35 9 20 42 17 16 35 3 34 48 13 29 31 35 14 31 2 19 21 21 10 23
22 29 19 18 35 11 7 24 9 43 15 39 33 21 24 4 31 15 40 28 10 19 40 17 22 16 7 35 17 34 26 18 36 35 38 36 42 36 33 42 19 5 41 17 6 25 19 42 8 30 40 9 16 22 15 19 13 27 3 13 28 17 16 41 20 22 26 23 38 29 41 14 18 34 26 14 33 29 22 12 32 37 18 33 11 42 12 5 0 20 11 20 30 36 36 20 16 31 26 36 42 28 41 33 24 25 17 30 17 30 7 15 23 10 13 20 12 15 3 20 30 34 40 37 30 16 9 16 22 34 12 19 37 14 11 34 3 31 45 10 26 28 30 12 30 7 16 20 19 5 23
17 23 21 6 20 9 14 14 17 25 16 25 22 21 17 20 26 5 23 9 13 29 21 8 3 18 13 25 13 24 13 6 22 15 25 23 29 18 20 23 14 20 23 26 14 30 2 24 19 29 24 11 7 10 5 18 28 15 23 11 29 15 24 21 15 7 6 26 24 10 21 12 17 20 23 23 13 35 11 10 12 18 16 14 9 24 9 25 20 0 25 16 31 27 23 8 21 20 8 20 22 9 23 13 6 5 24 12 24 22 18 27 21 20 17 13 10 13 23 11 19 15 24 17 29 21 11 27 16 27 25 15 17 24 14 26 23 20 31 22 16 17 11 27 21 27 26 17 11 15 22
32 39 12 21 37 16 11 34 20 50 12 49 33 15 22 15 41 20 43 34 20 30 43 25 28 27 12 44 27 43 34 26 45 38 47 36 51 39 42 45 29 6 44 6 15 36 24 49 19 41 42 14 19 30 21 16 23 29 12 16 39 15 5 44 30 29 31 34 47 32 44 16 15 37 37 5 36 40 30 15 35 43 29 39 17 49 16 14 11 25 0 19 41 46 45 23 8 40 33 39 45 34 44 36 27 28 6 33 6 40 18 26 34 5 24 22 15 25 12 23 32 40 43 40 41 27 16 27 23 44 23 29 40 3 11 44 11 40 54 3 35 37 33 3 40 14 5 31 28 11 34
33 39 8 10 18 14 14 30 25 38 7 41 14 6 3 22 42 13 24 23 22 37 24 24 19 31 13 41 28 40 29 22 38 22 41 17 45 20 36 26 30 18 25 17 18 41 14 38 24 45 23 13 10 26 17 3 32 10 23 7 43 4 15 27 31 23 18 38 39 16 30 6 4 18 39 15 19 46 27 8 20 30 31 26 16 38 10 25 20 16 19 0 45 43 39 8 12 36 24 20 27 23 25 20 13 15 15 16 15 38 23 33 37 14 28 4 8 27 23 6 13 28 24 26 45 32 17 34 4 43 30 31 26 17 10 42 23 36 46 16 32 33 17 22 37 27 18 33 27 15 38
16 17 48 37 51 31 34 22 21 40 43 33 53 49 47 26 17 33 53 32 23 12 50 23 30 14 34 25 18 25 24 25 30 42 30 54 33 49 28 51 17 35 53 47 28 5 33 38 22 10 55 32 36 24 29 46 19 46 29 38 2 43 46 48 16 26 33 7 33 39 44 39 45 49 13 44 42 7 22 37 39 38 15 36 29 38 35 27 30 31 41 45 0 24 29 38 46 24 29 49 48 31 51 40 37 35 47 41 47 20 23 15 12 40 17 43 37 19 29 41 50 36 53 40 4 14 28 14 46 21 18 16 40 44 38 21 30 26 38 40 23 24 40 41 21 27 46 14 20 32 9
14 8 47 33 43 31 36 13 27 18 42 9 47 47 44 33 7 30 40 22 26 31 37 21 24 21 35 2 19 3 14 21 8 30 6 47 9 38 8 37 17 40 40 49 31 27 29 17 29 14 44 32 33 17 26 44 35 41 37 36 22 41 47 33 16 20 26 23 10 32 27 37 43 42 11 45 33 31 16 35 29 21 18 21 29 16 33 37 36 27 46 43 24 0 7 35 46 7 20 40 34 21 39 30 32 29 48 34 48 6 29 31 14 41 23 40 35 21 37 38 44 19 43 25 20 25 30 31 43 3 32 17 25 46 38 3 38 8 14 43 11 10 33 48 6 39 48 17 18 35 17
16 12 45 29 38 30 35 12 29 12 40 4 42 44 40 34 12 28 35 17 26 36 32 20 20 24 34 5 20 4 11 20 1 25 2 42 7 33 3 31 19 39 35 48 31 32 25 11 30 19 39 31 30 15 25 41 38 36 38 34 27 38 46 27 18 17 21 28 4 27 20 35 40 37 16 44 28 36 15 33 24 14 20 16 28 10 32 38 36 23 45 39 29 7 0 31 44 5 15 35 28 16 34 25 27 24 47 29 47 9 30 35 19 40 25 36 33 22 38 33 39 14 38 20 25 29 29 35 38 9 35 19 20 45 37 8 39 4 10 42 9 7 28 47 8 40 47 19 17 34 22
25 31 16 2 16 10 14 22 21 30 12 32 15 14 9 21 34 6 20 14 17 34 20 16 11 25 13 33 20 32 21 14 30 15 33 17 37 16 28 22 22 20 21 22 15 36 6 29 21 37 20 11 4 18 9 11 30 8 23 7 36 10 20 21 23 15 10 33 31 9 23 7 11 15 31 20 13 41 19 8 13 22 23 18 11 30 8 25 20 8 23 8 38 35 31 0 17 28 16 16 22 15 21 13 5 7 20 10 20 30 20 30 29 18 23 5 8 20 23 3 12 20 21 19 37 27 13 31 8 35 28 23 19 21 12 34 23 28 38 20 24 25 10 26 29 27 23 25 19 15 30
34 41 4 16 30 15 12 33 25 46 5 48 26 7 15 20 43 16 36 30 23 35 36 25 24 32 12 44 29 43 33 25 43 32 46 29 50 32 41 38 31 11 37 5 18 41 20 45 24 46 35 14 15 29 20 9 28 22 17 11 44 8 3 37 32 27 26 39 45 26 40 10 8 30 40 3 29 45 30 11 30 38 32 34 17 45 13 19 16 21 8 12 46 46 44 17 0 40 29 32 38 30 37 30 22 24 3 26 3 40 23 31 38 6 29 15 11 28 17 16 25 36 36 36 46 32 18 32 16 45 28 32 36 5 8 44 16 40 52 7 35 37 27 10 40 21 6 34 28 14 39
11 7 40 26 36 25 30 7 24 16 35 9 40 40 37 29 9 24 35 15 21 31 32 15 17 19 29 5 16 4 7 15 6 24 7 40 12 31 4 32 14 34 35 43 26 27 22 14 26 16 37 26 26 11 20 37 33 34 33 30 22 34 41 28 13 13 19 23 9 25 22 31 36 35 11 39 26 31 10 29 22 16 15 15 23 14 27 34 31 20 40 36 24 7 5 28 40 0 13 33 29 14 34 23 25 22 42 27 42 4 25 30 14 35 20 33 29 18 33 31 37 14 37 20 21 24 24 30 36 7 30 14 20 40 32 6 34 2 15 37 5 3 26 42 3 35 42 14 12 29 17
14 16 30 14 23 17 22 8 22 17 25 17 27 29 24 26 19 13 23 2 18 31 20 11 5 19 21 18 14 17 6 9 14 12 17 27 21 19 12 21 13 27 23 34 20 29 10 16 24 24 25 19 15 6 12 26 33 21 29 19 28 23 32 18 13 5 6 25 16 12 15 20 25 22 18 31 14 34 7 18 10 11 15 7 16 16 17 31 26 8 33 24 29 20 15 16 29 13 0 21 19 2 22 11 12 9 32 14 32 15 23 30 19 28 20 20 18 16 29 18 24 8 25 11 28 24 18 30 23 20 30 14 11 32 22 19 29 12 23 30 9 10 13 35 14 33 34 15 10 22 20
34 38 28 18 3 26 30 29 37 27 27 35 8 25 17 37 40 22 4 19 33 49 5 27 20 37 29 38 32 37 27 25 34 10 37 7 41 2 32 7 33 36 5 37 31 49 19 28 37 45 5 27 20 26 24 23 46 10 39 23 47 24 35 9 33 23 16 45 34 10 16 23 24 2 39 35 7 54 27 24 11 21 35 19 27 29 24 41 36 20 39 20 49 40 35 16 32 33 21 0 9 19 5 10 14 15 35 8 35 36 36 46 39 34 36 17 24 32 39 16 7 21 5 15 48 40 29 46 16 40 44 34 15 37 28 39 39 32 40 36 30 30 9 42 34 43 38 35 29 31 40
33 36 35 24 12 31 36 27 38 20 33 28 17 32 24 42 38 27 7 17 34 49 4 27 20 37 35 33 32 32 25 25 27 7 30 16 34 7 26 3 33 42 7 43 36 49 23 21 40 43 11 33 26 25 27 30 49 17 45 29 47 30 41 1 32 23 16 44 27 13 9 29 31 11 37 41 9 53 26 30 10 14 34 14 31 22 30 47 42 22 45 27 48 34 28 22 38 29 19 9 0 18 6 9 18 17 41 12 41 32 39 46 38 40 36 24 30 32 45 22 16 15 10 9 47 40 33 46 23 36 46 33 9 43 34 35 45 27 33 42 28 27 12 48 31 49 44 34 29 37 39
16 18 30 15 22 18 23 10 24 16 26 17 26 30 24 28 21 14 21 1 20 33 18 13 6 21 22 19 16 18 8 11 15 11 18 26 22 17 13 19 15 28 21 35 22 31 11 15 26 26 23 20 16 8 13 26 35 20 31 20 30 24 33 17 15 7 5 27 16 11 13 21 26 21 20 32 12 36 9 19 8 9 17 5 17 15 18 33 28 9 34 23 31 21 16 15 30 14 2 19 18 0 20 9 11 8 33 13 33 16 25 32 21 29 22 20 19 18 31 18 23 6 23 9 30 26 19 32 22 21 32 16 9 33 23 20 31 13 23 31 11 11 12 36 15 35 35 17 12 23 22
36 39 33 23 7 31 35 30 40 26 32 34 12 30 22 42 42 27 1 20 36 52 2 30 23 40 34 38 35 37 28 28 33 10 36 10 40 5 31 3 36 41 1 42 36 52 23 27 41 46 5 32 25 28 28 28 50 15 44 28 50 29 40 7 35 26 19 47 33 13 15 28 29 7 40 40 10 56 29 29 12 20 37 19 31 28 29 46 41 23 44 25 51 39 34 21 37 34 22 5 6 20 0 11 18 18 40 12 40 36 40 48 41 39 38 22 29 34 44 21 12 20 4 14 50 42 33 48 21 41 48 36 14 42 33 40 44 32 39 41 31 31 12 47 35 48 43 37 31 36 42
25 28 28 15 13 22 27 19 29 18 25 25 17 26 19 33 30 18 12 9 25 40 9 18 11 28 26 28 23 27 17 16 24 2 27 17 31 8 22 10 24 33 12 35 27 40 14 18 31 35 14 24 17 17 18 23 40 12 36 20 38 22 33 8 24 14 7 36 24 4 10 20 23 12 29 33 3 45 18 21 1 11 26 9 22 19 21 38 33 13 36 20 40 30 25 13 30 23 11 10 9 9 11 0 9 8 33 5 33 25 30 37 30 31 27 16 21 23 36 14 14 11 14 6 39 31 24 37 18 30 37 25 6 34 25 29 36 22 30 33 20 20 4 39 24 40 36 26 20 28 31
23 28 21 6 14 13 18 19 22 25 17 28 16 19 12 24 31 9 17 10 18 35 16 14 8 24 17 30 19 29 18 12 26 11 29 17 33 13 24 18 20 24 18 27 18 36 5 25 23 34 19 15 8 15 10 16 32 9 27 11 35 15 25 17 21 12 6 32 27 5 18 12 16 14 28 24 9 41 16 12 8 18 22 14 13 26 12 29 24 6 27 13 37 32 27 5 22 25 12 14 18 11 18 9 0 3 25 6 25 27 22 32 27 22 23 9 12 19 27 7 13 16 19 14 35 27 15 32 11 32 30 21 14 26 16 31 27 24 34 24 21 22 6 30 26 31 27 23 17 19 28
20 25 23 8 16 14 19 16 22 22 19 25 18 21 15 25 28 10 17 7 18 34 16 12 5 22 18 27 17 26 15 10 23 10 26 19 30 13 21 17 18 25 18 29 19 34 6 22 24 31 19 16 9 12 10 18 33 12 28 13 33 17 27 16 19 9 3 30 24 5 16 14 18 15 25 26 8 39 13 13 7 15 20 11 14 23 13 30 25 5 28 15 35 29 24 7 24 22 9 15 17 8 18 8 3 0 27 7 27 24 23 31 25 23 21 12 13 17 28 10 15 13 19 12 33 25 16 31 14 29 30 19 12 27 17 28 28 21 31 25 18 19 6 31 23 32 29 21 15 20 26
36 43 7 19 33 18 13 36 26 49 8 50 29 10 18 21 45 19 39 33 24 36 39 28 27 33 14 47 30 46 36 28 46 35 49 32 53 35 44 41 32 12 40 2 19 42 23 48 25 47 38 16 18 32 23 12 29 25 18 14 45 11 1 40 33 30 29 40 48 29 43 13 11 33 41 3 32 46 32 14 33 41 33 37 19 48 16 20 17 24 6 15 47 48 47 20 3 42 32 35 41 33 40 33 25 27 0 29 0 42 24 32 39 7 30 18 14 29 18 19 28 39 39 39 47 33 19 33 19 47 29 33 39 3 11 46 17 42 55 7 37 39 30 8 42 20 3 35 30 15 40
26 30 24 12 9 19 24 21 28 23 21 29 13 22 14 30 33 15 11 12 24 41 10 19 12 29 23 32 24 31 20 17 28 6 31 13 35 7 26 12 25 30 12 31 24 41 11 23 29 37 13 21 14 18 16 19 38 8 33 17 39 18 29 11 25 15 8 37 28 2 14 17 19 8 31 29 3 46 19 18 5 16 27 13 19 24 18 35 30 12 33 16 41 34 29 10 26 27 14 8 12 13 12 5 6 7 29 0 29 29 28 38 31 28 28 12 18 24 33 10 10 15 13 11 40 32 21 38 13 34 36 26 11 31 22 33 33 26 34 30 23 24 1 36 28 37 32 27 21 25 32
36 43 7 19 33 18 13 36 26 49 8 50 29 10 18 21 45 19 39 33 24 36 39 28 27 33 14 47 30 46 36 28 46 35 49 32 53 35 44 41 32 12 40 2 19 42 23 48 25 47 38 16 18 32 23 12 29 25 18 14 45 11 1 40 33 30 29 40 48 29 43 13 11 33 41 3 32 46 32 14 33 41 33 37 19 48 16 20 17 24 6 15 47 48 47 20 3 42 32 35 41 33 40 33 25 27 0 29 0 42 24 32 39 7 30 18 14 29 18 19 28 39 39 39 47 33 19 33 19 47 29 33 39 3 11 46 17 42 55 7 37 39 30 8 42 20 3 35 30 15 40
8 3 41 28 38 25 30 8 21 20 36 13 42 42 39 27 5 25 38 17 20 27 35 15 19 16 29 5 13 5 9 16 10 27 10 42 13 34 8 36 11 34 38 43 25 23 24 18 23 12 40 26 28 12 21 39 30 36 31 31 18 36 41 32 10 15 21 19 13 27 26 32 38 37 7 39 29 27 11 30 25 20 12 18 23 18 28 31 30 22 40 38 20 6 9 30 40 4 15 36 32 16 36 25 27 24 42 29 42 0 23 27 10 35 17 35 30 15 31 33 39 17 39 23 17 21 24 26 38 5 27 11 23 40 32 4 32 6 18 37 6 5 28 42 1 33 42 11 12 29 13
15 22 25 18 36 10 11 18 2 39 20 33 35 26 26 4 24 14 39 25 5 14 38 12 19 9 11 28 10 28 20 14 30 32 32 37 36 35 27 40 12 12 40 24 5 18 17 37 1 23 41 10 16 17 13 24 10 28 8 16 21 21 23 38 13 18 23 16 32 27 38 17 23 35 19 21 31 23 16 15 29 34 11 30 9 37 14 8 7 18 18 23 23 29 30 20 23 25 23 36 39 25 40 30 22 23 24 28 24 23 0 10 16 17 6 23 15 8 8 22 32 31 41 34 23 9 7 11 25 27 8 12 34 21 15 27 9 25 39 17 20 22 28 19 23 10 23 13 13 9 16
19 24 34 28 46 20 20 25 10 46 29 39 45 35 36 11 25 24 49 32 14 4 48 19 26 11 20 32 16 32 27 21 36 39 36 47 40 45 34 48 17 20 50 32 15 10 27 44 9 21 51 20 26 24 22 33 4 38 14 26 15 30 31 45 18 25 30 10 39 36 45 27 32 45 20 29 39 14 23 25 36 41 15 37 19 44 24 12 15 27 26 33 15 31 35 30 31 30 30 46 46 32 48 37 32 31 32 38 32 27 10 0 17 25 10 33 25 14 14 32 42 38 50 41 17 6 17 1 35 28 3 16 41 29 24 28 15 32 44 25 27 29 37 26 27 12 31 16 20 18 15
5 7 40 27 41 23 26 11 14 30 35 23 43 41 38 20 8 24 42 21 15 17 39 13 20 7 26 15 9 15 13 15 20 31 20 44 23 38 18 40 7 28 42 39 20 13 23 28 16 8 44 24 27 13 20 38 20 36 24 30 10 35 38 37 6 16 23 9 23 29 33 31 37 39 3 36 32 18 12 29 29 27 6 25 21 28 27 24 23 21 34 37 12 14 19 29 38 14 19 39 38 21 41 30 27 25 39 31 39 10 16 17 0 32 10 34 29 10 24 32 40 25 43 30 10 11 20 17 37 11 18 6 30 37 30 11 25 16 28 33 12 13 30 35 11 26 39 4 10 24 3
29 36 10 16 32 11 7 29 19 45 7 44 28 12 17 14 38 15 38 29 17 29 38 21 23 26 7 40 24 39 30 21 41 33 43 31 47 34 38 40 26 5 39 7 12 35 19 44 18 40 37 9 14 25 16 11 22 24 11 11 38 10 6 39 27 24 26 33 42 27 39 11 10 32 34 4 31 39 25 10 30 38 26 34 12 44 11 13 10 20 5 14 40 41 40 18 6 35 28 34 40 29 39 31 22 23 7 28 7 35 17 25 32 0 23 17 10 22 11 18 27 35 38 35 40 26 13 26 18 40 22 26 35 5 6 39 10 35 49 2 30 32 28 8 35 15 7 28 23 8 33
9 16 31 21 38 14 17 15 4 36 26 29 38 32 30 10 18 17 40 22 6 12 38 9 16 3 17 22 6 22 17 11 26 29 26 40 30 35 24 38 7 18 40 30 11 13 19 34 6 17 41 15 19 14 14 29 13 31 14 21 15 26 29 35 8 15 20 10 29 26 35 22 28 36 13 27 29 18 13 20 26 31 5 27 12 34 18 14 13 17 24 28 17 23 25 23 29 20 20 36 36 22 38 27 23 21 30 28 30 17 6 10 10 23 0 26 20 4 14 25 35 28 40 31 17 5 11 10 29 21 10 6 31 27 21 21 15 22 34 23 17 19 27 25 17 16 29 7 10 15 10
30 36 12 7 15 13 14 27 24 34 10 37 13 10 4 22 39 10 21 19 20 37 21 21 16 29 13 38 25 37 26 19 35 18 38 15 42 17 33 23 27 19 22 20 18 39 11 34 24 42 20 13 7 23 14 7 32 7 23 7 41 7 18 23 28 20 15 36 36 12 26 6 7 15 36 18 15 44 24 8 16 27 28 23 14 35 9 25 20 13 22 4 43 40 36 5 15 33 20 17 24 20 22 16 9 12 18 12 18 35 23 33 34 17 26 0 8 24 23 2 10 25 21 22 42 30 16 34 3 40 30 28 22 20 11 39 23 32 43 19 29 30 13 25 34 27 21 30 24 15 35
25 31 11 6 22 6 6 22 17 36 6 36 20 12 11 14 34 5 28 19 14 29 28 16 13 23 5 33 20 32 22 14 32 23 35 23 39 24 30 30 22 12 29 16 10 33 9 34 16 37 27 5 4 18 9 9 24 14 15 1 35 6 14 29 23 16 16 30 34 17 29 2 8 22 31 13 21 38 19 0 20 28 23 24 8 34 2 17 12 10 15 8 37 35 33 8 11 29 18 24 30 19 29 21 12 13 14 18 14 30 15 25 29 10 20 8 0 19 15 8 18 25 28 25 37 24 9 26 10 35 22 23 25 14 4 34 15 29 41 12 24 26 18 18 29 19 16 25 19 7 30
7 14 30 18 34 13 16 11 6 32 25 26 35 31 28 12 16 14 36 18 5 15 34 5 12 5 16 20 2 20 13 7 23 25 24 36 28 31 20 34 4 19 36 29 10 17 15 30 8 18 37 14 17 10 11 28 17 28 16 20 17 25 28 31 5 11 16 13 25 22 31 21 27 32 12 26 25 22 9 19 22 27 4 23 11 30 17 16 15 13 25 27 19 21 22 20 28 18 16 32 32 18 34 23 19 17 29 24 29 15 8 14 10 22 4 24 19 0 16 23 32 24 36 27 18 8 10 14 27 19 14 4 27 27 20 19 17 18 32 23 13 15 23 27 15 18 29 6 6 14 11
23 30 21 21 38 14 10 26 10 46 18 41 36 23 27 4 32 18 43 31 12 18 43 19 25 17 10 36 18 36 28 20 38 38 40 39 44 39 35 45 20 6 44 18 9 24 22 44 8 31 43 12 19 24 18 22 11 30 0 16 27 20 17 44 21 24 29 22 40 32 44 17 21 37 27 15 36 28 24 15 35 40 19 36 14 44 15 2 3 23 12 23 29 37 38 23 17 33 29 39 45 31 44 36 27 28 18 33 18 31 8 14 24 11 14 23 15 16 0 23 33 37 43 40 29 15 12 15 25 35 11 20 40 15 14 35 1 33 47 11 28 30 33 12 31 4 17 21 21 8 24
28 34 14 5 14 12 14 25 23 32 11 35 13 12 6 22 37 9 20 17 19 36 20 19 14 28 13 36 23 35 24 17 32 16 35 15 39 16 30 22 25 20 21 21 17 38 9 32 23 40 19 13 6 21 12 9 32 6 23 7 39 8 19 21 26 18 13 35 34 10 24 7 9 14 34 19 13 43 22 8 14 25 26 21 13 33 9 25 20 11 23 6 41 38 33 3 16 31 18 16 22 18 21 14 7 10 19 10 19 33 22 32 32 18 25 2 8 23 23 0 10 23 20 20 40 29 15 33 5 38 30 26 20 21 12 37 23 30 41 20 27 28 11 26 32 27 22 28 22 15 33
35 40 21 14 5 22 24 31 33 32 20 39 3 18 10 32 43 18 11 22 29 46 12 27 20 37 23 42 32 41 30 25 38 14 41 5 45 9 36 14 33 29 12 30 27 48 17 32 33 46 10 23 16 27 21 16 42 4 33 17 48 17 28 16 34 24 18 45 38 12 22 16 17 5 40 28 11 53 28 18 15 25 35 23 23 33 19 35 30 19 32 13 50 44 39 12 25 37 24 7 16 23 12 14 13 15 28 10 28 39 32 42 40 27 35 10 18 32 33 10 0 25 11 19 48 39 25 43 9 44 40 34 19 30 21 43 33 36 44 29 33 34 11 35 38 37 31 36 30 25 41
20 20 36 20 24 24 29 14 30 10 31 14 28 34 28 34 22 20 21 6 26 39 18 19 12 27 28 17 22 16 12 17 13 11 16 28 20 19 11 18 21 34 21 41 28 37 17 9 32 29 25 26 22 14 19 31 41 22 37 25 34 30 39 14 21 13 10 33 13 13 8 26 31 23 23 38 14 42 15 25 10 3 23 2 23 10 24 39 34 15 40 28 36 19 14 20 36 14 8 21 15 6 20 11 16 13 39 15 39 17 31 38 25 35 28 25 25 24 37 23 25 0 24 6 33 32 25 38 27 21 38 22 6 39 29 20 37 12 19 37 13 12 14 42 16 41 41 23 18 29 27
39 42 32 23 6 31 34 33 41 30 31 38 10 29 21 42 44 27 3 23 37 54 6 32 25 42 33 41 37 40 31 30 37 13 40 7 44 6 35 7 38 40 3 41 36 54 24 31 42 49 1 32 25 31 29 27 51 14 43 27 52 28 39 11 38 28 20 49 37 14 19 27 28 6 43 39 11 58 31 28 15 24 39 22 32 32 29 45 40 24 43 24 53 43 38 21 36 37 25 5 10 23 4 14 19 19 39 13 39 39 41 50 43 38 40 21 28 36 43 20 11 24 0 18 52 44 34 50 20 44 49 38 18 41 32 43 43 35 43 40 34 34 13 46 38 47 42 39 33 35 44
25 26 34 20 18 26 31 19 33 13 31 20 22 32 25 37 28 22 15 9 29 42 12 22 15 30 30 23 25 22 17 20 19 5 22 22 26 13 17 12 24 37 15 41 31 40 18 13 35 35 19 28 21 17 22 29 44 18 40 25 39 28 39 8 24 16 11 36 19 10 4 26 29 17 29 38 8 45 18 25 6 6 26 5 26 14 25 42 37 17 40 26 40 25 20 19 36 20 11 15 9 9 14 6 14 12 39 11 39 23 34 41 30 35 31 22 25 27 40 20 19 6 18 0 39 35 28 41 24 27 41 25 0 39 29 26 40 18 25 37 19 18 10 43 22 44 41 26 21 32 31
14 14 48 35 50 31 34 20 21 37 43 29 52 49 46 26 13 32 52 30 23 14 48 22 29 14 34 21 17 21 22 24 26 40 26 53 29 47 25 49 15 35 51 47 28 7 31 35 22 6 53 32 35 22 28 46 21 44 29 38 2 43 46 46 15 25 32 7 29 38 42 39 45 48 10 44 41 11 21 37 38 36 14 34 29 35 35 28 30 29 41 45 4 20 25 37 46 21 28 48 47 30 50 39 35 33 47 40 47 17 23 17 10 40 17 42 37 18 29 40 48 33 52 39 0 14 28 16 45 17 19 14 39 44 38 17 30 23 34 40 20 21 39 41 18 28 46 12 19 32 7
13 18 34 25 42 18 20 19 7 40 29 33 42 35 34 12 19 21 44 26 10 7 42 13 20 5 20 26 10 26 21 15 30 33 30 44 34 39 28 42 11 21 44 33 14 9 23 38 8 16 45 19 23 18 18 33 9 35 15 25 12 30 32 39 12 19 24 7 33 30 39 26 32 40 14 30 33 14 17 24 30 35 9 31 16 38 22 14 16 21 27 32 14 25 29 27 32 24 24 40 40 26 42 31 27 25 33 32 33 21 9 6 11 26 5 30 24 8 15 29 39 32 44 35 14 0 15 6 33 22 7 10 35 30 24 22 16 26 38 26 21 23 31 27 21 15 32 10 14 18 9
16 23 20 11 29 3 6 17 8 35 15 32 28 21 20 9 25 7 32 19 5 21 31 9 13 14 6 28 11 27 18 9 29 26 31 30 35 28 26 33 13 10 33 20 3 24 10 33 8 28 34 4 9 14 6 18 17 21 12 10 26 15 19 32 14 13 17 21 31 20 32 11 17 28 22 17 24 29 14 9 23 28 14 24 2 34 7 14 9 11 16 17 28 30 29 13 18 24 18 29 33 19 33 24 15 16 19 21 19 24 7 17 20 13 11 16 9 10 12 15 25 25 34 28 28 15 0 18 19 28 15 14 28 18 10 28 12 24 38 14 19 21 21 18 24 16 20 16 12 5 21
19 24 35 29 47 21 21 25 10 46 30 39 46 36 37 12 24 25 50 32 14 3 48 19 26 11 21 31 16 31 27 21 36 39 36 48 39 45 34 48 17 21 50 33 16 9 27 44 10 20 51 21 27 24 22 34 5 39 15 27 14 31 32 45 18 25 30 9 39 36 45 28 33 46 20 30 39 13 23 26 36 41 15 37 20 44 25 13 16 27 27 34 14 31 35 31 32 30 30 46 46 32 48 37 32 31 33 38 33 26 11 1 17 26 10 34 26 14 15 33 43 38 50 41 16 6 18 0 36 28 4 16 41 30 25 28 16 32 44 26 27 29 37 27 27 13 32 16 20 19 14
33 39 12 10 14 16 16 30 27 36 11 39 10 9 1 25 42 13 20 21 23 40 20 24 19 32 15 41 28 40 29 22 37 19 40 13 44 16 35 22 30 21 21 21 20 42 14 36 26 45 19 15 10 26 17 7 34 6 25 9 44 8 19 23 31 23 17 39 38 14 27 9 8 14 39 19 16 47 27 10 18 29 31 25 17 37 12 27 22 16 23 4 46 43 38 8 16 36 23 16 23 22 21 18 11 14 19 13 19 38 25 35 37 18 29 3 10 27 25 5 9 27 20 24 45 33 19 36 0 43 32 31 24 21 13 42 25 35 45 20 32 33 14 26 37 29 22 33 27 17 38
12 5 46 33 43 30 35 13 25 21 41 12 47 47 44 31 4 30 42 22 24 28 39 20 24 18 34 4 17 5 14 21 10 31 9 47 12 38 10 39 15 38 42 48 29 24 29 19 27 11 44 31 33 17 26 44 32 41 35 36 19 41 46 35 14 20 26 20 12 32 29 37 43 42 8 44 33 28 16 35 29 23 16 22 28 19 33 35 34 27 44 43 21 3 9 35 45 7 20 40 36 21 41 30 32 29 47 34 47 5 27 28 11 40 21 40 35 19 35 38 44 21 44 27 17 22 28 28 43 0 29 15 27 45 37 1 36 9 17 42 11 10 33 46 6 37 47 14 17 33 14
19 25 31 26 44 18 17 25 8 46 26 39 43 32 34 8 26 22 47 32 12 7 46 19 26 11 17 32 16 32 27 21 36 39 36 45 40 43 34 48 17 17 48 29 13 13 25 44 7 23 49 18 24 24 20 30 3 36 11 23 17 27 28 45 18 25 30 13 39 35 45 24 29 43 21 26 38 17 23 22 36 41 15 37 17 44 22 9 12 25 23 30 18 32 35 28 28 30 30 44 46 32 48 37 30 30 29 36 29 27 8 3 18 22 10 30 22 14 11 30 40 38 49 41 19 7 15 4 32 29 0 16 41 26 21 29 12 32 44 22 27 29 36 23 27 9 28 16 20 15 16
3 10 34 21 35 17 20 9 10 30 29 23 37 35 32 16 12 18 37 17 9 17 35 7 14 5 20 16 3 16 11 9 20 27 20 38 24 33 18 36 1 23 38 33 14 15 17 28 12 14 39 18 21 8 14 32 19 30 20 24 14 29 32 32 2 11 18 11 23 24 29 25 31 34 8 30 27 20 7 23 24 25 1 21 15 28 21 20 19 15 29 31 16 17 19 23 32 14 14 34 33 16 36 25 21 19 33 26 33 11 12 16 6 26 6 28 23 4 20 26 34 22 38 25 14 10 14 16 31 15 16 0 25 31 24 15 21 16 28 27 11 13 25 31 11 22 33 2 5 18 7
25 26 34 20 18 26 31 19 33 13 31 20 22 32 25 37 28 22 15 9 29 42 12 22 15 30 30 23 25 22 17 20 19 5 22 22 26 13 17 12 24 37 15 41 31 40 18 13 35 35 19 28 21 17 22 29 44 18 40 25 39 28 39 8 24 16 11 36 19 10 4 26 29 17 29 38 8 45 18 25 6 6 26 5 26 14 25 42 37 17 40 26 40 25 20 19 36 20 11 15 9 9 14 6 14 12 39 11 39 23 34 41 30 35 31 22 25 27 40 20 19 6 18 0 39 35 28 41 24 27 41 25 0 39 29 26 40 18 25 37 19 18 10 43 22 44 41 26 21 32 31
34 41 9 20 35 16 12 34 23 50 10 49 31 12 20 18 43 19 41 33 22 33 41 26 27 30 12 45 29 44 35 26 46 36 48 34 52 37 43 43 31 9 42 3 17 39 23 48 22 44 40 14 18 30 21 14 26 27 15 15 42 13 2 42 32 29 30 37 47 30 43 14 13 35 39 2 34 43 30 14 34 42 31 38 17 48 15 17 14 24 3 17 44 46 45 21 5 40 32 37 43 33 42 34 26 27 3 31 3 40 21 29 37 5 27 20 14 27 15 21 30 39 41 39 44 30 18 30 21 45 26 31 39 0 10 44 14 40 54 4 35 37 31 5 40 17 2 33 28 13 37
26 32 10 10 26 7 4 25 17 40 5 40 23 11 13 13 35 9 32 23 15 28 32 17 17 24 4 36 21 35 26 17 36 27 39 26 43 28 34 34 23 8 33 12 10 33 13 38 16 38 31 6 8 22 12 9 23 18 14 5 36 6 10 33 24 20 20 31 38 21 33 5 8 26 32 9 25 38 22 4 24 32 24 28 9 38 5 16 11 14 11 10 38 38 37 12 8 32 22 28 34 23 33 25 16 17 11 22 11 32 15 24 30 6 21 11 4 20 14 12 21 29 32 29 38 24 10 25 13 37 21 24 29 10 0 36 13 32 45 8 27 29 22 14 32 18 12 26 20 6 31
12 5 45 32 42 29 34 12 25 20 40 12 46 46 43 31 4 29 41 21 24 28 38 19 23 18 33 4 17 4 13 20 9 30 9 46 12 37 9 38 15 38 41 47 29 24 28 19 27 11 43 30 32 16 25 43 32 40 35 35 19 40 45 34 14 19 25 20 12 31 28 36 42 41 8 43 32 28 15 34 28 22 16 21 27 18 32 35 34 26 44 42 21 3 8 34 44 6 19 39 35 20 40 29 31 28 46 33 46 4 27 28 11 39 21 39 34 19 35 37 43 20 43 26 17 22 28 28 42 1 29 15 26 44 36 0 36 8 17 41 10 9 32 46 5 37 46 14 16 33 14
24 31 20 21 38 14 9 27 11 46 17 42 36 22 26 5 33 18 43 31 13 19 43 20 25 18 10 37 19 37 29 21 39 38 41 39 45 39 36 45 21 5 44 17 9 25 22 45 9 32 43 12 19 25 18 21 12 30 1 16 28 19 16 44 22 25 29 23 41 32 44 17 20 37 28 14 36 29 25 15 35 40 20 36 14 45 15 3 3 23 11 23 30 38 39 23 16 34 29 39 45 31 44 36 27 28 17 33 17 32 9 15 25 10 15 23 15 17 1 23 33 37 43 40 30 16 12 16 25 36 12 21 40 14 13 36 0 34 48 10 29 31 33 11 32 5 16 22 22 8 25
13 9 40 26 35 26 31 7 24 14 35 7 39 40 36 29 11 24 33 14 21 33 30 15 17 21 29 6 16 5 7 15 4 22 6 39 11 30 2 30 15 34 33 43 26 29 22 12 26 18 36 26 26 11 20 37 35 33 33 30 24 34 41 26 14 13 18 25 7 24 20 31 36 34 13 39 25 33 10 29 21 14 17 13 23 12 27 34 31 20 40 36 26 8 4 28 40 2 12 32 27 13 32 22 24 21 42 26 42 6 25 32 16 35 22 32 29 18 33 30 36 12 35 18 23 26 24 32 35 9 32 16 18 40 32 8 34 0 14 37 5 3 25 42 5 35 42 16 12 29 19
25 21 53 38 43 39 44 21 38 13 48 7 47 53 47 43 21 37 40 24 35 45 37 29 28 33 43 13 30 13 21 29 10 30 8 47 5 38 12 36 28 48 40 57 40 41 33 12 40 28 44 40 38 25 34 49 47 41 47 42 36 46 55 32 27 26 28 37 7 32 24 43 48 42 25 53 33 45 24 41 29 19 29 21 37 11 40 48 45 31 54 46 38 14 10 38 52 15 23 40 33 23 39 30 34 31 55 34 55 18 39 44 28 49 34 43 41 32 47 41 44 19 43 25 34 38 38 44 45 17 44 28 25 54 45 17 48 14 0 51 19 17 33 56 17 49 56 28 26 43 31
30 37 11 18 34 13 8 31 19 47 9 46 30 14 19 14 39 17 40 31 18 29 40 23 25 26 9 42 25 41 32 23 43 35 45 33 49 36 40 42 27 5 41 7 13 35 21 46 18 40 39 11 16 27 18 13 22 26 11 13 38 12 6 41 28 26 28 33 44 29 41 13 12 34 35 4 33 39 27 12 32 40 27 36 14 46 13 13 10 22 3 16 40 43 42 20 7 37 30 36 42 31 41 33 24 25 7 30 7 37 17 25 33 2 23 19 12 23 11 20 29 37 40 37 40 26 14 26 20 42 22 27 37 4 8 41 10 37 51 0 32 34 30 6 37 14 6 29 25 9 33
8 8 35 22 32 20 25 2 19 19 30 12 36 36 33 24 10 19 32 11 16 28 29 10 13 16 24 9 11 8 3 10 9 21 11 36 16 28 7 30 10 29 32 38 21 24 18 17 21 16 34 21 22 6 15 33 30 30 28 25 21 30 36 27 9 9 15 20 12 21 21 26 32 31 10 34 23 29 5 24 19 16 12 14 18 17 22 29 26 16 35 32 23 11 9 24 35 5 9 30 28 11 31 20 21 18 37 23 37 6 20 27 12 30 17 29 24 13 28 27 33 13 34 19 20 21 19 27 32 11 27 11 19 35 27 10 29 5 19 32 0 2 22 37 5 30 37 11 7 24 15
10 8 37 23 33 22 27 4 21 17 32 10 37 37 34 26 10 21 32 12 18 30 29 12 14 18 26 8 13 7 4 12 7 22 9 37 14 28 5 30 12 31 32 40 23 26 19 15 23 17 34 23 23 8 17 34 32 31 30 27 22 31 38 26 11 10 16 22 10 22 20 28 33 32 11 36 23 31 7 26 19 15 14 13 20 15 24 31 28 17 37 33 24 10 7 25 37 3 10 30 27 11 31 20 22 19 39 24 39 5 22 29 13 32 19 30 26 15 30 28 34 12 34 18 21 23 21 29 33 10 29 13 18 37 29 9 31 3 17 34 2 0 23 39 4 32 39 13 9 26 16
25 29 25 12 10 19 24 20 28 22 22 28 14 23 15 30 32 15 11 11 24 40 10 18 11 28 23 31 23 30 19 16 27 5 30 14 34 7 25 12 24 30 12 32 24 40 11 22 29 36 13 21 14 17 16 20 38 8 33 17 38 19 30 11 24 14 7 36 27 1 13 17 20 9 30 30 3 45 18 18 4 15 26 12 19 23 18 35 30 11 33 17 40 33 28 10 27 26 13 9 12 12 12 4 6 6 30 1 30 28 28 37 30 28 27 13 18 23 33 11 11 14 13 10 39 31 21 37 14 33 36 25 10 31 22 32 33 25 33 30 22 23 0 36 27 37 33 26 20 25 31
34 41 14 24 40 18 13 36 21 52 15 51 36 17 25 16 43 22 46 36 22 30 46 27 30 28 14 46 29 45 36 28 47 41 49 39 53 42 44 48 31 8 47 7 17 36 26 51 20 42 45 16 22 32 23 19 23 32 12 19 39 18 7 47 32 31 33 34 49 35 47 19 18 40 38 7 39 40 32 18 38 45 30 41 19 51 18 14 12 27 3 22 41 48 47 26 10 42 35 42 48 36 47 39 30 31 8 36 8 42 19 26 35 8 25 25 18 27 12 26 35 42 46 43 41 27 18 27 26 46 23 31 43 5 14 46 11 42 56 6 37 39 36 0 42 14 6 32 30 13 35
8 4 40 27 37 25 30 7 21 19 35 12 41 41 38 27 6 24 36 16 20 28 33 15 18 16 29 5 13 5 8 15 9 26 9 41 13 32 7 34 11 34 36 43 25 24 23 17 23 13 38 26 27 11 20 38 30 35 31 30 19 35 41 30 10 14 20 20 12 26 24 31 37 36 8 39 27 28 10 29 23 19 12 17 23 17 27 31 30 21 40 37 21 6 8 29 40 3 14 34 31 15 35 24 26 23 42 28 42 1 23 27 11 35 17 34 29 15 31 32 38 16 38 22 18 21 24 27 37 6 27 11 22 40 32 5 32 5 17 37 5 4 27 42 0 33 42 11 12 29 14
25 32 25 25 42 18 14 28 12 49 22 43 40 27 31 7 34 22 47 35 15 16 47 22 29 19 14 38 20 38 30 24 40 42 42 43 46 43 37 49 22 10 48 20 13 22 26 47 10 31 47 16 23 27 22 26 9 34 4 20 26 24 19 48 23 28 33 22 42 36 48 21 25 41 29 18 40 26 26 19 39 44 21 40 18 47 19 2 7 27 14 27 27 39 40 27 21 35 33 43 49 35 48 40 31 32 20 37 20 33 10 12 26 15 16 27 19 18 4 27 37 41 47 44 28 15 16 13 29 37 9 22 44 17 18 37 5 35 49 14 30 32 37 14 33 0 19 23 23 12 24
36 43 10 21 36 18 14 36 25 51 11 51 32 13 21 20 45 21 42 35 24 35 42 28 29 32 14 47 31 46 37 28 48 38 50 35 54 38 45 44 33 11 43 1 19 41 25 50 24 46 41 16 20 32 23 15 28 28 17 16 44 14 3 43 34 31 31 39 49 32 45 16 14 36 41 3 35 45 32 16 35 43 33 39 19 50 17 19 16 26 5 18 46 48 47 23 6 42 34 38 44 35 43 36 27 29 3 32 3 42 23 31 39 7 29 21 16 29 17 22 31 41 42 41 46 32 20 32 22 47 28 33 41 2 12 46 16 42 56 6 37 39 33 6 42 19 0 35 30 15 39
3 9 36 23 37 19 22 9 11 30 31 23 39 37 34 17 11 20 38 17 11 17 35 9 16 5 22 16 5 16 11 11 20 27 20 40 24 34 18 36 3 25 38 35 16 14 19 28 13 12 40 20 23 9 16 34 19 32 21 26 12 31 34 33 2 12 19 10 23 25 30 27 33 35 6 32 28 19 8 25 25 25 2 22 17 28 23 21 20 17 31 33 14 17 19 25 34 14 15 35 34 17 37 26 23 21 35 27 35 11 13 16 4 28 7 30 25 6 21 28 36 23 39 26 12 10 16 16 33 14 16 2 26 33 26 14 22 16 28 29 11 13 26 32 11 23 35 0 6 20 5
6 12 30 17 31 13 18 5 12 26 25 20 33 31 28 17 15 14 32 12 9 21 30 3 10 9 17 16 4 15 7 5 17 22 19 34 23 28 14 31 4 22 33 31 14 20 13 24 14 18 34 14 17 4 10 28 23 26 21 20 18 25 29 28 4 6 13 16 19 19 25 21 27 29 12 27 22 25 3 19 19 21 6 17 11 24 17 21 19 11 28 27 20 18 17 19 28 12 10 29 29 12 31 20 17 15 30 21 30 12 13 20 10 23 10 24 19 6 21 22 30 18 33 21 19 14 12 20 27 17 20 5 21 28 20 16 22 12 26 25 7 9 20 30 12 23 30 6 0 17 11
21 28 16 13 30 6 2 22 11 39 11 37 28 17 18 7 30 10 35 23 9 22 35 14 17 18 2 33 16 32 23 14 34 30 36 31 40 31 31 37 18 5 36 15 4 27 14 38 10 32 35 4 11 19 10 15 17 22 8 8 30 12 14 36 19 18 21 25 36 24 36 9 14 29 26 12 28 32 19 7 27 32 18 28 6 38 7 10 5 15 11 15 32 35 34 15 14 29 22 31 37 23 36 28 19 20 15 25 15 29 9 18 24 8 15 15 7 14 8 15 25 29 35 32 32 18 5 19 17 33 15 18 32 13 6 33 8 29 43 9 24 26 25 13 29 12 15 20 17 0 25
7 10 41 28 42 24 27 13 14 33 36 26 44 42 39 20 10 25 43 22 16 14 40 14 21 7 27 18 10 18 15 16 23 32 23 45 26 39 21 41 8 28 43 40 21 10 24 31 16 7 45 25 28 14 21 39 18 37 24 31 7 36 39 38 7 17 24 6 26 30 35 32 38 40 6 37 33 15 13 30 30 29 7 27 22 31 28 23 23 22 34 38 9 17 22 30 39 17 20 40 39 22 42 31 28 26 40 32 40 13 16 15 3 33 10 35 30 11 24 33 41 27 44 31 7 9 21 14 38 14 16 7 31 37 31 14 25 19 31 33 15 16 31 35 14 24 39 5 11 25 0
0         1033     
379       492      
273       383      
139       244      
226       335      
108       239      
500       614      
0         87       
324       455      
45        160      
252       378      
24        144      
599       719      
531       650      
252       376      
328       450      
675       803      
134       253      
187       321      
57        176      
336       459      
421       540      
204       322      
352       465      
86        201      
367       476      
101       227      
0         112      
0         74       
0         102      
0         92       
71        185      
1         116      
162       277      
0         126      
863       992      
14        150      
197       328      
3         122      
176       299      
0         60       
310       421      
212       328      
273       400      
107       232      
414       540      
130       263      
660       762      
470       580      
818       940      
206       343      
96        217      
131       246      
79        194      
84        202      
253       375      
460       579      
232       344      
323       442      
124       245      
404       530      
257       379      
279       383      
174       307      
0         66       
70        175      
575       682      
415       525      
5         129      
156       264      
162       294      
531       652      
541       651      
194       326      
368       487      
289       406      
152       283      
700       830      
0         84       
120       240      
563       680      
46        160      
0         75       
56        172      
82        206      
29        163      
121       237      
318       433      
506       610      
90        204      
287       419      
243       362      
420       526      
0         108      
13        130      
592       698      
277       386      
0         95       
49        173      
200       328      
188       299      
643       765      
200       319      
162       273      
140       262      
559       687      
286       398      
159       276      
278       397      
378       496      
333       452      
432       548      
402       528      
285       416      
341       459      
244       362      
126       243      
335       462      
306       434      
556       673      
231       343      
781       895      
613       723      
170       278      
691       820      
443       570      
97        215      
436       561      
240       367      
0         116      
445       554      
0         74       
625       737      
516       626      
746       870      
390       500      
306       429      
0         92       
660       791      
307       422      
0         96       
0         102      
163       277      
303       413      
389       500      
476       604      
277       397      
357       479      
0         79       
98        219      
808       934      
