5000 24805
585 485
194 94
426 326
606 506
348 248
516 416
521 421
1092 992
422 322
749 649
895 795
337 237
143 43
557 457
945 845
915 815
1055 955
546 446
352 252
522 422
109 9
891 791
1001 901
459 359
222 122
767 667
194 94
698 598
838 738
107 7
674 574
644 544
815 715
434 334
982 882
866 766
467 367
1094 994
1084 984
993 893
399 299
733 633
533 433
231 131
782 682
528 428
172 72
800 700
974 874
717 617
238 138
974 874
956 856
820 720
245 145
519 419
1095 995
894 794
629 529
296 196
299 199
1097 997
377 277
216 116
197 97
1008 908
819 719
639 539
342 242
807 707
207 107
669 569
222 122
637 537
170 70
1031 931
198 98
826 726
700 600
587 487
745 645
872 772
367 267
613 513
1072 972
181 81
995 895
1043 943
313 213
158 58
848 748
403 303
587 487
864 764
1023 923
636 536
129 29
824 724
774 674
889 789
640 540
579 479
654 554
242 142
567 467
439 339
146 46
741 641
810 710
296 196
653 553
594 494
291 191
166 66
824 724
924 824
830 730
308 208
1088 988
811 711
190 90
900 800
440 340
414 314
649 549
389 289
296 196
501 401
965 865
566 466
778 678
789 689
670 570
933 833
1036 936
325 225
822 722
344 244
751 651
949 849
223 123
213 113
531 431
479 379
608 508
461 361
685 585
165 65
953 853
586 486
742 642
786 686
1092 992
386 286
825 725
989 889
386 286
124 24
912 812
591 491
959 859
991 891
763 663
190 90
188 88
281 181
279 179
314 214
287 187
117 17
719 619
572 472
361 261
518 418
946 846
519 419
292 192
456 356
361 261
782 682
614 514
406 306
986 886
301 201
630 530
485 385
949 849
1052 952
394 294
600 500
899 799
294 194
491 391
837 737
430 330
424 324
398 298
1092 992
890 790
324 224
375 275
360 260
926 826
197 97
172 72
310 210
966 866
749 649
1051 951
1019 919
848 748
163 63
785 685
1058 958
1056 956
904 804
664 564
618 518
283 183
528 428
500 400
637 537
821 721
446 346
307 207
253 153
423 323
1071 971
711 611
762 662
216 116
297 197
209 109
191 91
895 795
629 529
443 343
226 126
962 862
847 747
785 685
569 469
110 10
870 770
981 881
1034 934
1084 984
823 723
503 403
995 895
460 360
668 568
549 449
272 172
641 541
1058 958
372 272
483 383
977 877
408 308
459 359
1070 970
807 707
683 583
408 308
148 48
870 770
1030 930
130 30
669 569
308 208
103 3
411 311
120 20
200 100
709 609
1039 939
987 887
522 422
925 825
885 785
1030 930
470 370
1004 904
1089 989
341 241
1069 969
479 379
243 143
476 376
1072 972
1062 962
128 28
989 889
161 61
543 443
738 638
316 216
448 348
438 338
447 347
260 160
166 66
506 406
491 391
259 159
738 638
131 31
395 295
304 204
926 826
520 420
296 196
253 153
549 449
525 425
955 855
431 331
243 143
665 565
587 487
938 838
240 140
109 9
664 564
1018 918
715 615
633 533
235 135
332 232
664 564
1057 957
460 360
691 591
893 793
676 576
263 163
846 746
959 859
477 377
860 760
958 858
811 711
186 86
762 662
534 434
259 159
658 558
760 660
379 279
368 268
940 840
1048 948
835 735
415 315
674 574
776 676
226 126
441 341
1012 912
789 689
839 739
994 894
921 821
806 706
725 625
590 490
1017 917
578 478
301 201
771 671
1093 993
1032 932
249 149
999 899
152 52
337 237
859 759
287 187
367 267
572 472
356 256
872 772
883 783
198 98
217 117
1006 906
616 516
1011 911
280 180
735 635
125 25
325 225
480 380
923 823
812 712
264 164
366 266
443 343
316 216
832 732
548 448
602 502
641 541
840 740
764 664
676 576
1054 954
712 612
826 726
1002 902
872 772
554 454
631 531
511 411
1043 943
1073 973
850 750
803 703
427 327
950 850
1017 917
177 77
105 5
320 220
213 113
902 802
1013 913
503 403
891 791
281 181
1098 998
110 10
959 859
625 525
445 345
1019 919
531 431
768 668
775 675
627 527
933 833
562 462
538 438
391 291
623 523
705 605
1016 916
557 457
520 420
505 405
215 115
517 417
760 660
379 279
361 261
785 685
872 772
696 596
488 388
407 307
864 764
324 224
943 843
422 322
306 206
940 840
507 407
1075 975
739 639
501 401
952 852
191 91
642 542
427 327
160 60
430 330
857 757
282 182
182 82
703 603
737 637
893 793
193 93
715 615
714 614
833 733
236 136
964 864
287 187
116 16
202 102
963 863
1072 972
1087 987
263 163
406 306
601 501
134 34
577 477
940 840
592 492
800 700
221 121
806 706
180 80
887 787
238 138
205 105
760 660
934 834
329 229
898 798
927 827
410 310
548 448
709 609
330 230
790 690
932 832
661 561
589 489
679 579
686 586
160 60
391 291
488 388
765 665
409 309
760 660
507 407
802 702
300 200
253 153
413 313
706 606
1070 970
223 123
133 33
353 253
373 273
809 709
377 277
932 832
1097 997
208 108
140 40
988 888
327 227
581 481
960 860
383 283
1040 940
958 858
708 608
384 284
1090 990
811 711
690 590
950 850
906 806
339 239
152 52
1043 943
901 801
295 195
864 764
195 95
810 710
510 410
486 386
764 664
693 593
1000 900
150 50
212 112
594 494
1063 963
256 156
854 754
1036 936
558 458
1065 965
119 19
186 86
325 225
823 723
669 569
284 184
197 97
968 868
294 194
440 340
854 754
512 412
702 602
587 487
161 61
309 209
795 695
446 346
447 347
960 860
819 719
407 307
200 100
195 95
197 97
921 821
943 843
1041 941
845 745
921 821
386 286
687 587
592 492
301 201
216 116
765 665
631 531
627 527
524 424
912 812
353 253
524 424
526 426
559 459
513 413
443 343
1080 980
936 836
391 291
606 506
933 833
279 179
586 486
1016 916
109 9
530 430
675 575
696 596
1022 922
908 808
245 145
369 269
997 897
612 512
504 404
911 811
842 742
785 685
828 728
667 567
369 269
876 776
203 103
955 855
845 745
818 718
135 35
953 853
879 779
197 97
171 71
246 146
180 80
846 746
942 842
115 15
228 128
1065 965
1041 941
612 512
327 227
580 480
130 30
1058 958
442 342
765 665
705 605
291 191
631 531
1064 964
464 364
615 515
459 359
706 606
967 867
922 822
920 820
636 536
413 313
793 693
307 207
119 19
1011 911
435 335
408 308
201 101
530 430
1022 922
785 685
394 294
741 641
1010 910
213 113
510 410
241 141
350 250
790 690
646 546
800 700
829 729
659 559
709 609
581 481
820 720
603 503
1076 976
866 766
859 759
107 7
898 798
982 882
174 74
959 859
748 648
282 182
399 299
525 425
885 785
642 542
946 846
783 683
490 390
953 853
997 897
1038 938
516 416
189 89
937 837
724 624
347 247
281 181
393 293
978 878
244 144
1033 933
1038 938
680 580
567 467
352 252
580 480
307 207
1055 955
758 658
765 665
120 20
126 26
1054 954
664 564
447 347
549 449
859 759
126 26
546 446
621 521
114 14
401 301
757 657
421 321
810 710
713 613
1080 980
488 388
288 188
979 879
736 636
1090 990
303 203
288 188
532 432
1063 963
229 129
920 820
730 630
400 300
609 509
922 822
337 237
355 255
473 373
377 277
938 838
253 153
495 395
500 400
792 692
327 227
203 103
618 518
318 218
547 447
484 384
415 315
1031 931
913 813
496 396
424 324
489 389
602 502
740 640
399 299
387 287
880 780
397 297
476 376
1077 977
616 516
612 512
312 212
319 219
429 329
655 555
910 810
498 398
586 486
389 289
585 485
898 798
516 416
698 598
1052 952
149 49
994 894
672 572
458 358
797 697
121 21
870 770
747 647
825 725
144 44
642 542
783 683
314 214
461 361
987 887
914 814
145 45
331 231
194 94
108 8
382 282
265 165
182 82
596 496
419 319
799 699
726 626
952 852
246 146
559 459
641 541
635 535
974 874
414 314
825 725
1044 944
877 777
406 306
654 554
559 459
308 208
737 637
887 787
547 447
1076 976
508 408
1012 912
207 107
544 444
1062 962
103 3
665 565
401 301
507 407
264 164
957 857
537 437
417 317
752 652
198 98
864 764
918 818
141 41
700 600
837 737
388 288
276 176
1002 902
236 136
667 567
228 128
290 190
494 394
849 749
335 235
1008 908
142 42
376 276
924 824
848 748
784 684
692 592
1079 979
493 393
668 568
463 363
467 367
263 163
152 52
1083 983
742 642
279 179
435 335
116 16
226 126
578 478
230 130
359 259
683 583
968 868
229 129
395 295
852 752
696 596
267 167
171 71
956 856
722 622
740 640
964 864
870 770
744 644
531 431
105 5
295 195
465 365
548 448
529 429
801 701
164 64
1052 952
954 854
980 880
870 770
268 168
188 88
179 79
257 157
1061 961
468 368
572 472
521 421
317 217
819 719
809 709
371 271
247 147
1075 975
396 296
916 816
1009 909
1062 962
864 764
635 535
351 251
538 438
978 878
796 696
853 753
981 881
670 570
418 318
353 253
145 45
766 666
152 52
1031 931
596 496
533 433
413 313
910 810
238 138
778 678
434 334
223 123
1088 988
312 212
608 508
166 66
870 770
306 206
851 751
850 750
880 780
164 64
541 441
566 466
307 207
437 337
616 516
610 510
774 674
896 796
508 408
275 175
1020 920
537 437
673 573
1038 938
734 634
948 848
978 878
661 561
1090 990
818 718
926 826
1048 948
796 696
749 649
900 800
669 569
511 411
763 663
522 422
682 582
807 707
943 843
434 334
302 202
1086 986
802 702
594 494
679 579
250 150
825 725
662 562
903 803
480 380
440 340
932 832
256 156
1079 979
932 832
476 376
702 602
611 511
334 234
514 414
788 688
260 160
284 184
1082 982
1078 978
338 238
513 413
590 490
733 633
999 899
685 585
351 251
706 606
626 526
1063 963
997 897
450 350
139 39
342 242
757 657
639 539
552 452
839 739
638 538
367 267
931 831
265 165
560 460
277 177
285 185
820 720
1034 934
902 802
540 440
744 644
590 490
182 82
268 168
898 798
171 71
297 197
1077 977
273 173
558 458
181 81
304 204
335 235
903 803
212 112
239 139
203 103
499 399
368 268
520 420
979 879
1091 991
743 643
678 578
206 106
1072 972
222 122
277 177
544 444
498 398
362 262
448 348
791 691
596 496
1097 997
376 276
546 446
925 825
271 171
714 614
649 549
221 121
381 281
830 730
311 211
441 341
212 112
384 284
508 408
798 698
830 730
117 17
463 363
646 546
189 89
772 672
705 605
1074 974
1038 938
966 866
268 168
477 377
805 705
659 559
147 47
440 340
500 400
627 527
315 215
879 779
214 114
861 761
151 51
583 483
981 881
192 92
649 549
490 390
779 679
683 583
428 328
761 661
350 250
491 391
303 203
436 336
581 481
761 661
852 752
225 125
807 707
189 89
182 82
375 275
163 63
459 359
760 660
278 178
121 21
880 780
387 287
142 42
319 219
105 5
600 500
480 380
920 820
872 772
195 95
916 816
144 44
109 9
848 748
584 484
778 678
645 545
376 276
689 589
578 478
257 157
763 663
1001 901
694 594
877 777
857 757
174 74
1047 947
347 247
548 448
155 55
670 570
579 479
413 313
885 785
1081 981
1058 958
895 795
780 680
652 552
493 393
489 389
1044 944
380 280
696 596
964 864
719 619
736 636
711 611
612 512
952 852
992 892
383 283
284 184
399 299
1047 947
866 766
714 614
412 312
725 625
926 826
249 149
826 726
477 377
833 733
574 474
905 805
118 18
779 679
762 662
503 403
516 416
1064 964
101 1
437 337
630 530
641 541
852 752
578 478
122 22
469 369
1081 981
1046 946
877 777
921 821
1057 957
933 833
375 275
937 837
684 584
590 490
682 582
137 37
221 121
694 594
1051 951
229 129
768 668
358 258
218 118
346 246
419 319
462 362
996 896
855 755
621 521
604 504
1048 948
171 71
348 248
277 177
574 474
276 176
451 351
903 803
154 54
337 237
255 155
777 677
760 660
133 33
971 871
215 115
586 486
697 597
394 294
869 769
525 425
636 536
345 245
1056 956
482 382
441 341
471 371
284 184
808 708
334 234
644 544
669 569
894 794
316 216
487 387
637 537
838 738
184 84
620 520
910 810
381 281
757 657
602 502
133 33
191 91
259 159
603 503
620 520
1024 924
768 668
116 16
387 287
133 33
329 229
444 344
474 374
449 349
574 474
706 606
772 672
996 896
1015 915
695 595
611 511
541 441
223 123
202 102
669 569
152 52
299 199
754 654
496 396
810 710
815 715
534 434
159 59
345 245
710 610
136 36
1017 917
761 661
1027 927
513 413
370 270
113 13
217 117
470 370
616 516
500 400
315 215
295 195
316 216
1084 984
337 237
576 476
715 615
264 164
599 499
505 405
577 477
774 674
860 760
296 196
385 285
708 608
156 56
1007 907
1066 966
632 532
722 622
151 51
321 221
816 716
294 194
427 327
191 91
980 880
447 347
810 710
352 252
367 267
573 473
500 400
616 516
476 376
485 385
709 609
457 357
420 320
1058 958
296 196
765 665
638 538
892 792
1035 935
164 64
504 404
520 420
200 100
771 671
226 126
1068 968
955 855
977 877
194 94
277 177
831 731
623 523
353 253
239 139
108 8
252 152
493 393
832 732
643 543
346 246
448 348
665 565
418 318
840 740
589 489
1002 902
122 22
117 17
1098 998
1073 973
149 49
398 298
481 381
711 611
110 10
132 32
529 429
111 11
321 221
437 337
250 150
236 136
817 717
989 889
630 530
622 522
432 332
905 805
1042 942
128 28
665 565
1031 931
316 216
857 757
161 61
709 609
270 170
644 544
972 872
1005 905
744 644
695 595
308 208
346 246
780 680
213 113
797 697
275 175
739 639
256 156
779 679
344 244
1061 961
983 883
461 361
365 265
902 802
983 883
459 359
562 462
939 839
585 485
818 718
372 272
380 280
304 204
352 252
1084 984
380 280
509 409
202 102
498 398
715 615
1009 909
396 296
470 370
581 481
982 882
1056 956
314 214
330 230
866 766
359 259
135 35
1022 922
521 421
806 706
371 271
372 272
470 370
256 156
948 848
652 552
150 50
585 485
1076 976
636 536
370 270
170 70
896 796
1002 902
1063 963
552 452
479 379
135 35
1091 991
1047 947
651 551
478 378
997 897
157 57
407 307
452 352
521 421
769 669
174 74
802 702
488 388
241 141
659 559
558 458
1080 980
563 463
715 615
856 756
781 681
987 887
331 231
432 332
307 207
628 528
918 818
756 656
431 331
354 254
1079 979
887 787
545 445
595 495
448 348
470 370
824 724
110 10
501 401
300 200
746 646
427 327
768 668
117 17
342 242
474 374
402 302
855 755
961 861
1080 980
930 830
476 376
177 77
108 8
541 441
132 32
689 589
560 460
1090 990
904 804
289 189
123 23
968 868
969 869
1096 996
1043 943
463 363
815 715
337 237
728 628
520 420
173 73
665 565
299 199
314 214
138 38
433 333
309 209
826 726
427 327
275 175
1012 912
158 58
899 799
725 625
472 372
166 66
1076 976
269 169
220 120
575 475
767 667
304 204
288 188
190 90
128 28
596 496
804 704
101 1
749 649
574 474
846 746
549 449
797 697
352 252
812 712
432 332
389 289
387 287
725 625
289 189
1053 953
989 889
562 462
163 63
402 302
478 378
179 79
306 206
141 41
997 897
923 823
330 230
1008 908
482 382
765 665
675 575
136 36
160 60
832 732
629 529
909 809
577 477
166 66
390 290
391 291
189 89
691 591
1061 961
683 583
561 461
352 252
802 702
579 479
632 532
630 530
780 680
324 224
153 53
888 788
742 642
409 309
1100 1000
466 366
991 891
452 352
922 822
502 402
252 152
645 545
424 324
213 113
733 633
1067 967
367 267
554 454
481 381
823 723
372 272
114 14
606 506
120 20
519 419
408 308
561 461
744 644
626 526
813 713
1078 978
582 482
568 468
436 336
829 729
389 289
895 795
596 496
681 581
426 326
483 383
630 530
326 226
267 167
521 421
622 522
486 386
930 830
373 273
191 91
584 484
216 116
776 676
847 747
207 107
495 395
329 229
1058 958
1002 902
856 756
1062 962
362 262
205 105
803 703
184 84
611 511
1091 991
581 481
801 701
549 449
789 689
988 888
755 655
699 599
700 600
406 306
638 538
592 492
599 499
903 803
981 881
545 445
1081 981
416 316
573 473
989 889
483 383
885 785
779 679
865 765
673 573
591 491
689 589
689 589
580 480
224 124
245 145
841 741
724 624
998 898
1023 923
825 725
1015 915
782 682
332 232
231 131
1074 974
498 398
835 735
1006 906
778 678
853 753
740 640
412 312
744 644
890 790
312 212
401 301
223 123
1045 945
353 253
547 447
1043 943
297 197
118 18
127 27
1016 916
673 573
427 327
689 589
740 640
1034 934
715 615
309 209
570 470
629 529
755 655
999 899
388 288
115 15
501 401
692 592
940 840
192 92
733 633
675 575
807 707
914 814
524 424
454 354
782 682
227 127
294 194
474 374
955 855
666 566
290 190
694 594
828 728
1073 973
278 178
745 645
375 275
703 603
188 88
812 712
467 367
132 32
644 544
398 298
838 738
661 561
1063 963
1006 906
560 460
726 626
366 266
243 143
827 727
604 504
133 33
936 836
542 442
461 361
728 628
531 431
484 384
654 554
344 244
124 24
582 482
516 416
865 765
835 735
546 446
343 243
347 247
554 454
1013 913
1032 932
660 560
594 494
628 528
748 648
694 594
457 357
1035 935
696 596
562 462
888 788
721 621
636 536
760 660
859 759
664 564
300 200
402 302
666 566
1036 936
841 741
692 592
317 217
824 724
319 219
218 118
932 832
399 299
919 819
351 251
587 487
229 129
573 473
196 96
341 241
267 167
164 64
269 169
616 516
481 381
957 857
1076 976
318 218
867 767
590 490
937 837
604 504
507 407
807 707
303 203
442 342
487 387
575 475
835 735
275 175
806 706
886 786
435 335
271 171
140 40
332 232
921 821
988 888
231 131
966 866
259 159
1076 976
1078 978
353 253
153 53
719 619
949 849
742 642
578 478
560 460
119 19
318 218
330 230
318 218
553 453
767 667
436 336
1049 949
1031 931
189 89
688 588
588 488
549 449
668 568
666 566
626 526
372 272
960 860
983 883
104 4
831 731
872 772
180 80
834 734
313 213
359 259
277 177
370 270
972 872
106 6
726 626
524 424
1040 940
304 204
250 150
413 313
479 379
259 159
933 833
305 205
617 517
125 25
824 724
1051 951
1073 973
821 721
681 581
735 635
939 839
393 293
372 272
812 712
512 412
510 410
939 839
565 465
592 492
466 366
653 553
174 74
818 718
123 23
838 738
516 416
939 839
864 764
490 390
149 49
688 588
917 817
623 523
607 507
730 630
252 152
870 770
356 256
846 746
662 562
149 49
595 495
469 369
514 414
637 537
178 78
215 115
1012 912
315 215
159 59
1071 971
359 259
702 602
358 258
651 551
941 841
140 40
237 137
594 494
690 590
352 252
483 383
258 158
969 869
172 72
1039 939
277 177
382 282
767 667
980 880
583 483
579 479
915 815
554 454
119 19
830 730
845 745
656 556
439 339
295 195
714 614
509 409
402 302
680 580
419 319
199 99
770 670
1013 913
613 513
898 798
666 566
418 318
127 27
890 790
422 322
444 344
745 645
180 80
310 210
568 468
941 841
1022 922
1025 925
279 179
621 521
447 347
1075 975
331 231
369 269
697 597
1029 929
707 607
578 478
1003 903
1070 970
410 310
784 684
323 223
331 231
110 10
773 673
945 845
448 348
1005 905
332 232
158 58
827 727
193 93
697 597
859 759
497 397
1012 912
639 539
1006 906
1007 907
143 43
992 892
176 76
799 699
652 552
508 408
770 670
461 361
771 671
889 789
453 353
629 529
937 837
290 190
112 12
980 880
989 889
336 236
1012 912
815 715
477 377
818 718
156 56
539 439
685 585
914 814
952 852
1002 902
815 715
758 658
521 421
510 410
430 330
512 412
151 51
190 90
940 840
778 678
797 697
1051 951
948 848
137 37
926 826
693 593
298 198
837 737
441 341
311 211
374 274
234 134
840 740
947 847
439 339
590 490
975 875
195 95
500 400
535 435
703 603
837 737
574 474
960 860
226 126
410 310
1073 973
648 548
1073 973
1084 984
681 581
760 660
888 788
186 86
729 629
735 635
899 799
1041 941
575 475
156 56
1059 959
472 372
180 80
750 650
1017 917
1064 964
191 91
835 735
883 783
782 682
873 773
251 151
812 712
383 283
755 655
873 773
1053 953
743 643
379 279
998 898
801 701
917 817
806 706
369 269
247 147
831 731
455 355
607 507
200 100
941 841
598 498
307 207
361 261
852 752
691 591
418 318
730 630
226 126
474 374
253 153
1060 960
201 101
1017 917
660 560
506 406
843 743
859 759
916 816
718 618
1080 980
1081 981
101 1
741 641
182 82
231 131
986 886
1020 920
477 377
634 534
565 465
553 453
853 753
497 397
942 842
151 51
647 547
401 301
680 580
297 197
854 754
1010 910
137 37
311 211
648 548
951 851
996 896
142 42
756 656
1019 919
637 537
130 30
178 78
774 674
640 540
1079 979
697 597
864 764
414 314
1037 937
945 845
756 656
461 361
690 590
1030 930
437 337
754 654
1097 997
941 841
743 643
910 810
752 652
198 98
732 632
914 814
927 827
998 898
759 659
337 237
156 56
336 236
197 97
497 397
404 304
568 468
871 771
260 160
780 680
268 168
444 344
289 189
661 561
223 123
732 632
883 783
766 666
1091 991
335 235
875 775
171 71
665 565
427 327
1006 906
924 824
704 604
101 1
333 233
1048 948
793 693
951 851
309 209
880 780
379 279
703 603
331 231
480 380
775 675
184 84
470 370
784 684
914 814
857 757
376 276
705 605
338 238
404 304
810 710
458 358
1031 931
394 294
979 879
842 742
592 492
137 37
181 81
104 4
447 347
807 707
517 417
231 131
682 582
760 660
901 801
189 89
295 195
555 455
503 403
403 303
347 247
780 680
456 356
1070 970
727 627
1034 934
958 858
1051 951
903 803
504 404
336 236
546 446
672 572
449 349
585 485
193 93
686 586
772 672
848 748
258 158
335 235
872 772
959 859
991 891
888 788
632 532
445 345
721 621
961 861
447 347
442 342
327 227
879 779
655 555
695 595
116 16
1063 963
403 303
360 260
1041 941
466 366
933 833
935 835
290 190
833 733
722 622
934 834
445 345
542 442
993 893
873 773
292 192
980 880
530 430
973 873
260 160
893 793
867 767
273 173
270 170
502 402
910 810
160 60
418 318
728 628
790 690
119 19
324 224
246 146
152 52
785 685
511 411
238 138
303 203
693 593
885 785
302 202
319 219
600 500
161 61
189 89
1019 919
533 433
291 191
163 63
811 711
614 514
394 294
965 865
1037 937
493 393
353 253
369 269
203 103
211 111
416 316
714 614
725 625
372 272
739 639
1073 973
741 641
709 609
239 139
336 236
145 45
596 496
416 316
124 24
318 218
971 871
393 293
327 227
847 747
520 420
979 879
950 850
733 633
227 127
110 10
270 170
456 356
324 224
765 665
822 722
636 536
289 189
923 823
697 597
703 603
386 286
492 392
122 22
358 258
1057 957
871 771
636 536
920 820
321 221
239 139
381 281
666 566
338 238
329 229
631 531
425 325
549 449
904 804
835 735
886 786
770 670
1083 983
746 646
947 847
372 272
488 388
705 605
732 632
494 394
353 253
608 508
505 405
637 537
237 137
1055 955
383 283
577 477
778 678
1069 969
759 659
792 692
806 706
1063 963
886 786
929 829
413 313
738 638
243 143
306 206
813 713
285 185
344 244
287 187
589 489
229 129
944 844
400 300
996 896
214 114
702 602
405 305
310 210
299 199
1030 930
1016 916
792 692
939 839
557 457
999 899
341 241
552 452
1050 950
285 185
329 229
661 561
312 212
948 848
322 222
291 191
132 32
930 830
847 747
960 860
969 869
973 873
345 245
749 649
675 575
691 591
918 818
1074 974
304 204
1074 974
684 584
552 452
922 822
497 397
298 198
450 350
1042 942
697 597
1042 942
113 13
999 899
492 392
475 375
443 343
427 327
856 756
579 479
487 387
166 66
1024 924
1050 950
288 188
564 464
168 68
386 286
652 552
673 573
266 166
394 294
535 435
237 137
114 14
657 557
897 797
523 423
354 254
527 427
400 300
195 95
531 431
815 715
467 367
503 403
297 197
553 453
333 233
835 735
249 149
101 1
162 62
245 145
138 38
882 782
169 69
948 848
525 425
556 456
910 810
590 490
978 878
779 679
603 503
561 461
408 308
944 844
898 798
170 70
537 437
699 599
898 798
988 888
136 36
495 395
683 583
833 733
512 412
895 795
295 195
468 368
978 878
194 94
488 388
214 114
538 438
146 46
632 532
895 795
103 3
683 583
368 268
421 321
517 417
814 714
377 277
432 332
329 229
357 257
545 445
1006 906
480 380
401 301
1074 974
377 277
348 248
751 651
533 433
318 218
1100 1000
209 109
974 874
658 558
1039 939
488 388
860 760
221 121
573 473
472 372
911 811
328 228
866 766
308 208
406 306
426 326
656 556
672 572
621 521
150 50
464 364
853 753
560 460
177 77
236 136
366 266
558 458
327 227
884 784
602 502
748 648
437 337
883 783
131 31
1060 960
729 629
237 137
315 215
691 591
453 353
975 875
374 274
540 440
443 343
363 263
858 758
140 40
938 838
935 835
578 478
1043 943
695 595
849 749
355 255
363 263
431 331
697 597
462 362
105 5
184 84
1099 999
116 16
261 161
559 459
135 35
320 220
991 891
116 16
559 459
965 865
1096 996
819 719
692 592
392 292
154 54
275 175
1085 985
561 461
501 401
401 301
398 298
859 759
559 459
815 715
177 77
307 207
711 611
229 129
259 159
781 681
567 467
361 261
837 737
993 893
995 895
499 399
149 49
477 377
482 382
289 189
385 285
460 360
488 388
114 14
1072 972
828 728
365 265
414 314
829 729
325 225
910 810
634 534
1073 973
1014 914
918 818
194 94
395 295
649 549
632 532
774 674
158 58
534 434
836 736
311 211
287 187
1086 986
996 896
963 863
1098 998
902 802
1097 997
379 279
576 476
131 31
359 259
910 810
575 475
1068 968
594 494
287 187
230 130
891 791
251 151
290 190
739 639
510 410
955 855
692 592
580 480
986 886
578 478
975 875
486 386
863 763
772 672
452 352
461 361
158 58
994 894
915 815
560 460
662 562
248 148
671 571
760 660
422 322
728 628
565 465
429 329
518 418
1075 975
298 198
101 1
654 554
607 507
756 656
850 750
208 108
209 109
553 453
1015 915
1009 909
800 700
676 576
175 75
746 646
996 896
214 114
329 229
413 313
185 85
792 692
244 144
859 759
636 536
743 643
1019 919
562 462
616 516
960 860
573 473
1004 904
125 25
1059 959
125 25
763 663
711 611
309 209
144 44
664 564
822 722
333 233
1080 980
578 478
663 563
816 716
772 672
716 616
1014 914
207 107
641 541
1079 979
982 882
566 466
242 142
1071 971
359 259
176 76
135 35
986 886
643 543
598 498
789 689
250 150
821 721
542 442
242 142
236 136
630 530
136 36
603 503
137 37
550 450
444 344
348 248
650 550
699 599
455 355
1019 919
1080 980
736 636
573 473
281 181
1057 957
973 873
424 324
254 154
959 859
527 427
670 570
704 604
394 294
413 313
360 260
463 363
774 674
694 594
439 339
913 813
359 259
929 829
482 382
149 49
760 660
891 791
530 430
654 554
860 760
599 499
782 682
326 226
764 664
445 345
458 358
532 432
214 114
858 758
242 142
164 64
119 19
943 843
853 753
737 637
263 163
1041 941
221 121
1065 965
194 94
548 448
498 398
957 857
687 587
1068 968
198 98
451 351
242 142
858 758
403 303
451 351
1068 968
1080 980
633 533
762 662
1082 982
457 357
668 568
1014 914
619 519
648 548
377 277
823 723
722 622
123 23
617 517
270 170
820 720
451 351
735 635
213 113
155 55
883 783
363 263
866 766
385 285
627 527
289 189
306 206
728 628
744 644
107 7
358 258
390 290
961 861
755 655
828 728
487 387
169 69
741 641
228 128
842 742
492 392
841 741
245 145
893 793
151 51
902 802
212 112
997 897
353 253
362 262
440 340
293 193
1032 932
982 882
917 817
231 131
1065 965
582 482
580 480
673 573
824 724
543 443
939 839
303 203
600 500
1065 965
846 746
175 75
911 811
907 807
473 373
905 805
705 605
613 513
352 252
572 472
272 172
897 797
494 394
790 690
277 177
395 295
198 98
884 784
477 377
632 532
586 486
255 155
955 855
210 110
390 290
984 884
230 130
273 173
455 355
178 78
942 842
814 714
333 233
733 633
201 101
577 477
786 686
219 119
836 736
818 718
1030 930
115 15
800 700
572 472
169 69
428 328
707 607
893 793
979 879
299 199
1016 916
1099 999
1060 960
277 177
508 408
625 525
779 679
1048 948
238 138
598 498
285 185
595 495
882 782
990 890
149 49
1006 906
553 453
434 334
730 630
485 385
529 429
499 399
953 853
438 338
645 545
620 520
751 651
929 829
865 765
581 481
259 159
199 99
1100 1000
780 680
279 179
187 87
817 717
902 802
985 885
990 890
132 32
939 839
938 838
439 339
286 186
983 883
570 470
167 67
285 185
644 544
1021 921
457 357
476 376
557 457
1086 986
544 444
1034 934
742 642
271 171
252 152
745 645
159 59
146 46
716 616
781 681
159 59
143 43
1087 987
334 234
453 353
203 103
630 530
596 496
1058 958
489 389
713 613
1031 931
938 838
679 579
185 85
232 132
186 86
1008 908
669 569
872 772
579 479
777 677
783 683
443 343
500 400
803 703
470 370
239 139
982 882
444 344
246 146
487 387
216 116
1009 909
860 760
639 539
507 407
404 304
547 447
755 655
488 388
478 378
141 41
192 92
758 658
962 862
219 119
511 411
128 28
462 362
557 457
497 397
298 198
390 290
117 17
252 152
532 432
711 611
421 321
273 173
527 427
237 137
305 205
1046 946
444 344
465 365
663 563
575 475
404 304
1082 982
147 47
1020 920
794 694
902 802
191 91
166 66
1061 961
878 778
744 644
844 744
209 109
564 464
1059 959
413 313
1069 969
441 341
142 42
785 685
208 108
431 331
748 648
185 85
149 49
776 676
328 228
191 91
1029 929
634 534
627 527
266 166
1067 967
151 51
416 316
1066 966
682 582
941 841
940 840
725 625
675 575
214 114
603 503
116 16
1011 911
213 113
405 305
926 826
1089 989
606 506
936 836
838 738
469 369
664 564
687 587
555 455
332 232
835 735
552 452
364 264
1000 900
648 548
1052 952
838 738
181 81
953 853
1095 995
675 575
662 562
669 569
839 739
465 365
805 705
720 620
105 5
364 264
657 557
293 193
590 490
121 21
394 294
473 373
461 361
184 84
1000 900
350 250
147 47
388 288
305 205
232 132
245 145
251 151
946 846
519 419
758 658
621 521
949 849
1074 974
780 680
755 655
248 148
748 648
196 96
837 737
310 210
398 298
790 690
287 187
119 19
1081 981
931 831
1065 965
779 679
1054 954
826 726
266 166
628 528
348 248
115 15
736 636
664 564
660 560
947 847
663 563
821 721
124 24
109 9
996 896
800 700
903 803
546 446
116 16
958 858
374 274
799 699
814 714
371 271
549 449
1077 977
329 229
633 533
380 280
254 154
523 423
856 756
968 868
971 871
224 124
1012 912
1070 970
827 727
331 231
1068 968
1035 935
669 569
908 808
263 163
123 23
718 618
310 210
785 685
188 88
750 650
251 151
907 807
870 770
493 393
655 555
376 276
713 613
404 304
966 866
1011 911
323 223
333 233
403 303
142 42
405 305
500 400
406 306
262 162
1000 900
151 51
1064 964
834 734
497 397
1033 933
998 898
466 366
159 59
116 16
728 628
277 177
325 225
460 360
637 537
842 742
712 612
825 725
733 633
968 868
414 314
589 489
578 478
601 501
1081 981
732 632
1004 904
465 365
919 819
296 196
208 108
596 496
279 179
844 744
252 152
245 145
698 598
601 501
449 349
980 880
180 80
348 248
862 762
783 683
414 314
600 500
613 513
489 389
305 205
720 620
684 584
191 91
752 652
821 721
994 894
959 859
298 198
765 665
243 143
516 416
771 671
581 481
402 302
420 320
711 611
965 865
731 631
226 126
626 526
857 757
626 526
1063 963
503 403
881 781
331 231
340 240
930 830
430 330
383 283
618 518
964 864
924 824
855 755
1035 935
259 159
151 51
320 220
409 309
547 447
118 18
900 800
963 863
933 833
101 1
905 805
849 749
891 791
758 658
512 412
677 577
957 857
679 579
508 408
609 509
995 895
254 154
460 360
1023 923
927 827
497 397
1071 971
787 687
1061 961
1059 959
619 519
717 617
435 335
737 637
338 238
723 623
983 883
274 174
322 222
875 775
986 886
708 608
808 708
406 306
575 475
1100 1000
976 876
1057 957
223 123
741 641
227 127
572 472
484 384
826 726
845 745
405 305
384 284
814 714
529 429
743 643
785 685
808 708
612 512
731 631
603 503
589 489
699 599
929 829
1083 983
846 746
562 462
832 732
1092 992
832 732
370 270
769 669
591 491
522 422
382 282
154 54
931 831
1000 900
267 167
782 682
215 115
766 666
761 661
1057 957
664 564
209 109
1034 934
554 454
708 608
1064 964
613 513
1033 933
153 53
240 140
759 659
295 195
746 646
124 24
264 164
757 657
863 763
331 231
925 825
269 169
1049 949
228 128
455 355
637 537
911 811
364 264
264 164
146 46
951 851
104 4
389 289
1000 900
492 392
902 802
324 224
168 68
560 460
550 450
1003 903
226 126
447 347
158 58
738 638
498 398
201 101
586 486
687 587
551 451
897 797
435 335
981 881
262 162
310 210
206 106
343 243
845 745
1069 969
1069 969
398 298
532 432
353 253
259 159
693 593
734 634
553 453
665 565
757 657
116 16
172 72
710 610
322 222
603 503
419 319
611 511
161 61
852 752
794 694
155 55
484 384
569 469
901 801
929 829
236 136
792 692
636 536
277 177
1058 958
311 211
747 647
599 499
626 526
215 115
128 28
1084 984
1004 904
918 818
609 509
333 233
984 884
524 424
665 565
1076 976
701 601
471 371
423 323
506 406
622 522
434 334
292 192
884 784
203 103
776 676
551 451
268 168
967 867
527 427
702 602
532 432
883 783
631 531
411 311
437 337
1094 994
777 677
272 172
637 537
151 51
1100 1000
489 389
479 379
337 237
203 103
821 721
885 785
697 597
1043 943
592 492
512 412
431 331
672 572
480 380
928 828
359 259
871 771
826 726
1039 939
155 55
694 594
601 501
119 19
559 459
600 500
890 790
476 376
104 4
789 689
734 634
876 776
217 117
574 474
701 601
675 575
908 808
1053 953
644 544
243 143
642 542
610 510
690 590
321 221
927 827
715 615
917 817
699 599
717 617
667 567
132 32
645 545
979 879
827 727
792 692
658 558
785 685
407 307
188 88
664 564
1011 911
431 331
646 546
668 568
680 580
981 881
1097 997
749 649
1037 937
846 746
1088 988
493 393
451 351
337 237
761 661
617 517
730 630
621 521
460 360
313 213
1008 908
920 820
303 203
299 199
579 479
913 813
351 251
114 14
262 162
903 803
1005 905
548 448
267 167
307 207
962 862
186 86
469 369
223 123
281 181
320 220
865 765
258 158
351 251
1044 944
1009 909
524 424
745 645
411 311
668 568
499 399
947 847
159 59
638 538
353 253
640 540
333 233
199 99
412 312
523 423
890 790
346 246
949 849
265 165
302 202
644 544
652 552
152 52
753 653
231 131
888 788
472 372
993 893
571 471
213 113
725 625
598 498
784 684
542 442
478 378
1029 929
634 534
186 86
173 73
112 12
640 540
418 318
771 671
358 258
227 127
624 524
512 412
679 579
1072 972
524 424
923 823
568 468
763 663
464 364
884 784
181 81
688 588
499 399
596 496
996 896
270 170
251 151
253 153
726 626
299 199
467 367
252 152
937 837
358 258
740 640
383 283
224 124
389 289
672 572
708 608
508 408
563 463
458 358
280 180
995 895
429 329
984 884
321 221
623 523
394 294
538 438
225 125
378 278
725 625
125 25
527 427
829 729
896 796
1096 996
251 151
1056 956
967 867
288 188
222 122
619 519
470 370
135 35
940 840
411 311
215 115
295 195
975 875
929 829
1012 912
884 784
185 85
1004 904
1069 969
199 99
814 714
543 443
1071 971
838 738
843 743
813 713
298 198
209 109
735 635
488 388
141 41
936 836
740 640
361 261
831 731
793 693
322 222
553 453
636 536
589 489
265 165
614 514
411 311
170 70
224 124
434 334
873 773
811 711
1023 923
734 634
380 280
235 135
357 257
371 271
1061 961
552 452
367 267
769 669
338 238
228 128
910 810
384 284
271 171
624 524
388 288
243 143
489 389
1089 989
666 566
1094 994
174 74
380 280
913 813
492 392
149 49
573 473
275 175
331 231
854 754
995 895
557 457
1043 943
997 897
648 548
612 512
777 677
168 68
940 840
336 236
458 358
674 574
641 541
993 893
858 758
715 615
642 542
957 857
789 689
638 538
116 16
172 72
821 721
392 292
718 618
1016 916
1058 958
904 804
365 265
756 656
647 547
479 379
352 252
167 67
705 605
380 280
363 263
461 361
835 735
1084 984
278 178
371 271
516 416
589 489
541 441
356 256
498 398
982 882
107 7
325 225
104 4
629 529
127 27
610 510
739 639
1100 1000
513 413
291 191
602 502
913 813
326 226
998 898
427 327
520 420
270 170
570 470
811 711
719 619
223 123
477 377
1046 946
565 465
723 623
987 887
412 312
864 764
836 736
155 55
108 8
827 727
1015 915
944 844
122 22
744 644
750 650
281 181
931 831
271 171
608 508
645 545
634 534
539 439
515 415
647 547
996 896
517 417
1082 982
305 205
293 193
600 500
489 389
432 332
901 801
920 820
437 337
516 416
589 489
343 243
833 733
954 854
371 271
166 66
1042 942
336 236
1054 954
668 568
148 48
1069 969
1019 919
806 706
494 394
395 295
981 881
267 167
1017 917
873 773
475 375
379 279
110 10
761 661
548 448
827 727
228 128
938 838
630 530
504 404
641 541
843 743
411 311
334 234
416 316
629 529
573 473
291 191
481 381
932 832
752 652
637 537
102 2
466 366
237 137
980 880
449 349
1040 940
200 100
845 745
763 663
137 37
167 67
772 672
543 443
909 809
395 295
782 682
317 217
1079 979
1011 911
400 300
459 359
611 511
955 855
832 732
398 298
968 868
716 616
718 618
430 330
869 769
260 160
286 186
903 803
684 584
150 50
932 832
308 208
816 716
685 585
572 472
630 530
372 272
1051 951
598 498
754 654
465 365
1086 986
683 583
912 812
579 479
905 805
998 898
799 699
233 133
600 500
746 646
743 643
1015 915
644 544
155 55
1070 970
313 213
1087 987
723 623
988 888
975 875
746 646
613 513
498 398
456 356
610 510
686 586
725 625
116 16
794 694
1084 984
1033 933
522 422
593 493
454 354
120 20
314 214
204 104
990 890
330 230
312 212
1062 962
127 27
150 50
869 769
451 351
935 835
598 498
332 232
964 864
354 254
328 228
742 642
813 713
576 476
177 77
1019 919
507 407
1012 912
597 497
854 754
369 269
834 734
129 29
1067 967
297 197
141 41
498 398
359 259
847 747
1026 926
486 386
940 840
225 125
644 544
511 411
1008 908
459 359
325 225
944 844
169 69
680 580
221 121
208 108
623 523
938 838
778 678
508 408
693 593
914 814
765 665
521 421
414 314
1099 999
1092 992
607 507
696 596
657 557
458 358
745 645
624 524
671 571
263 163
632 532
1042 942
526 426
637 537
487 387
282 182
330 230
304 204
346 246
308 208
637 537
753 653
816 716
948 848
663 563
632 532
1047 947
203 103
733 633
971 871
934 834
1032 932
1038 938
607 507
429 329
1086 986
581 481
713 613
1057 957
423 323
505 405
690 590
789 689
477 377
432 332
1005 905
786 686
1032 932
1089 989
574 474
750 650
706 606
193 93
489 389
219 119
771 671
382 282
460 360
550 450
945 845
103 3
746 646
424 324
199 99
644 544
709 609
1057 957
601 501
834 734
864 764
368 268
698 598
799 699
342 242
271 171
490 390
251 151
161 61
379 279
359 259
991 891
619 519
242 142
926 826
480 380
1042 942
453 353
382 282
811 711
996 896
1029 929
1082 982
709 609
376 276
161 61
401 301
498 398
1052 952
485 385
956 856
731 631
528 428
959 859
355 255
325 225
823 723
307 207
380 280
428 328
1037 937
1071 971
137 37
647 547
1001 901
728 628
556 456
948 848
1096 996
643 543
690 590
964 864
555 455
328 228
610 510
185 85
767 667
768 668
929 829
1036 936
151 51
855 755
483 383
932 832
440 340
1028 928
1015 915
185 85
897 797
342 242
647 547
886 786
1100 1000
945 845
435 335
580 480
885 785
350 250
897 797
347 247
399 299
288 188
443 343
515 415
381 281
595 495
382 282
249 149
364 264
855 755
178 78
950 850
234 134
114 14
226 126
761 661
962 862
323 223
290 190
749 649
440 340
890 790
824 724
861 761
371 271
518 418
801 701
1059 959
564 464
727 627
505 405
768 668
330 230
529 429
253 153
798 698
1023 923
586 486
913 813
409 309
786 686
834 734
1025 925
851 751
121 21
489 389
158 58
439 339
395 295
672 572
1000 900
102 2
1056 956
973 873
186 86
357 257
446 346
1065 965
527 427
512 412
321 221
646 546
302 202
535 435
517 417
986 886
524 424
478 378
1043 943
905 805
983 883
1027 927
390 290
687 587
147 47
433 333
369 269
722 622
875 775
785 685
479 379
349 249
221 121
768 668
462 362
985 885
634 534
107 7
928 828
471 371
488 388
999 899
1008 908
649 549
494 394
405 305
382 282
166 66
532 432
218 118
543 443
1020 920
837 737
397 297
684 584
527 427
306 206
522 422
428 328
344 244
948 848
371 271
905 805
633 533
437 337
102 2
588 488
724 624
619 519
322 222
462 362
435 335
330 230
675 575
493 393
515 415
453 353
717 617
375 275
858 758
945 845
365 265
477 377
287 187
302 202
274 174
1071 971
320 220
531 431
411 311
608 508
182 82
925 825
370 270
326 226
782 682
819 719
1046 946
640 540
737 637
1073 973
1062 962
580 480
202 102
447 347
777 677
636 536
239 139
942 842
747 647
740 640
977 877
311 211
866 766
787 687
678 578
679 579
719 619
268 168
1022 922
778 678
135 35
344 244
858 758
579 479
329 229
849 749
616 516
149 49
1002 902
277 177
659 559
905 805
468 368
445 345
408 308
669 569
725 625
1026 926
155 55
373 273
1012 912
843 743
160 60
985 885
982 882
916 816
869 769
251 151
694 594
175 75
404 304
963 863
732 632
736 636
855 755
745 645
700 600
959 859
524 424
917 817
191 91
455 355
512 412
1030 930
1071 971
950 850
688 588
382 282
859 759
649 549
650 550
215 115
234 134
494 394
810 710
565 465
213 113
253 153
456 356
750 650
1085 985
715 615
439 339
946 846
1092 992
284 184
825 725
115 15
1055 955
404 304
1061 961
537 437
256 156
1043 943
163 63
1029 929
731 631
635 535
870 770
488 388
646 546
623 523
1088 988
615 515
1099 999
145 45
188 88
757 657
970 870
848 748
348 248
149 49
767 667
469 369
402 302
474 374
444 344
240 140
636 536
382 282
295 195
916 816
577 477
563 463
755 655
627 527
287 187
633 533
484 384
847 747
1055 955
1021 921
820 720
799 699
809 709
418 318
131 31
954 854
953 853
1038 938
115 15
763 663
1099 999
460 360
1041 941
288 188
258 158
785 685
1079 979
809 709
836 736
925 825
783 683
250 150
537 437
432 332
714 614
677 577
482 382
839 739
831 731
855 755
799 699
714 614
983 883
597 497
793 693
619 519
1004 904
539 439
750 650
1060 960
698 598
744 644
794 694
861 761
1062 962
410 310
818 718
754 654
819 719
1073 973
564 464
741 641
699 599
651 551
827 727
565 465
794 694
724 624
239 139
314 214
415 315
535 435
537 437
483 383
1092 992
549 449
404 304
454 354
172 72
728 628
654 554
955 855
812 712
125 25
685 585
134 34
802 702
661 561
351 251
168 68
258 158
1014 914
994 894
433 333
856 756
394 294
691 591
868 768
687 587
548 448
186 86
798 698
664 564
842 742
185 85
132 32
222 122
771 671
1093 993
816 716
142 42
183 83
198 98
263 163
237 137
1053 953
489 389
771 671
305 205
757 657
740 640
848 748
457 357
899 799
641 541
389 289
729 629
348 248
812 712
130 30
525 425
849 749
247 147
840 740
822 722
453 353
205 105
744 644
1099 999
908 808
482 382
172 72
959 859
522 422
313 213
476 376
360 260
1052 952
160 60
983 883
1008 908
807 707
798 698
719 619
764 664
764 664
189 89
966 866
954 854
261 161
763 663
994 894
1063 963
807 707
714 614
243 143
1014 914
707 607
246 146
421 321
205 105
187 87
511 411
999 899
930 830
165 65
260 160
262 162
786 686
751 651
312 212
558 458
114 14
679 579
945 845
303 203
1079 979
381 281
258 158
208 108
1039 939
529 429
627 527
882 782
818 718
186 86
775 675
963 863
1035 935
850 750
339 239
350 250
417 317
411 311
558 458
420 320
723 623
437 337
715 615
121 21
512 412
696 596
531 431
1093 993
739 639
1097 997
280 180
1061 961
957 857
907 807
740 640
981 881
597 497
227 127
657 557
1085 985
498 398
623 523
770 670
717 617
362 262
147 47
525 425
1094 994
275 175
0 1 0 0 0 0 0 0 0 0 0 0 1 0 0 0 0 0 0 0 1 0 0 0 0 0 1 0 0 1 0 0 0 0 0 0 0 0 0 0 0 0 0 0 0 0 1 0 0 0 0 0 0 0 0 0 0 0 0 0 0 0 0 0 1 0 0 0 0 0 0 0 0 0 1 0 1 0 0 0 0 0 0 0 0 1 0 0 0 1 0 0 0 0 0 0 1 0 0 0 0 0 0 0 0 0 1 0 0 0 0 0 0 1 0 0 0 0 0 0 1 0 0 0 0 0 0 0 0 0 0 0 0 0 0 0 0 0 0 0 0 0 0 0 0 0 0 1 0 0 0 0 0 0 0 0 0 1 0 0 0 0 0 1 1 0 0 0 0 1 0 0 0 0 0 0 0 0 0 0 0 0 0 0 0 0 0 0 0 0 0 0 0 0 0 0 0 0 0 0 0 0 0 1 1 0 0 0 0 0 0 1 0 0 0 0 0 0 0 0 0 0 0 0 0 0 0 0 0 0 0 0 0 1 0 0 0 0 0 0 0 0 1 0 0 0 0 0 0 0 0 0 0 0 0 0 0 0 0 0 0 0 0 0 0 1 0 0 1 0 0 1 0 1 1 0 0 0 0 0 0 0 0 0 0 0 0 0 0 0 0 0 1 0 1 0 0 0 0 0 0 0 1 0 0 0 0 1 0 0 0 0 0 0 0 0 0 0 0 0 0 0 0 1 0 0 0 0 0 0 0 0 0 0 0 0 0 0 0 0 0 0 0 1 0 0 0 0 0 0 0 0 0 0 0 0 0 0 0 0 0 0 0 0 0 0 0 0 0 0 0 0 0 0 0 1 0 0 0 0 0 0 0 0 1 0 0 0 0 0 0 1 0 0 0 0 0 0 0 0 0 0 0 0 0 0 0 0 0 0 0 0 0 0 0 0 0 0 0 0 0 0 1 1 0 0 0 0 0 0 0 0 1 0 0 0 0 0 0 0 0 0 0 0 0 0 0 0 0 0 0 0 0 0 0 0 0 0 0 0 0 0 0 0 0 0 0 0 0 0 0 0 1 0 0 1 0 0 0 1 0 0 0 1 0 0 0 0 0 0 1 0 0 0 0 0 0 0 1 0 0 0 0 0 0 1 0 0 0 0 0 0 0 0 0 0 0 0 0 0 0 0 0 0 1 0 0 0 0 0 0 0 0 0 0 0 0 0 1 0 0 0 0 0 0 0 1 0 0 0 0 0 0 0 0 0 0 0 0 0 0 0 1 0 0 0 0 1 0 0 0 0 0 0 1 0 0 0 0 0 0 0 0 1 1 0 0 0 0 1 0 0 0 0 0 0 0 1 0 0 0 0 0 0 0 1 1 1 0 0 0 0 0 0 0 0 0 0 0 0 0 0 0 0 0 0 0 0 0 0 0 0 0 0 0 0 0 1 0 0 0 0 0 0 0 0 0 0 0 0 0 0 0 0 0 0 0 0 0 1 0 0 1 1 0 1 0 0 1 0 0 0 0 0 0 1 0 0 0 0 0 0 0 0 0 0 0 0 0 0 0 0 0 0 1 0 0 0 1 0 0 0 0 0 0 0 0 0 0 0 0 0 0 0 0 0 0 0 0 0 0 1 0 0 1 0 0 0 0 0 0 0 0 0 0 0 0 0 0 1 0 0 0 0 0 0 0 0 0 0 0 0 0 0 0 0 0 1 1 0 0 0 0 0 1 0 0 1 0 0 0 0 0 0 0 0 0 0 0 0 0 0 0 0 0 0 0 0 0 0 0 0 0 0 0 0 0 0 0 0 0 0 0 0 0 0 0 0 0 0 0 0 0 0 0 0 0 0 0 0 0 0 0 0 0 0 0 0 0 0 0 0 0 1 0 0 0 0 1 0 0 0 1 0 0 0 0 0 0 1 0 1 1 0 0 1 0 0 0 0 0 0 0 0 0 0 0 0 0 0 0 0 0 0 0 0 0 0 0 0 0 0 0 1 0 0 0 0 0 0 0 0 1 0 0 1 0 0 0 0 0 0 0 0 0 0 0 0 0 1 0 0 0 0 0 0 0 0 0 0 0 1 0 0 0 0 1 0 0 0 0 0 0 0 0 0 0 0 1 0 0 0 0 0 0 0 1 0 0 0 0 0 1 0 0 0 0 0 1 1 0 0 0 0 0 0 0 0 0 0 0 0 0 0 0 0 0 0 0 0 0 0 0 0 0 0 1 0 1 0 0 0 0 0 0 0 0 0 0 0 0 1 0 0 0 0 0 1 0 0 0 0 0 0 0 0 0 0 0 0 0 0 0 0 0 0 0 0 0 0 0 0 0 0 0 0 0 0 0 0 0 0 0 0 0 0 0 0 0 0 0 0 0 0 0 0 0 0 0 0 0 0 0 0 0 0 0 0 0 0 0 0 0 0 0 0 0 0 1 0 0 0 0 0 0 0 0 0 0 0 0 0 0 0 0 0 0 1 0 0 1 0 0 0 0 1 0 0 0 0 0 0 0 0 0 0 0 0 0 0 0 0 0 0 0 0 0 0 0 0 0 0 0 0 0 0 0 0 0 0 0 0 0 0 0 0 1 0 0 1 0 0 0 0 0 0 0 0 0 1 0 0 0 0 0 0 0 1 0 0 1 0 0 0 0 0 0 0 0 0 0 0 0 0 0 0 1 1 0 1 0 0 0 1 0 0 0 0 1 0 0 0 0 1 0 1 1 0 0 0 0 0 0 0 0 0 0 0 0 0 1 0 0 0 1 0 0 0 0 0 0 0 0 0 0 0 0 0 0 0 0 0 0 0 0 0 0 0 0 0 0 0 0 0 0 0 0 0 0 0 0 1 0 0 0 0 0 1 0 0 0 0 0 1 0 0 0 0 0 0 0 0 0 0 0 0 1 0 0 0 0 0 0 0 0 0 0 0 0 0 0 0 1 0 0 0 0 0 0 1 0 0 0 0 1 0 0 0 0 0 0 0 0 0 0 0 0 0 0 0 0 0 0 0 0 0 0 0 1 0 0 0 0 0 1 1 0 0 0 0 0 1 0 1 0 0 0 0 0 0 0 0 0 0 0 0 0 0 0 1 0 0 0 0 0 0 1 0 0 1 0 0 0 0 0 1 0 0 0 0 0 0 0 0 0 0 0 0 0 0 0 0 0 0 0 0 1 0 0 0 0 1 0 0 0 0 1 0 0 0 0 0 0 0 0 0 0 0 0 0 0 0 0 0 0 0 1 0 0 1 0 0 0 0 0 1 0 0 0 0 0 1 0 0 0 0 0 0 0 0 0 0 0 1 1 0 0 1 0 0 0 1 1 0 1 0 0 0 0 0 0 0 0 0 0 0 1 0 0 0 0 1 0 0 0 0 0 0 0 0 0 0 0 0 0 0 0 0 0 0 0 0 0 0 0 0 0 0 0 0 0 0 0 0 0 0 0 0 0 0 0 0 0 0 0 0 0 0 0 0 1 0 0 0 0 0 0 0 0 0 1 0 0 0 0 1 0 0 0 0 0 1 0 0 0 0 0 1 0 0 0 0 1 0 0 0 0 0 0 0 0 0 0 0 0 0 0 0 0 0 0 0 0 0 0 0 0 0 0 1 0 0 0 0 0 1 0 0 0 0 0 0 0 0 1 1 0 1 0 0 0 0 0 1 0 0 0 0 0 0 0 0 0 1 0 0 0 1 0 0 0 0 0 0 1 0 0 0 1 0 0 0 0 0 0 0 1 1 0 0 1 0 0 0 0 0 0 0 0 0 0 0 0 0 0 0 1 0 0 1 0 1 0 0 0 0 0 0 0 1 1 0 0 0 0 1 0 0 1 0 0 0 0 0 0 0 0 0 0 0 1 0 0 0 0 0 0 0 0 0 0 0 0 0 0 0 0 0 0 0 0 1 0 1 0 0 0 0 0 0 0 0 0 0 0 0 0 0 0 0 0 0 0 0 0 0 0 0 0 1 0 0 0 0 0 0 0 0 0 0 0 0 0 0 1 0 0 0 0 0 0 0 0 0 0 0 0 0 0 0 0 0 0 0 0 0 0 0 0 0 0 0 0 0 0 0 0 0 0 0 0 0 0 0 0 0 0 0 0 0 0 0 0 0 0 0 0 0 0 0 0 0 0 0 1 1 0 0 0 0 0 0 0 0 0 0 0 0 0 1 0 0 0 1 0 0 0 0 0 0 0 0 0 0 0 0 0 0 0 0 0 0 0 0 1 0 0 1 0 0 0 0 0 0 0 0 0 0 0 0 1 0 0 0 0 0 0 0 0 1 0 0 0 0 0 0 0 0 0 0 0 0 0 0 0 0 0 0 0 0 0 0 0 0 0 0 0 0 0 0 0 0 0 0 0 0 0 0 0 0 0 0 1 0 0 1 0 0 0 0 0 0 0 0 0 0 0 0 0 0 0 0 0 0 0 0 0 0 1 0 0 0 0 0 0 0 0 0 1 0 0 0 0 0 1 0 0 0 0 0 0 0 0 1 0 0 0 0 0 0 0 0 0 1 0 0 1 0 0 0 0 0 0 1 0 0 0 0 0 0 0 0 0 0 0 1 0 0 0 0 0 0 0 0 0 0 0 0 0 0 0 0 0 1 0 1 0 0 0 0 0 1 0 0 0 0 0 0 0 0 0 0 1 0 0 0 0 1 0 0 0 1 0 0 0 0 0 0 1 0 0 0 0 0 0 0 1 0 0 0 0 0 0 0 0 0 1 0 0 0 0 0 0 0 0 0 0 1 0 0 0 0 0 0 1 0 0 0 0 1 0 0 0 0 0 0 0 0 0 0 0 0 0 0 0 0 0 0 0 0 0 1 0 0 0 0 0 1 0 1 0 0 0 0 0 0 0 1 0 1 0 0 0 0 0 0 0 0 0 0 0 1 0 0 0 0 0 0 0 1 0 0 0 0 0 0 0 0 0 0 0 1 1 0 0 0 0 0 1 0 0 0 0 0 0 0 0 0 0 0 0 0 1 0 0 0 0 0 0 0 0 0 0 0 0 0 0 0 1 0 0 0 0 0 1 0 0 1 0 0 0 1 0 0 0 0 0 0 0 0 0 0 0 0 0 0 0 0 0 0 0 0 0 1 0 0 0 0 0 0 0 0 0 0 0 0 1 0 0 0 0 0 0 0 0 0 1 0 1 0 0 0 0 0 0 0 0 0 0 1 0 0 0 0 0 0 1 0 0 0 0 1 0 0 0 1 1 0 0 0 0 0 0 0 0 0 0 0 0 0 0 0 0 0 0 0 1 0 0 0 0 0 0 1 0 1 0 0 0 0 0 0 0 0 0 0 0 0 0 0 0 0 0 1 0 0 0 0 0 1 0 0 0 0 0 0 0 0 0 0 0 1 0 0 0 0 0 0 0 0 0 0 0 0 0 0 0 1 1 1 0 0 0 0 0 0 0 1 0 0 0 0 0 0 0 0 0 0 0 0 0 0 0 0 0 0 0 1 0 0 0 0 0 0 0 0 0 0 0 0 0 0 0 0 0 0 0 1 0 0 0 0 0 0 0 0 0 0 0 0 0 0 0 0 0 0 0 0 0 0 0 0 0 0 1 0 0 0 1 0 0 1 0 0 0 0 0 0 0 0 0 1 1 0 0 0 1 0 0 0 0 0 0 0 0 0 0 0 0 0 0 0 0 0 0 0 0 1 0 0 1 0 0 0 0 0 0 0 0 0 0 1 0 0 0 0 0 0 0 0 0 0 0 0 1 0 0 0 0 0 0 0 0 0 0 0 0 0 0 0 0 0 0 0 0 0 0 0 0 0 0 0 0 0 0 0 0 0 0 0 0 0 0 0 0 0 0 0 0 0 0 0 0 0 0 0 0 0 0 0 0 0 0 0 0 0 0 0 0 0 0 0 0 0 0 0 0 0 0 0 0 1 0 0 0 0 0 0 0 0 0 0 0 0 0 0 0 0 0 0 0 0 0 0 1 0 0 0 0 0 0 0 0 1 0 0 0 0 1 0 0 0 0 0 0 0 1 0 0 0 0 0 0 1 0 0 0 0 0 0 0 0 0 1 1 0 1 0 1 0 0 0 0 0 0 0 0 0 0 0 0 1 0 0 0 0 1 0 0 0 0 0 0 0 0 1 0 0 0 1 0 0 1 0 0 0 0 0 0 0 0 0 0 0 0 0 0 0 0 0 0 0 0 0 0 0 0 0 0 0 0 0 0 0 0 0 0 0 0 0 0 1 0 0 0 1 0 0 0 0 0 0 0 0 0 1 0 0 0 0 0 0 0 0 0 0 0 0 1 0 0 0 0 0 0 0 0 0 0 0 1 1 0 1 0 0 1 0 0 1 0 0 0 0 0 0 1 0 0 0 0 0 0 0 0 0 1 0 0 0 0 0 0 0 0 0 0 0 1 0 0 0 0 0 0 1 0 0 0 0 0 0 0 0 0 0 0 1 0 0 0 0 1 0 0 0 0 0 0 0 0 0 0 0 0 1 0 0 0 0 0 0 0 0 0 0 0 0 0 0 0 0 0 0 0 0 0 0 0 1 0 0 0 0 0 0 0 0 0 0 0 0 0 0 1 0 0 0 0 0 0 0 0 0 0 0 1 0 0 0 0 0 1 0 0 0 0 0 0 0 0 0 0 0 1 0 1 0 0 0 1 0 0 0 0 0 0 0 0 0 0 0 0 0 0 0 0 0 0 1 1 0 0 0 0 0 0 0 0 0 0 1 0 1 0 0 0 0 0 0 0 0 0 0 0 0 0 0 0 0 0 0 0 0 0 0 0 0 0 0 0 0 0 0 1 0 0 0 0 0 0 0 0 0 0 0 0 0 0 0 1 1 0 0 0 0 0 0 0 1 0 0 0 0 0 1 0 0 0 0 0 0 0 0 0 0 0 0 0 0 0 0 0 0 1 0 0 0 0 0 0 1 0 0 0 0 0 0 0 0 0 1 0 0 0 0 0 0 1 0 0 0 0 0 0 0 1 0 0 0 0 0 0 0 0 0 0 0 0 0 0 0 0 0 0 0 0 0 0 1 0 0 0 0 0 0 0 0 0 0 0 0 0 0 1 0 0 0 0 0 0 0 0 0 0 0 0 1 0 0 0 0 1 0 0 0 0 0 0 1 0 0 1 0 0 0 0 0 0 0 0 0 0 0 0 0 0 0 0 0 0 0 1 0 0 0 0 0 0 0 0 0 0 0 0 0 0 0 0 1 0 0 0 1 0 0 0 0 1 0 0 0 0 0 0 1 0 0 0 0 0 0 0 0 0 0 0 0 0 1 1 0 0 1 1 0 0 0 0 0 0 0 0 0 0 0 0 1 0 1 0 0 0 0 0 0 0 0 0 0 0 0 0 0 0 0 0 0 0 0 0 0 0 0 0 1 1 0 0 0 0 1 0 0 0 0 0 1 0 0 0 0 0 0 0 0 0 0 0 0 0 0 0 1 0 0 0 1 1 0 0 0 0 0 0 0 0 0 0 1 0 0 0 0 1 1 0 0 1 0 0 0 0 0 1 0 0 0 0 0 0 0 0 0 1 0 0 0 0 0 0 0 0 0 0 0 0 0 0 0 0 0 0 0 0 1 0 0 0 0 0 0 0 0 0 1 0 0 0 0 1 0 0 0 1 0 0 1 0 0 0 0 0 0 0 0 0 0 0 0 0 0 0 1 0 0 0 0 0 1 0 0 0 0 0 0 0 0 0 1 0 0 0 0 0 0 1 1 0 0 0 0 1 0 0 0 0 0 0 0 0 0 0 0 0 0 0 0 0 0 0 0 0 0 0 0 0 0 1 0 0 0 1 0 0 0 0 0 0 0 0 0 0 0 0 0 0 1 0 0 0 0 0 1 0 0 0 0 0 0 1 1 0 0 0 0 0 0 0 0 0 0 0 0 0 0 0 0 0 0 0 0 0 0 0 0 0 0 0 0 0 0 1 0 0 0 0 0 0 0 0 0 0 1 0 0 0 0 0 0 0 0 0 0 0 0 0 0 0 0 0 0 0 0 0 0 0 0 0 0 0 0 0 0 0 0 0 1 0 0 0 1 0 0 0 1 0 0 0 0 0 0 0 0 0 0 0 0 0 0 0 0 0 0 0 0 0 0 0 0 0 0 0 0 0 0 0 0 0 0 0 0 0 0 0 0 0 0 0 0 0 0 0 0 0 0 0 0 0 0 0 0 0 0 0 0 0 0 0 0 0 0 0 0 0 1 0 0 0 0 0 0 0 0 0 0 0 0 0 0 0 0 1 0 0 0 0 1 0 0 0 0 0 0 0 0 0 0 0 0 0 1 0 1 0 0 0 0 0 1 0 0 0 0 0 1 0 0 1 0 0 0 0 0 0 0 0 0 0 0 0 0 0 0 0 0 0 0 0 0 0 1 1 0 0 0 0 0 1 0 0 1 0 0 0 0 0 0 0 0 0 0 0 0 0 0 1 0 0 0 0 0 0 0 0 0 0 0 0 0 0 0 0 0 0 0 0 0 0 0 0 0 0 0 0 0 0 0 0 0 1 0 0 0 0 0 0 0 0 0 0 0 0 0 0 0 0 0 0 0 1 0 0 1 0 0 0 0 1 0 0 0 0 0 0 0 0 0 0 0 0 0 0 0 0 0 0 0 0 0 1 0 0 0 0 0 0 0 1 0 0 0 0 0 0 0 0 0 0 0 0 0 0 0 0 0 0 0 0 0 0 0 0 0 0 0 0 1 0 0 0 0 0 0 0 1 0 0 0 0 0 0 0 0 0 0 0 0 0 0 0 1 0 0 0 0 1 0 0 0 0 0 0 0 0 0 1 0 0 0 0 0 0 0 0 0 0 0 0 0 0 1 1 1 0 0 0 0 0 0 0 0 0 0 0 0 0 0 0 1 0 0 0 0 0 0 0 0 0 0 0 0 0 0 0 0 0 0 0 0 0 0 0 0 0 0 0 0 0 0 0 0 0 1 0 0 0 0 0 0 0 0 0 0 0 1 0 0 0 0 0 0 0 0 1 0 0 1 0 0 0 0 0 0 0 0 0 0 1 0 0 0 0 0 0 0 0 0 0 0 0 1 0 0 0 0 0 0 0 0 0 0 0 0 0 0 0 0 0 0 0 0 0 0 0 0 0 0 1 0 0 0 1 0 0 0 0 0 0 0 0 0 0 0 1 0 0 0 0 0 0 0 0 0 0 0 0 1 1 0 0 0 0 0 0 0 0 0 0 0 1 0 0 0 0 0 0 0 0 0 0 0 0 0 0 1 0 1 0 1 0 0 0 0 0 0 0 0 0 0 0 0 0 0 0 0 0 0 0 0 0 0 0 0 1 1 0 0 0 1 0 0 0 0 0 0 0 0 0 0 0 0 0 0 0 0 0 0 0 0 0 0 0 0 0 0 0 0 1 0 0 0 0 1 0 0 0 0 0 0 0 0 0 0 0 1 0 0 0 0 0 0 0 0 0 0 0 0 0 0 0 0 0 0 0 1 0 0 0 0 0 1 0 0 1 1 0 0 0 0 0 0 0 0 0 0 0 0 0 0 0 0 0 0 0 0 0 0 0 1 0 0 0 0 0 0 0 0 0 0 0 0 0 0 0 0 0 0 0 0 0 0 0 0 1 0 0 0 0 0 0 0 0 0 0 0 0 0 1 0 0 0 0 0 0 1 0 0 0 0 0 0 1 1 0 0 0 0 0 0 0 0 0 0 0 1 0 0 0 0 0 0 0 1 0 0 1 0 0 0 0 0 0 0 0 0 0 0 0 0 1 0 0 0 0 0 0 0 0 0 0 0 0 0 0 0 0 0 0 0 0 0 0 0 0 0 0 0 0 0 0 0 0 0 0 0 0 0 0 0 0 0 0 0 0 0 0 0 0 0 0 0 0 0 0 0 0 0 0 0 0 0 0 0 0 1 0 0 0 0 0 0 0 1 0 0 1 0 0 0 0 0 0 0 0 0 0 0 0 0 1 0 0 0 0 0 0 0 0 0 0 0 0 0 0 0 0 1 0 0 0 0 0 0 0 0 0 0 0 0 0 0 0 0 1 0 0 0 0 0 0 0 0 0 0 0 0 1 0 0 0 0 1 0 0 0 0 0 0 1 0 0 0 0 0 0 0 0 0 0 0 0 0 0 0 0 0 0 0 0 0 0 1 0 0 1 0 0 0 0 0 0 0 0 0 0 0 0 0 0 0 0 0 0 0 0 0 0 0 0 0 0 0 0 0 0 1 0 1 0 0 0 0 1 0 0 1 0 0 0 0 0 0 0 0 0 0 0 0 0 0 0 0 0 0 0 1 0 0 0 0 0 0 0 0 0 0 0 0 1 0 0 0 0 0 0 0 0 0 1 0 0 0 0 0 0 0 0 0 0 0 0 0 0 0 0 0 1 0 0 0 0 0 0 0 0 0 0 0 0 0 0 0 0 0 0 0 0 0 0 0 0 0 1 0 0 0 0 0 0 0 0 0 0 0 0 0 0 0 0 0 0 0 0 0 0 0 0 0 0 0 0 0 1 0 0 0 0 0 0 1 0 0 0 0 0 0 0 0 0 0 1 0 0 0 1 0 0 0 0 0 0 1 0 0 0 0 0 0 0 0 0 0 1 0 0 0 0 0 0 0 0 0 0 0 0 0 0 0 0 0 0 0 0 0 0 0 0 0 0 1 0 0 0 0 0 0 1 0 0 0 0 0 0 0 0 0 0 1 1 0 0 0 0 1 0 0 0 0 0 0 0 0 0 0 0 0 0 0 0 0 0 0 0 0 0 0 0 0 1 0 0 0 1 0 0 0 0 0 0 0 0 0 0 0 0 0 0 0 0 0 0 0 0 0 0 0 0 0 0 0 0 0 0 0 0 0 0 0 0 0 0 0 0 0 0 0 0 0 0 0 0 0 0 0 0 0 0 0 0 0 0 0 1 0 0 0 0 1 0 1 0 0 0 1 0 0 0 0 0 0 0 0 0 0 1 0 0 0 1 1 0 0 0 0 1 1 1 0 0 0 0 0 0 0 0 0 0 0 0 0 0 0 0 1 0 0 0 0 0 0 0 0 0 0 0 1 0 0 0 0 0 0 1 0 0 0 0 0 0 0 1 0 0 0 0 0 0 0 0 0 0 0 0 0 0 1 0 0 0 1 0 0 0 0 0 0 1 0 0 0 0 0 0 0 0 0 0 0 0 1 0 0 0 0 0 0 0 0 0 0 0 0 0 1 0 0 0 0 0 0 0 0 0 0 0 0 0 0 0 0 0 0 0 0 0 1 0 0 0
