5000 25016
94 485
506 326
416 248
992 421
649 322
237 795
457 43
815 845
446 955
422 252
791 9
359 901
667 122
598 94
7 738
544 574
334 715
766 882
994 367
893 984
633 299
131 433
428 682
700 72
617 874
874 138
720 856
419 145
794 995
196 529
997 199
116 277
908 97
539 719
707 242
569 107
537 122
931 70
726 98
487 600
772 645
513 267
81 972
943 895
58 213
303 748
764 487
536 923
724 29
789 674
479 540
142 554
339 467
641 46
196 710
494 553
66 191
824 724
208 730
711 988
800 90
314 340
289 549
401 196
466 865
689 678
833 570
225 936
244 722
849 651
113 123
379 431
361 508
65 585
486 853
686 642
286 992
889 725
24 286
491 812
891 859
90 663
181 88
214 179
17 187
472 619
418 261
419 846
356 192
682 261
306 514
201 886
385 530
952 849
500 294
194 799
737 391
324 330
992 298
224 790
260 275
97 826
210 72
649 866
919 951
63 748
958 685
804 956
518 564
428 183
537 400
346 721
153 207
971 323
662 611
197 116
91 109
529 795
126 343
747 862
469 685
770 10
934 881
723 984
895 403
568 360
172 449
958 541
383 272
308 877
970 359
583 707
48 308
930 770
569 30
3 208
20 311
609 100
887 939
825 422
930 785
904 370
241 989
379 969
376 143
962 972
889 28
443 61
216 638
338 348
160 347
406 66
159 391
31 638
204 295
420 826
153 196
425 449
331 855
565 143
838 487
9 140
918 564
533 615
232 135
957 564
591 360
576 793
746 163
377 859
858 760
86 711
434 662
558 159
279 660
840 268
735 948
574 315
126 676
912 341
739 689
821 894
625 706
917 490
201 478
993 671
149 932
52 899
759 237
267 187
256 472
783 772
117 98
516 906
180 911
25 635
380 225
712 823
266 164
216 343
448 732
541 502
664 740
954 576
726 612
772 902
531 454
943 411
750 973
327 703
917 850
5 77
113 220
913 802
791 403
998 181
859 10
345 525
431 919
675 668
833 527
438 462
523 291
916 605
420 457
115 405
660 417
261 279
772 685
388 596
764 307
843 224
206 322
407 840
639 975
852 401
542 91
60 327
757 330
82 182
637 603
93 793
614 615
136 733
187 864
102 16
972 863
163 987
501 306
477 34
492 840
121 700
80 706
138 787
660 105
229 834
827 798
448 310
230 609
832 690
489 561
586 579
291 60
665 388
660 309
702 407
153 200
606 313
123 970
253 33
709 273
832 277
108 997
888 40
481 227
283 860
858 940
284 608
711 990
850 590
239 806
943 52
195 801
95 764
410 710
664 386
900 593
112 50
963 494
754 156
458 936
19 965
225 86
569 723
97 184
194 868
754 340
602 412
61 487
695 209
347 346
719 860
100 307
97 95
843 821
745 941
286 821
492 587
116 201
531 665
424 527
253 812
426 424
413 459
980 343
291 836
833 506
486 179
9 916
575 430
922 596
145 808
897 269
404 512
742 811
728 685
269 567
103 776
745 855
35 718
779 853
71 97
80 146
842 746
128 15
941 965
227 512
30 480
342 958
605 665
531 191
364 964
359 515
867 606
820 822
313 536
207 693
911 19
308 335
430 101
685 922
641 294
113 910
141 410
690 250
700 546
559 729
481 609
503 720
766 976
7 759
882 798
859 74
182 648
425 299
542 785
683 846
853 390
938 897
89 416
624 837
181 247
878 293
933 144
580 938
252 467
207 480
658 955
20 665
954 26
347 564
759 449
446 26
14 521
657 301
710 321
980 613
188 388
636 879
203 990
432 188
129 963
630 820
509 300
237 822
373 255
838 277
395 153
692 400
103 227
218 518
384 447
931 315
396 813
389 324
640 502
287 299
297 780
977 376
512 516
219 212
555 329
398 810
289 486
798 485
598 416
49 952
572 894
697 358
770 21
725 647
542 44
214 683
887 361
45 814
94 231
282 8
82 165
319 496
626 699
146 852
541 459
874 535
725 314
777 944
554 306
208 459
787 637
976 447
912 408
444 107
3 962
301 565
164 407
437 857
652 317
764 98
41 818
737 600
176 288
136 902
128 567
394 190
235 749
42 908
824 276
684 748
979 592
568 393
367 363
52 163
642 983
335 179
126 16
130 478
583 259
129 868
752 295
167 596
856 71
640 622
770 864
431 644
195 5
448 365
701 429
952 64
880 854
168 770
79 88
961 157
472 368
217 421
709 719
147 271
296 975
909 816
764 962
251 535
878 438
753 696
570 881
253 318
666 45
931 52
433 496
810 313
678 138
123 334
212 988
66 508
206 770
750 751
64 780
466 441
337 207
510 516
796 674
175 408
437 920
938 573
848 634
561 878
718 990
948 826
649 696
569 800
663 411
582 422
843 707
202 334
702 986
579 494
725 150
803 562
340 380
156 832
832 979
602 376
234 511
688 414
184 160
978 982
413 238
633 490
585 899
606 251
963 526
350 897
242 39
539 657
739 452
267 538
165 831
177 460
720 185
802 934
644 440
82 490
798 168
197 71
173 977
81 458
235 204
112 803
103 139
268 399
879 420
643 991
106 578
122 972
444 177
262 398
691 348
997 496
446 276
171 825
549 614
281 121
211 730
112 341
408 284
730 698
363 17
89 546
605 672
938 974
168 866
705 377
47 559
400 340
215 527
114 779
51 761
881 483
549 92
679 390
328 583
250 661
203 391
481 336
752 661
707 125
82 89
63 275
660 359
21 178
287 780
219 42
500 5
820 380
95 772
44 816
748 9
678 484
276 545
478 589
663 157
594 901
757 777
947 74
448 247
570 55
313 479
981 785
795 958
552 680
389 393
280 944
864 596
636 619
512 611
892 852
184 283
947 299
614 766
625 312
149 826
377 726
474 733
18 805
662 679
416 403
1 964
530 337
752 541
22 478
981 369
777 946
957 821
275 833
584 837
582 490
121 37
951 594
668 129
118 258
319 246
896 362
521 755
948 504
248 71
474 177
351 176
54 803
155 237
660 677
871 33
486 115
294 597
425 769
245 536
382 956
371 341
708 184
544 234
794 569
387 216
738 537
520 84
281 810
502 657
91 33
503 159
924 520
16 668
33 287
344 229
349 374
606 474
896 672
595 915
441 511
102 123
52 569
654 199
710 396
434 715
245 59
36 610
661 917
413 927
13 270
370 117
400 516
195 215
984 216
476 237
164 615
405 499
674 477
196 760
608 285
907 56
532 966
51 622
716 221
327 194
880 91
710 347
267 252
400 473
376 516
609 385
320 357
196 958
538 665
935 792
404 64
100 420
126 671
855 968
94 877
731 177
253 523
8 139
393 152
543 732
348 246
318 565
489 740
22 902
998 17
49 973
381 298
10 611
429 32
221 11
150 337
717 136
530 889
332 522
942 805
565 28
216 931
61 757
170 609
872 544
644 905
208 595
680 246
697 113
639 175
679 156
961 244
361 883
802 265
359 883
839 462
718 485
280 272
252 204
280 984
102 409
615 398
296 909
481 370
956 882
230 214
259 766
922 35
706 421
272 271
156 370
552 848
485 50
536 976
70 270
902 796
452 963
35 379
947 991
378 551
57 897
352 307
669 421
702 74
141 388
458 559
463 980
756 615
887 681
332 231
528 207
656 818
254 331
787 979
495 445
370 348
10 724
200 401
327 646
17 668
374 242
755 302
980 861
376 830
8 77
32 441
460 589
804 990
23 189
869 868
943 996
715 363
628 237
73 420
199 565
38 214
209 333
327 726
912 175
799 58
372 625
976 66
120 169
667 475
188 204
28 90
704 496
649 1
746 474
697 449
712 252
289 332
625 287
953 189
462 889
302 63
79 378
41 206
823 897
908 230
665 382
36 575
732 60
809 529
66 477
291 290
591 89
583 961
252 461
479 702
530 532
224 680
788 53
309 642
366 1000
352 891
402 822
545 152
113 324
967 633
454 267
723 381
14 272
20 506
308 419
644 461
713 526
482 978
336 468
289 729
496 795
326 581
530 383
167 226
522 421
830 386
91 273
116 484
747 676
395 107
958 229
756 902
262 962
703 105
511 84
481 991
449 701
888 689
599 655
306 600
492 538
803 499
445 881
316 981
889 473
785 383
765 679
491 573
589 589
124 480
741 145
898 624
725 923
682 915
131 232
398 974
906 735
753 678
312 640
790 644
301 212
945 123
447 253
197 943
27 18
573 916
589 327
934 640
209 615
529 470
899 655
15 288
592 401
92 840
575 633
814 707
354 424
127 682
374 194
566 855
594 190
973 728
645 178
603 275
712 88
32 367
298 544
561 738
906 963
626 460
143 266
504 727
836 33
361 442
431 628
554 384
24 244
416 482
735 765
243 446
454 247
932 913
494 560
648 528
357 594
596 935
788 462
536 621
759 660
200 564
566 302
741 936
217 592
219 724
832 118
819 299
487 251
473 129
241 96
64 167
516 169
857 381
218 976
490 767
504 837
707 407
342 203
475 387
175 735
786 706
171 335
232 40
888 821
866 131
976 159
253 978
619 53
642 849
460 478
218 19
218 230
667 453
949 336
89 931
488 588
568 449
526 566
860 272
4 883
772 731
734 80
259 213
270 177
6 872
424 626
204 940
313 150
159 379
205 833
25 517
951 724
721 973
635 581
293 839
712 272
410 412
465 839
366 492
74 553
23 718
416 738
764 839
49 390
817 588
507 523
152 630
256 770
562 746
495 49
414 369
78 537
912 115
59 215
259 971
258 602
841 551
137 40
590 494
383 252
869 158
939 72
282 177
880 667
479 483
454 815
730 19
556 745
195 339
409 614
580 302
99 319
913 670
798 513
318 566
790 27
344 322
80 645
468 210
922 841
179 925
347 521
231 975
597 269
607 929
903 478
310 970
223 684
10 231
845 673
905 348
58 232
93 727
759 597
912 397
906 539
43 907
76 892
552 699
670 408
671 361
353 789
837 529
12 190
889 880
912 236
377 715
56 718
585 439
852 814
715 902
421 658
330 410
51 412
840 90
697 678
848 951
826 37
198 593
341 737
274 211
740 134
339 847
875 490
400 95
603 435
474 737
126 860
973 310
973 548
581 984
788 660
629 86
799 635
475 941
959 56
80 372
917 650
91 964
783 735
773 682
712 151
655 283
953 773
279 643
701 898
706 817
147 269
355 731
100 507
498 841
261 207
591 752
630 318
374 126
960 153
917 101
406 560
759 743
618 816
981 980
641 1
131 82
920 886
534 377
453 465
397 753
51 842
301 547
197 580
910 754
211 37
851 548
42 896
919 656
30 537
674 78
979 540
764 597
937 314
656 845
590 361
337 930
997 654
643 841
652 810
632 98
827 814
659 898
56 237
97 236
304 397
771 468
680 160
344 168
561 189
632 123
666 783
235 991
71 775
327 565
824 906
1 604
948 233
851 693
780 209
603 279
380 231
84 675
684 370
757 814
605 276
304 238
358 710
294 931
742 879
37 492
4 81
707 347
131 417
660 582
89 801
455 195
303 403
680 247
970 356
934 627
951 858
404 803
446 236
349 572
93 485
672 586
158 748
772 235
891 859
532 788
621 345
347 861
227 342
555 779
16 595
303 963
941 260
833 366
190 835
622 733
345 834
893 442
192 773
430 880
160 873
767 793
170 173
810 402
318 60
690 628
224 19
52 146
411 685
203 138
785 593
219 202
61 500
919 89
191 433
711 63
294 514
937 865
253 393
103 269
316 111
625 614
639 272
641 973
139 609
45 236
316 496
218 24
293 871
747 227
879 420
633 850
10 127
356 170
665 224
536 722
823 189
603 597
392 286
258 22
771 957
820 536
139 221
566 281
229 238
325 531
804 449
786 735
983 670
847 646
388 272
632 605
253 394
405 508
137 537
283 955
678 477
659 969
706 692
786 963
313 829
143 638
713 206
244 185
489 187
844 129
896 300
602 114
210 305
930 199
692 916
457 839
241 899
950 452
229 185
212 561
222 848
32 191
747 830
869 860
245 873
575 649
818 591
204 974
584 974
822 452
198 397
942 350
942 597
899 13
375 392
327 343
479 756
66 387
950 924
464 188
286 68
573 552
294 166
137 435
557 14
423 797
427 254
95 300
715 431
403 367
453 197
735 233
1 149
145 62
782 38
848 69
456 425
490 810
679 878
461 503
844 308
70 798
599 437
888 798
395 36
733 583
795 412
368 195
94 878
114 388
46 438
795 532
583 3
321 268
714 417
332 277
257 229
906 445
301 380
277 974
651 248
218 433
109 1000
558 874
388 939
121 760
372 473
228 811
208 766
326 306
572 556
50 521
753 364
77 460
266 136
227 458
502 784
337 648
31 783
629 960
215 137
353 591
274 875
343 440
758 263
838 40
478 835
595 943
255 749
331 263
362 597
84 5
16 999
459 161
220 35
16 891
865 459
719 996
292 592
175 54
461 985
301 401
759 298
715 459
207 77
129 611
681 159
261 467
893 737
399 895
377 49
189 382
360 285
14 388
728 972
314 265
225 729
534 810
914 973
94 818
549 295
674 532
434 58
211 736
986 187
863 896
802 998
279 997
31 476
810 259
968 475
187 494
791 130
190 151
410 639
592 855
886 480
875 478
763 386
352 672
58 361
815 894
562 460
571 148
322 660
465 628
418 329
198 975
554 1
656 507
108 750
453 109
909 915
576 700
646 75
114 896
313 229
692 85
759 144
643 536
462 919
860 516
904 473
959 25
663 25
209 611
564 44
233 722
478 980
716 563
616 672
107 914
979 541
466 882
971 142
76 259
886 35
498 543
150 689
442 721
136 142
36 530
37 503
344 450
550 248
355 599
980 919
473 636
957 181
324 873
859 154
570 427
294 604
260 313
674 363
339 594
259 813
382 829
660 49
430 791
760 554
682 499
664 226
358 345
114 432
142 758
19 64
753 843
163 637
121 941
94 965
398 448
587 857
98 968
142 351
303 758
968 351
533 980
982 662
568 357
519 914
277 548
622 723
517 23
720 170
635 351
55 113
263 783
285 766
189 527
628 206
7 644
290 258
655 861
387 728
641 69
742 128
741 392
793 145
802 51
897 112
262 253
193 340
882 932
131 817
482 965
573 480
443 724
203 839
965 500
75 746
807 811
805 373
513 605
472 252
797 172
690 394
295 177
784 98
532 377
155 486
110 855
884 290
173 130
78 355
714 842
633 233
477 101
119 686
718 736
15 930
472 700
328 69
793 607
199 879
999 916
177 960
525 408
948 679
498 138
495 185
890 782
906 49
334 453
385 630
399 429
338 853
520 545
829 651
481 765
99 159
680 1000
87 179
802 717
890 885
839 32
339 838
883 186
67 470
544 185
357 921
457 376
444 986
642 934
152 171
59 645
616 46
59 681
987 43
353 234
530 103
958 496
613 389
838 931
85 579
86 132
569 908
479 772
683 677
400 343
370 703
882 139
146 344
116 387
760 909
407 539
447 304
388 655
41 378
658 92
119 862
28 411
457 362
198 397
17 290
432 152
321 611
427 173
205 137
344 946
563 365
304 475
47 982
694 920
91 802
961 66
644 778
109 744
959 464
969 313
42 341
108 685
648 331
49 85
228 676
929 91
527 534
967 166
316 51
582 966
840 841
575 625
503 114
911 16
305 113
989 826
836 506
369 738
587 564
232 455
452 735
900 264
952 548
81 738
995 853
562 575
739 569
705 365
5 620
557 264
490 193
294 21
361 373
900 84
47 250
205 288
145 132
846 151
658 419
849 521
680 974
148 655
96 648
210 737
690 298
19 187
831 981
679 965
726 954
528 166
15 248
564 636
847 560
721 563
9 24
700 896
446 803
858 16
699 274
271 714
977 449
533 229
154 280
756 423
871 868
912 124
727 970
968 231
569 935
163 808
618 23
685 210
650 88
807 151
393 770
276 555
304 613
911 866
233 223
42 303
400 305
162 306
51 900
734 964
933 397
366 898
16 59
177 628
360 225
742 537
725 612
868 633
489 314
501 478
632 981
365 904
196 819
496 108
744 179
145 152
501 598
880 349
248 80
683 762
500 314
389 513
620 205
91 584
721 652
859 894
665 198
416 143
481 671
320 302
865 611
126 631
757 526
963 526
781 403
240 231
330 830
518 283
824 864
935 755
51 159
309 220
18 447
863 800
1 833
749 805
658 791
577 412
579 857
509 408
154 895
923 360
397 827
687 971
959 961
617 519
637 335
623 238
174 883
775 222
608 886
306 708
1000 475
957 876
641 123
472 127
726 384
305 745
714 284
643 429
708 685
631 512
489 503
829 599
746 983
732 462
732 992
669 270
422 491
54 282
900 831
682 167
666 115
957 661
109 564
454 934
964 608
933 513
140 53
195 659
24 646
657 164
231 763
169 825
128 949
537 355
264 811
46 164
4 851
900 289
802 392
68 224
450 460
126 903
58 347
398 638
486 101
451 587
335 797
162 881
106 210
745 243
969 969
432 298
159 253
634 593
565 453
16 657
610 72
503 222
511 319
752 61
55 694
469 384
829 801
692 136
177 536
211 958
499 647
115 526
984 28
818 904
233 509
424 884
976 565
371 601
406 323
334 522
784 192
676 103
168 451
427 867
432 602
531 783
337 311
677 994
537 172
1000 51
379 389
103 237
785 721
943 597
412 492
572 331
828 380
771 259
939 726
594 55
19 501
500 459
376 790
689 4
776 634
474 117
575 601
953 808
143 544
510 542
221 590
615 827
599 817
567 617
545 32
727 879
558 692
307 685
564 88
331 911
568 546
881 580
649 997
746 937
393 988
237 351
517 661
521 630
213 360
820 908
199 203
813 479
14 251
803 162
448 905
207 167
86 862
123 369
220 181
158 765
944 251
424 909
311 645
399 568
59 847
253 538
233 540
312 99
790 423
849 246
202 165
552 544
653 52
788 131
893 372
113 471
498 625
442 684
929 378
86 534
12 73
318 540
258 671
524 127
579 412
424 972
468 823
364 663
81 784
399 588
896 496
151 170
626 153
367 199
837 152
640 258
124 283
572 289
408 608
358 463
895 180
884 329
523 221
438 294
278 125
25 625
729 427
996 796
956 151
188 867
519 122
35 370
311 840
195 115
829 875
784 912
904 85
99 969
443 714
738 971
713 743
109 198
388 635
836 41
261 640
693 731
453 222
489 536
514 165
70 311
334 124
711 773
634 923
135 280
271 257
452 961
669 267
128 238
284 810
524 171
143 288
989 389
994 566
280 74
392 813
473 49
231 175
895 754
943 457
548 897
677 512
840 68
358 236
541 574
758 893
542 615
689 857
16 538
721 72
618 292
958 916
265 804
547 656
252 379
605 67
263 280
735 361
178 984
416 271
441 489
398 256
7 882
4 225
27 529
639 510
413 1000
502 191
226 813
327 898
170 420
711 470
123 619
946 377
623 465
312 887
736 764
8 55
915 727
22 844
650 644
831 181
508 171
534 545
415 439
896 547
982 417
193 205
389 500
801 332
337 820
489 416
733 243
271 854
942 66
954 236
48 568
919 969
394 706
881 295
917 167
375 773
10 279
448 661
128 727
530 838
541 404
311 743
316 234
473 529
381 191
652 832
2 537
137 366
349 880
100 940
663 745
67 37
443 672
295 809
217 682
911 979
359 300
855 511
298 732
616 868
330 618
160 769
803 186
50 584
208 832
585 716
530 472
951 272
654 498
986 365
812 583
805 479
699 898
500 133
643 646
544 915
970 55
987 213
888 623
646 875
398 513
510 356
625 586
694 16
933 984
493 422
20 354
104 214
230 890
962 212
50 27
351 769
498 835
864 232
228 254
713 642
77 476
407 919
497 912
269 754
29 734
197 967
398 41
747 259
386 926
125 840
411 544
359 908
844 225
580 69
108 121
838 523
408 678
814 593
421 665
999 314
507 992
557 596
645 358
571 524
532 163
426 942
387 537
230 182
246 204
537 208
716 653
563 848
947 532
633 103
834 871
938 932
329 507
481 986
957 613
405 323
689 590
332 377
686 905
989 932
650 474
93 606
119 389
282 671
450 360
3 845
324 646
544 99
957 609
734 501
268 764
699 598
171 242
151 390
279 61
891 259
142 519
380 826
353 942
711 282
929 896
609 982
61 276
398 301
385 952
631 856
859 428
225 255
207 723
328 280
971 937
547 37
628 901
848 456
543 996
864 590
228 455
85 510
668 667
936 829
755 51
832 383
928 340
85 915
242 797
786 547
845 1000
480 335
250 785
247 797
188 299
415 343
495 281
149 282
755 264
850 78
14 134
661 126
223 862
649 190
790 340
761 724
418 271
959 701
627 464
668 405
429 230
698 153
486 923
309 813
734 686
751 925
389 21
339 58
572 295
2 900
873 956
257 86
965 346
412 427
546 221
435 202
886 417
378 424
805 943
927 883
587 290
333 47
622 269
685 775
249 379
668 121
885 362
7 534
371 828
899 388
549 908
305 394
66 282
118 432
920 443
297 737
427 584
422 206
244 328
271 848
533 805
2 337
624 488
222 519
335 362
575 230
415 393
617 353
758 275
265 845
187 377
174 202
220 971
311 431
82 508
270 825
682 226
946 719
637 540
962 973
102 480
677 347
139 536
647 842
877 640
766 211
578 687
619 579
922 168
35 678
758 244
229 479
516 749
902 49
559 177
368 805
308 345
625 569
55 926
912 273
60 743
882 885
769 816
594 151
304 75
632 863
755 636
600 645
424 859
91 817
412 355
971 930
588 850
759 282
550 549
134 115
710 394
113 465
356 153
985 650
339 615
992 846
725 184
955 15
961 304
156 437
63 943
631 929
770 535
546 388
988 523
999 515
88 45
870 657
248 748
667 49
302 369
344 374
536 140
195 282
477 816
655 463
187 527
384 533
955 747
720 921
709 699
31 318
853 854
15 938
999 663
941 360
158 188
979 685
736 709
683 825
437 150
614 332
382 577
731 739
699 755
883 614
693 497
904 519
650 439
598 960
694 644
962 761
718 310
719 654
464 973
599 641
727 551
694 465
139 624
315 214
437 435
992 383
304 449
72 354
554 628
712 855
585 25
702 34
251 561
158 68
894 914
756 333
591 294
587 768
86 448
564 698
85 742
122 32
993 671
42 716
98 83
137 163
389 953
205 671
640 657
357 748
541 799
629 289
712 248
425 30
147 749
722 740
105 353
999 644
382 808
859 72
213 422
260 376
60 952
908 883
698 707
664 619
89 664
854 866
663 161
963 894
614 707
914 143
146 607
105 321
411 87
830 899
160 65
686 162
212 651
14 458
845 579
979 203
158 281
939 108
527 429
718 782
675 86
935 863
239 750
317 250
458 311
623 320
615 337
412 21
431 596
639 993
180 997
857 961
640 807
497 881
557 127
398 985
670 523
262 617
425 47
175 994
832 614
850 259
149 986
207 564
651 1
603 787
867 204
295 993
444 156
987 87
820 579
879 226
99 709
25 177
535 985
450 951
985 32
611 801
406 800
54 61
530 701
343 61
967 429
57 695
988 230
981 42
233 487
717 527
950 112
726 249
994 334
524 75
985 599
991 525
783 510
835 826
666 100
526 721
580 843
443 374
165 48
531 285
879 645
667 938
595 888
744 527
1 579
55 779
588 680
865 716
508 977
436 417
37 850
381 974
197 972
376 524
107 902
170 156
363 225
926 344
894 737
52 615
214 292
760 451
934 648
494 529
760 773
691 724
817 699
374 422
439 73
566 700
954 956
717 500
392 481
602 910
163 135
20 52
397 804
834 31
68 850
184 32
952 581
316 520
768 556
423 309
277 441
111 57
543 455
552 488
379 695
387 518
110 679
671 290
811 111
75 83
728 42
149 926
47 462
5 201
712 167
283 143
532 78
480 849
36 305
752 517
768 168
756 101
283 43
478 174
195 203
405 51
151 644
377 358
282 523
720 387
524 978
175 89
799 421
156 814
182 48
504 926
418 319
298 87
486 705
918 483
226 618
749 475
366 756
934 773
388 753
514 370
607 360
53 815
707 609
433 405
218 607
868 495
661 233
289 72
356 388
812 110
548 545
959 391
271 574
50 742
810 76
23 362
847 781
595 163
955 447
633 386
170 426
873 357
246 97
157 443
495 456
867 170
108 739
383 818
679 991
328 829
719 456
59 590
327 237
589 748
740 803
185 321
499 685
713 387
825 901
306 118
292 202
672 283
831 333
896 122
491 241
389 551
192 816
361 660
995 436
445 435
89 865
69 438
858 660
770 13
865 727
659 99
831 204
422 494
832 763
927 529
421 666
827 312
552 824
503 239
687 967
897 446
695 668
56 677
945 755
600 208
162 491
325 152
429 756
913 358
971 585
128 876
163 293
416 322
860 550
655 530
335 201
36 713
825 240
143 282
190 975
277 432
426 39
980 719
784 4
269 80
469 874
799 568
615 887
735 667
456 644
805 258
646 717
539 199
860 371
71 704
411 531
15 576
754 733
964 477
942 50
62 295
930 50
71 223
679 578
5 351
478 87
191 435
378 1
304 764
852 287
161 53
830 779
705 860
601 241
912 599
513 929
153 15
245 935
678 558
229 203
93 913
669 698
471 514
558 529
561 356
932 904
532 75
538 235
400 560
976 688
877 959
879 678
993 685
203 283
182 233
599 687
851 661
87 746
474 337
358 775
626 100
280 748
859 168
722 143
238 801
678 830
559 986
834 451
59 876
624 906
796 523
296 257
867 64
761 787
740 108
382 392
773 640
885 845
49 862
708 659
73 291
812 655
914 100
216 429
562 745
14 978
475 498
227 525
418 237
494 192
577 993
786 233
120 451
383 312
699 210
395 476
317 897
105 710
410 680
675 849
953 591
532 397
321 889
406 807
779 112
66 726
565 675
519 485
854 113
521 896
229 536
866 524
596 983
95 504
938 92
897 42
455 179
460 511
480 651
620 83
34 54
594 881
923 422
151 488
348 663
704 858
970 380
343 825
692 234
58 928
799 419
389 660
389 696
978 606
653 982
417 310
483 987
522 780
680 349
607 182
452 200
623 529
880 162
5 6
872 477
583 756
453 776
122 331
9 882
819 220
691 964
632 130
715 138
829 252
56 78
59 179
28 464
859 195
145 446
160 967
453 164
866 917
400 465
622 315
830 557
859 701
152 970
359 125
221 887
872 245
646 347
663 115
711 836
271 538
530 572
44 513
573 684
550 450
955 512
268 1
937 799
117 295
294 805
105 866
29 526
86 818
656 137
352 275
914 487
712 298
150 719
388 590
142 736
47 813
28 410
567 176
76 273
989 643
794 487
618 805
768 532
732 944
504 821
520 254
8 366
825 961
803 621
550 796
531 597
810 43
381 667
589 363
853 985
424 296
440 893
382 378
801 397
686 475
427 449
124 431
93 444
167 352
259 184
237 262
313 686
211 167
899 239
9 824
63 658
738 272
484 979
777 237
964 267
678 750
285 794
784 244
949 166
117 814
467 358
853 496
635 319
893 454
281 906
375 970
239 697
782 928
497 396
671 531
798 205
699 6
585 395
665 617
277 439
112 629
831 241
202 734
877 989
973 684
501 416
283 742
520 969
641 476
181 622
620 703
137 188
23 551
844 954
993 672
472 363
260 434
931 694
176 188
931 548
358 789
745 853
769 454
198 983
734 319
858 660
500 244
907 390
758 740
34 322
598 238
578 911
684 945
378 121
251 678
370 734
29 220
842 660
909 368
181 774
98 638
684 497
395 248
216 367
781 538
199 359
618 112
183 286
956 789
817 46
576 641
165 17
973 149
451 19
451 742
130 538
424 972
953 363
381 150
706 289
16 709
215 516
51 1
436 124
441 419
540 401
33 632
888 201
843 934
386 860
79 950
272 736
573 983
347 916
694 571
511 507
330 408
477 807
523 917
876 710
191 590
935 830
251 446
56 273
210 649
473 125
285 963
75 827
900 280
591 241
555 457
458 606
959 240
215 570
328 208
108 992
401 755
213 184
530 146
823 205
599 819
773 488
57 490
359 831
58 958
865 478
190 158
472 344
845 824
190 962
204 910
694 484
716 134
732 389
418 397
547 290
5 695
986 258
175 893
561 817
146 539
149 959
884 21
451 317
957 237
385 75
789 36
768 625
91 827
54 904
96 908
624 595
713 730
396 223
491 705
196 789
153 996
39 928
97 50
177 424
781 443
955 961
830 180
877 600
506 941
88 556
630 644
24 901
727 360
766 427
889 387
12 517
451 636
786 709
962 497
581 557
545 302
279 216
754 420
178 743
351 833
133 918
225 719
113 235
962 980
830 194
750 806
398 184
707 720
571 626
681 510
972 728
788 793
586 652
487 359
993 937
483 714
187 402
582 547
678 409
406 715
318 432
36 190
533 535
317 356
350 259
179 477
513 943
147 537
200 641
616 449
368 699
325 893
268 845
119 787
316 916
520 601
586 537
944 983
629 872
662 236
358 43
837 907
896 931
418 585
997 27
513 886
267 216
438 158
949 681
905 11
550 895
884 209
840 57
414 413
138 607
362 483
473 24
473 114
29 450
891 382
556 525
157 779
724 413
381 608
554 683
41 879
600 870
509 816
130 699
499 653
233 630
228 509
169 948
533 856
973 791
157 716
522 693
210 58
929 269
284 168
614 46
801 564
126 782
864 233
885 5
169 1
957 516
345 872
115 996
107 248
427 447
746 711
883 325
139 849
789 220
519 362
55 560
943 796
84 859
208 722
341 529
53 127
2 986
308 486
346 725
513 39
875 341
670 50
587 74
300 283
429 759
747 362
407 84
709 109
151 488
937 325
854 212
316 738
101 742
594 844
612 585
945 335
986 509
918 185
430 905
257 124
283 874
284 299
979 445
353 346
259 745
241 582
467 514
688 790
393 628
30 997
483 549
209 461
498 108
950 946
447 412
222 192
605 279
205 145
294 537
710 479
50 458
465 202
122 775
367 999
874 23
805 374
156 421
59 566
242 870
169 367
3 576
735 835
735 732
530 618
486 714
527 936
506 280
152 389
61 527
875 426
652 355
762 939
779 308
621 341
931 717
435 869
550 137
352 18
19 653
144 888
69 917
370 474
318 647
368 907
712 326
386 417
932 764
754 607
76 320
178 566
930 704
625 359
28 346
869 343
911 829
923 319
688 983
458 783
954 42
413 743
697 648
414 274
621 71
168 119
242 124
166 709
316 992
991 442
640 49
778 640
950 856
174 237
691 970
26 829
714 965
532 142
898 489
381 920
963 784
513 927
674 27
172 926
789 867
624 90
920 81
795 704
685 530
174 324
985 203
848 975
475 685
936 716
201 492
914 647
683 98
936 962
744 739
914 6
647 84
553 826
350 757
157 83
14 33
366 632
192 46
103 433
128 693
486 108
696 727
944 571
912 545
986 997
744 238
923 247
912 600
757 23
263 275
154 317
639 190
11 335
482 318
59 207
6 817
498 667
75 44
549 400
686 154
123 420
766 809
619 511
747 50
521 5
70 493
495 35
523 351
384 803
844 689
216 469
1000 814
631 612
104 977
468 675
705 16
358 954
285 817
686 737
492 791
832 375
417 97
736 855
55 575
650 544
610 242
849 968
73 375
129 396
961 272
17 318
478 143
351 852
794 176
887 929
944 154
935 986
426 377
890 927
334 899
356 283
183 596
372 458
8 377
29 671
555 22
847 199
432 844
44 269
137 811
132 723
298 151
689 298
166 986
919 790
396 750
179 24
608 629
92 745
294 671
367 208
594 727
580 521
947 499
278 171
246 621
328 771
878 915
155 562
320 592
244 872
381 900
474 611
409 967
141 928
969 229
466 557
794 599
43 704
3 334
371 120
524 380
191 838
584 9
448 215
150 463
894 553
766 570
318 439
86 623
99 203
76 240
763 407
30 42
384 968
325 307
671 544
928 731
845 879
293 590
341 684
178 586
663 917
2 900
691 201
235 346
138 926
995 92
821 461
795 947
439 238
508 94
709 480
862 286
910 241
752 605
798 591
985 255
868 73
221 148
163 429
563 274
158 46
883 715
717 833
781 1000
676 396
165 722
346 660
546 360
959 682
77 154
422 698
983 777
810 511
643 745
197 422
699 500
259 221
327 467
894 776
472 740
987 88
994 483
209 264
776 750
234 797
673 818
953 681
928 283
179 277
401 172
531 89
911 43
686 73
171 960
109 829
567 802
408 645
465 262
423 311
283 21
388 143
879 440
100 649
119 219
773 286
10 947
298 1
955 677
105 229
908 597
957 637
416 512
95 911
997 902
927 886
840 719
169 362
987 529
587 182
465 315
259 398
371 193
877 475
75 53
585 629
829 950
251 308
277 184
876 10
771 104
142 480
187 641
733 540
561 56
537 236
50 432
192 642
6 547
656 867
610 662
978 149
394 136
106 269
483 7
891 251
205 599
928 634
368 543
260 80
550 873
963 806
454 774
978 892
73 68
705 725
981 766
873 722
175 790
751 485
245 929
88 564
122 503
184 696
170 957
531 290
461 345
644 993
393 898
3 2
239 537
345 788
872 615
784 70
905 341
582 56
657 194
936 195
459 837
634 62
862 175
524 14
442 779
873 752
294 517
145 382
645 829
830 917
790 703
620 351
42 176
994 529
633 222
693 219
677 260
715 351
328 505
276 504
554 132
829 824
602 518
799 334
253 660
324 979
477 896
905 815
561 515
55 413
402 377
660 720
181 584
759 120
204 158
632 396
56 399
765 813
73 168
857 645
341 595
446 723
631 7
348 156
543 123
418 120
936 503
169 926
902 318
593 932
414 892
490 631
592 209
876 147
631 479
282 119
209 13
961 33
9 728
927 986
2 75
663 685
222 387
665 521
669 394
773 488
465 518
544 603
630 172
799 317
383 70
984 81
787 215
321 504
23 279
792 163
213 368
529 513
242 123
526 565
197 759
472 760
922 503
972 246
151 199
865 816
790 883
158 453
177 908
577 533
652 256
97 628
156 524
229 840
374 281
869 183
938 377
182 479
213 868
460 819
350 971
95 407
640 96
704 225
670 408
333 76
382 79
528 306
180 510
54 333
455 675
259 618
368 517
242 690
798 113
42 518
831 926
61 335
233 195
874 488
55 704
306 568
335 271
351 48
584 584
416 245
192 595
986 538
187 558
889 837
321 19
516 780
166 804
22 460
317 830
344 46
462 583
147 630
380 118
156 410
612 646
721 515
487 694
744 283
144 200
606 787
641 252
564 471
888 48
878 553
287 646
166 711
33 146
61 874
600 854
417 412
12 748
778 781
446 216
255 953
178 672
110 929
979 16
320 781
368 726
210 947
436 495
496 927
996 452
684 32
569 645
156 426
413 336
298 164
898 349
613 624
950 689
44 851
643 45
123 217
259 651
486 510
112 205
90 211
337 73
811 411
41 277
368 272
618 243
435 791
135 225
388 869
519 288
381 556
684 982
528 431
875 370
781 270
335 908
392 437
358 22
447 559
213 867
896 347
959 299
193 376
672 208
858 459
113 128
868 801
268 167
109 859
606 360
243 902
564 103
686 779
814 583
179 498
233 411
786 757
977 403
945 836
667 477
425 965
864 837
14 726
781 515
149 537
39 736
718 442
333 692
136 600
590 334
339 326
441 105
609 564
803 80
966 975
978 326
495 81
760 236
359 494
308 688
131 493
635 110
295 344
676 38
834 704
256 857
845 47
696 161
849 619
873 453
165 948
722 381
911 115
678 320
450 342
325 56
589 444
357 487
381 162
21 352
904 375
458 36
410 602
899 391
630 198
343 398
754 400
415 728
900 685
37 998
699 930
91 664
574 585
905 430
609 476
990 815
503 994
407 506
561 635
302 695
371 842
426 360
888 670
68 305
812 188
666 993
591 397
692 932
194 280
499 327
2 316
649 960
761 515
628 239
139 358
437 148
142 153
653 46
363 27
62 261
482 93
751 982
178 132
418 113
181 493
968 983
265 700
572 85
611 400
164 272
839 262
115 756
418 865
428 845
984 787
897 121
986 19
354 304
167 483
970 376
115 524
498 362
317 872
697 403
570 108
555 920
119 112
581 913
3 157
675 768
819 234
737 367
247 170
302 907
354 645
239 360
792 25
416 786
616 637
812 806
920 763
109 195
439 840
679 369
61 777
183 60
407 835
706 140
567 790
944 220
1 271
503 100
320 785
603 54
646 159
83 954
394 665
943 302
700 241
989 894
900 585
875 979
577 778
623 347
357 675
43 198
789 532
12 960
47 86
433 167
988 218
672 451
365 210
780 740
825 184
219 917
868 249
836 716
620 765
326 834
797 470
475 765
196 738
291 951
641 838
341 763
293 985
456 284
235 251
408 730
963 8
212 810
1 845
612 416
597 454
352 372
755 145
956 262
330 699
16 159
706 460
19 862
78 257
903 355
418 327
191 595
534 919
862 785
543 18
977 590
423 762
404 652
163 730
147 988
235 819
470 850
958 876
144 418
563 150
745 562
196 577
702 932
485 158
506 334
403 859
263 383
791 644
813 864
713 276
323 924
17 63
827 286
473 931
126 798
479 955
169 743
247 231
408 216
452 404
311 557
591 235
744 585
392 249
430 154
177 259
16 673
979 867
241 621
719 427
644 339
167 221
156 348
157 716
314 307
129 11
536 457
192 728
418 39
159 797
52 679
471 275
630 640
843 707
701 100
85 538
299 311
6 415
94 198
252 165
62 394
69 408
896 832
722 478
360 302
399 883
35 4
751 336
434 428
301 778
410 159
653 779
713 86
824 687
259 106
62 20
162 776
638 174
356 940
17 343
238 897
117 104
559 675
14 127
119 289
534 573
686 2
420 225
337 515
179 910
855 570
105 799
745 442
168 563
416 251
698 272
353 925
821 864
435 689
558 490
273 220
505 919
851 89
815 19
695 994
904 259
157 275
712 9
968 539
958 224
832 375
31 166
124 805
866 798
748 354
180 63
53 568
195 29
126 208
360 274
112 984
190 576
162 616
407 701
889 879
605 564
71 781
613 876
571 77
176 623
614 282
412 193
542 994
240 787
275 50
420 283
862 608
382 682
746 15
281 409
234 395
352 945
962 345
689 478
834 210
724 415
957 20
26 356
608 773
803 212
894 77
720 771
55 246
559 908
569 387
844 305
799 682
588 340
429 975
509 792
278 127
570 905
645 278
275 341
23 381
40 461
162 179
70 28
879 447
771 27
10 456
587 279
330 385
844 72
308 723
463 526
746 617
845 562
161 786
57 262
208 847
21 2
124 578
636 868
800 646
870 523
330 689
138 713
649 315
813 242
67 729
945 205
698 459
394 630
638 998
49 69
886 790
363 327
952 980
52 750
24 448
197 680
509 851
781 865
703 228
811 414
845 949
113 943
795 729
612 656
552 364
648 989
885 343
688 135
570 678
324 430
843 64
307 885
535 643
616 493
49 337
33 279
639 659
617 82
824 120
408 741
243 433
816 113
386 293
656 462
613 924
446 377
539 667
805 991
148 659
438 496
785 197
947 474
677 798
575 481
501 83
473 160
562 842
271 871
552 108
294 522
863 282
288 409
358 899
215 889
143 680
685 846
805 965
606 483
179 92
165 80
894 511
212 655
122 233
399 155
243 889
919 189
250 796
604 516
671 543
364 552
429 630
80 676
33 324
94 341
252 951
817 251
848 663
332 556
431 891
982 759
775 959
694 667
690 614
256 429
690 912
456 768
642 569
235 628
15 262
598 373
285 268
22 879
382 447
798 931
925 428
478 297
985 219
600 578
789 116
375 80
492 781
192 620
218 5
491 444
61 744
618 487
306 176
143 230
668 948
93 753
704 591
229 363
580 544
465 276
533 162
916 929
992 143
448 793
912 238
874 806
710 413
856 742
63 805
986 854
591 489
198 490
643 834
981 587
444 651
924 821
584 67
109 652
178 380
243 619
1 727
949 648
695 194
769 183
256 16
226 322
162 523
876 130
915 648
108 172
398 950
37 195
72 941
917 221
887 223
454 61
649 30
320 197
66 794
579 998
432 716
899 238
465 477
916 516
996 956
965 322
573 872
777 328
753 42
416 529
241 397
796 36
180 221
135 482
389 122
586 478
556 207
289 798
400 243
146 525
970 332
292 274
989 578
283 384
393 967
594 163
638 361
978 372
110 946
654 337
227 124
929 124
832 412
39 670
716 274
697 496
25 210
644 446
762 746
345 505
370 688
230 375
746 560
827 696
618 375
594 872
161 951
21 732
384 895
259 427
968 261
693 154
596 339
923 500
625 36
772 797
169 641
682 441
583 293
644 429
61 369
645 617
690 12
10 793
415 595
88 831
104 833
131 951
648 763
988 975
837 435
226 384
682 390
153 733
195 684
824 239
643 140
292 250
722 130
26 768
115 166
778 144
345 425
295 323
305 502
963 371
834 131
879 519
801 155
223 663
177 330
116 657
648 4
468 462
597 578
412 261
630 674
181 873
446 522
308 241
26 472
276 220
252 425
710 934
713 28
400 452
798 226
980 512
424 749
375 769
640 866
610 291
68 444
229 654
19 478
871 213
969 525
850 6
56 296
868 425
360 237
504 766
253 545
395 872
870 203
802 696
654 821
968 599
531 784
454 115
68 308
835 933
704 601
219 445
561 476
196 803
368 41
851 779
122 578
773 636
199 137
898 837
595 944
339 156
685 442
924 221
750 285
909 131
308 407
490 6
860 346
531 545
909 790
381 94
241 289
263 217
623 189
137 598
891 126
879 655
488 190
331 62
884 504
664 324
737 285
995 860
83 534
404 510
797 366
235 907
718 683
453 106
834 226
349 214
123 44
519 612
278 248
552 260
450 854
209 467
586 765
34 834
476 786
36 192
978 871
511 871
254 555
818 717
651 563
688 337
166 157
175 631
723 780
133 626
780 885
403 389
660 669
243 447
898 733
270 256
441 211
702 244
772 862
386 387
167 629
616 723
993 381
276 803
85 638
239 436
383 680
427 710
276 487
930 524
546 800
799 453
702 335
380 752
485 671
330 35
58 941
528 312
638 425
730 453
198 473
242 558
518 260
556 369
555 656
868 486
695 193
330 457
517 39
429 134
843 306
366 247
40 765
627 876
715 796
564 776
907 635
234 188
405 708
995 291
632 116
995 586
69 916
804 897
769 807
718 233
756 76
953 500
492 746
919 4
147 418
303 825
920 654
188 851
185 709
548 656
726 463
860 210
880 611
145 264
176 651
777 600
340 728
192 174
580 976
790 651
859 272
718 220
225 760
34 654
397 90
546 123
832 333
635 428
732 284
652 539
36 743
459 268
749 307
814 744
834 563
438 437
925 994
262 133
409 515
337 400
381 383
657 201
291 490
36 499
310 411
97 222
578 46
9 298
437 976
688 126
291 814
866 694
679 555
282 183
765 356
590 15
86 673
542 862
18 922
284 907
281 115
701 669
757 278
869 551
487 244
841 846
794 807
22 666
37 383
215 311
129 495
155 527
498 459
517 117
451 865
981 656
226 624
756 427
467 737
981 973
376 209
574 538
925 809
934 925
313 82
800 96
449 720
22 954
191 642
641 27
320 722
260 271
428 423
241 693
622 61
739 666
274 862
330 503
134 959
261 364
673 297
146 631
73 507
369 461
673 929
407 428
143 675
846 986
155 459
89 598
123 732
332 49
555 692
602 536
986 103
681 217
472 896
705 672
724 843
834 765
778 420
498 387
73 366
325 719
43 401
919 787
101 627
389 438
710 362
650 698
845 355
741 370
363 226
984 342
71 902
699 749
592 616
391 29
181 40
286 41
968 356
351 64
170 22
705 502
656 441
253 417
482 696
549 874
516 635
691 934
334 775
266 41
574 840
545 550
902 813
366 932
431 937
327 920
420 465
931 67
508 447
631 289
783 890
285 213
793 656
855 332
965 169
961 501
569 793
381 25
743 577
327 76
315 786
888 8
536 688
49 627
206 543
693 453
958 429
193 728
86 916
80 811
943 593
334 613
203 574
382 283
229 208
479 806
569 806
905 972
378 807
93 193
330 166
451 609
324 397
989 485
901 195
425 592
273 428
564 381
986 131
97 159
684 238
824 420
556 78
380 335
550 322
373 441
285 983
708 75
365 526
861 906
532 322
662 231
263 780
190 354
330 125
321 522
479 295
72 508
736 368
757 638
735 868
476 855
730 535
141 125
580 764
885 538
110 620
84 3
893 302
730 630
85 679
67 624
548 951
210 105
609 96
169 389
370 899
934 567
565 729
73 619
270 866
625 641
432 790
351 185
615 422
211 999
601 86
10 517
61 689
233 335
283 937
27 319
971 521
382 845
514 793
348 267
879 486
798 923
596 875
762 677
352 832
525 520
881 101
595 668
599 283
315 706
123 127
800 937
558 324
98 222
726 492
660 631
555 706
934 268
544 183
978 410
877 872
419 421
82 248
98 66
797 879
603 534
500 351
540 199
143 654
957 677
508 797
674 963
102 724
238 376
111 943
586 917
626 929
11 963
942 68
698 282
469 963
812 912
443 908
354 124
89 884
11 814
488 528
749 781
499 958
314 212
94 151
287 570
411 257
696 980
371 148
975 433
681 969
564 507
386 762
54 773
761 370
544 925
799 154
903 135
279 565
975 83
16 913
868 36
163 819
638 86
964 381
246 987
662 14
398 74
655 870
269 925
283 268
632 862
148 687
492 997
246 605
159 752
313 523
206 408
704 74
137 972
806 242
83 820
480 798
294 987
861 683
27 530
883 878
943 909
267 202
569 565
220 610
0 0 0 0 0 0 1 0 0 0 1 0 0 1 0 0 0 0 0 0 0 0 0 1 0 1 0 0 0 0 0 0 1 0 0 0 0 1 1 0 0 0 0 0 0 0 0 0 1 0 0 0 0 1 0 0 0 0 0 0 1 0 0 0 0 0 0 0 0 0 0 0 0 0 0 0 0 0 0 0 0 0 0 0 0 0 0 0 0 0 0 0 0 0 0 0 0 0 0 0 0 0 0 0 0 0 0 0 0 0 0 0 0 0 0 0 0 0 0 0 0 1 0 0 0 0 0 0 0 0 0 0 0 0 1 0 0 1 0 0 0 0 0 0 0 0 1 1 0 0 0 1 0 0 0 0 0 0 0 0 0 0 0 0 0 0 0 0 0 0 0 0 0 0 0 0 0 0 0 0 0 0 0 0 0 0 0 0 0 0 0 0 0 0 0 0 0 0 0 0 0 0 0 0 0 0 0 0 0 0 0 0 0 0 0 1 1 0 0 0 0 0 0 0 0 0 0 0 0 0 0 0 0 0 0 0 1 0 0 0 0 0 0 0 0 1 0 0 0 1 0 0 0 0 1 0 0 0 0 0 0 0 0 0 0 0 0 0 0 1 0 0 0 1 0 0 0 0 0 0 0 1 0 0 0 0 0 0 0 0 0 0 0 0 0 0 0 0 0 0 0 0 0 0 0 0 0 0 0 0 0 0 0 0 0 0 0 0 0 0 0 0 0 0 0 0 0 0 0 0 0 0 0 0 1 0 0 0 0 0 0 0 0 0 0 0 0 1 0 0 0 0 0 0 0 0 0 0 0 0 0 0 1 0 0 0 0 0 0 0 0 0 0 1 0 0 0 0 0 1 0 0 1 0 0 0 0 0 0 0 0 0 0 0 0 0 0 0 0 0 0 0 0 0 0 0 0 0 0 0 0 0 0 0 0 0 0 0 0 1 0 1 0 0 0 0 1 0 0 0 0 0 0 0 0 0 0 0 0 0 0 0 0 0 0 0 1 0 0 0 0 0 0 0 0 0 0 0 0 0 0 0 0 1 0 0 0 0 0 1 0 0 0 1 0 0 1 0 0 0 1 0 0 0 0 0 0 0 0 0 0 0 0 1 1 0 0 0 0 0 0 0 0 0 0 0 0 0 0 0 0 0 0 0 0 0 0 0 0 0 0 0 0 0 0 0 0 0 0 0 0 0 0 0 0 0 0 0 0 1 0 0 0 0 0 0 0 0 0 0 0 0 0 0 0 0 0 0 0 0 0 0 0 0 0 0 0 0 0 0 0 0 0 1 0 0 0 0 0 0 0 0 0 0 0 1 0 0 0 0 0 0 1 0 0 0 0 0 0 1 0 0 0 1 0 0 0 0 0 0 1 0 1 0 0 0 0 0 0 0 0 0 0 0 0 0 0 0 0 0 0 0 0 0 0 0 0 0 0 0 0 0 0 0 0 0 0 0 0 0 0 0 0 0 0 0 0 1 0 0 0 0 0 0 0 0 0 0 0 1 0 0 0 0 0 0 0 0 0 0 0 0 0 0 0 0 0 0 0 0 0 0 0 0 0 0 0 0 0 0 0 0 0 1 0 0 0 0 1 0 0 0 0 0 0 0 0 0 1 0 0 0 0 0 0 0 0 0 0 0 0 0 1 0 0 0 1 1 0 0 0 0 0 1 0 0 0 0 0 0 0 1 0 0 0 0 0 0 0 0 0 0 0 0 0 0 0 0 0 0 1 0 0 0 0 1 0 0 0 0 0 0 0 0 0 0 1 0 0 0 0 0 0 0 0 0 0 0 0 0 0 0 0 0 0 0 0 0 0 0 0 0 0 0 0 0 0 0 0 0 0 0 1 0 1 0 0 0 0 0 1 0 0 0 0 0 0 0 0 0 0 0 0 0 0 1 0 0 0 1 0 0 0 0 0 1 0 0 0 0 0 0 0 0 0 0 0 0 0 0 0 0 0 0 0 0 0 0 0 0 0 0 0 0 0 0 1 1 0 0 0 0 0 0 0 0 0 0 0 0 0 0 0 0 0 0 0 0 0 0 0 0 0 0 1 0 0 0 0 0 0 0 0 0 0 0 0 0 0 0 0 0 0 0 0 0 0 1 0 0 0 0 0 0 0 1 0 0 0 0 0 0 0 0 0 0 0 0 0 0 0 0 0 0 0 0 0 1 0 0 0 0 0 0 0 0 0 0 0 0 0 0 0 0 1 0 1 1 0 1 0 0 1 0 0 0 0 0 0 0 0 0 0 1 0 0 0 0 0 0 0 0 0 0 0 0 0 0 0 0 0 0 0 0 0 0 0 0 0 0 0 1 0 0 1 0 0 0 0 0 0 0 1 1 0 0 0 0 1 0 0 0 0 0 0 0 0 1 0 0 0 0 0 0 0 0 0 0 0 0 0 0 0 0 0 0 0 0 0 0 0 0 0 0 0 0 0 0 0 0 0 0 0 0 0 0 1 0 0 1 0 0 0 1 0 0 0 0 0 0 0 0 0 0 1 0 0 1 0 0 0 0 0 0 0 0 0 0 0 0 0 0 0 0 0 0 0 1 1 0 0 0 0 1 0 0 0 0 0 0 0 0 0 1 0 0 0 0 1 0 0 0 0 0 0 0 0 0 1 0 0 0 0 0 0 0 0 0 0 0 0 0 0 0 0 0 0 0 0 0 0 0 0 0 0 0 0 0 0 0 0 0 0 0 0 0 0 0 0 0 0 0 0 0 0 0 0 0 0 0 0 0 0 0 0 0 0 0 0 0 0 0 0 0 0 0 0 0 0 1 0 0 0 0 0 0 1 0 1 0 0 0 0 0 0 0 0 0 0 0 1 0 0 0 0 0 0 0 0 0 0 0 1 0 0 0 0 0 0 0 0 0 0 0 0 0 0 0 0 0 0 0 0 0 0 0 0 0 1 0 0 0 0 0 0 0 0 0 0 0 0 0 0 0 0 0 0 0 0 0 0 0 1 0 0 0 0 0 0 0 0 0 0 1 0 0 0 0 0 0 0 0 0 1 1 0 0 0 0 0 0 0 0 1 0 0 0 0 0 0 0 1 0 0 0 0 0 0 0 0 0 0 0 0 0 0 0 0 0 0 0 0 0 0 0 0 0 0 0 0 0 0 0 0 1 0 0 0 0 0 1 0 0 1 0 0 0 0 0 0 0 0 0 0 0 0 0 0 0 1 0 0 0 0 0 0 0 0 0 0 0 1 0 0 0 0 0 0 0 0 0 1 0 0 0 0 0 0 0 0 0 0 0 0 0 0 0 1 0 0 0 0 0 1 0 0 1 0 0 0 0 0 1 1 0 1 0 0 0 0 0 0 0 1 0 1 0 0 0 0 0 0 0 0 0 0 0 0 0 1 0 0 0 0 0 0 0 1 0 0 0 0 0 0 0 0 0 0 0 0 0 0 0 0 0 0 0 0 0 0 0 0 1 0 0 0 0 0 0 0 0 0 0 0 1 1 0 0 1 1 0 0 0 0 0 0 0 0 0 0 0 0 0 0 0 0 0 1 0 0 0 0 0 0 0 0 0 0 0 0 0 0 0 0 0 0 0 0 0 0 0 1 0 0 0 0 0 0 0 0 0 0 0 0 1 0 0 0 0 0 0 0 0 0 0 1 0 1 0 0 0 0 0 0 0 0 0 0 0 0 1 0 0 0 0 0 0 0 1 0 0 0 0 0 0 0 0 0 0 0 0 0 0 0 1 0 0 0 0 0 0 0 0 0 1 0 1 1 0 0 0 0 1 0 0 0 0 0 0 0 0 0 0 0 0 0 0 0 0 0 1 0 1 0 0 0 1 0 0 0 0 0 0 0 0 0 0 0 0 0 0 0 0 0 0 0 1 0 0 0 0 0 0 0 1 0 0 0 0 1 0 1 0 0 0 0 0 0 0 0 0 0 0 0 0 0 0 0 0 0 0 0 0 0 0 0 0 0 0 0 0 0 0 0 0 0 0 0 0 0 0 0 0 0 0 0 0 0 0 0 0 0 0 0 0 0 0 0 0 0 0 0 0 0 0 0 0 0 0 0 0 0 0 0 0 0 0 0 0 0 0 0 0 0 0 0 0 0 0 0 0 0 0 0 0 1 0 0 0 0 0 0 0 0 0 0 0 0 0 0 0 0 0 0 0 0 0 0 0 0 0 0 0 0 0 0 0 0 0 0 0 1 0 0 1 0 0 0 0 0 0 0 0 1 0 0 0 0 0 0 0 0 1 0 0 0 0 0 0 0 1 0 0 0 0 0 0 0 0 0 1 0 0 0 1 0 0 0 0 0 0 0 0 0 0 1 0 0 0 1 0 0 0 0 0 0 0 0 0 0 0 0 0 0 0 0 0 0 0 0 0 0 0 0 0 0 0 0 0 0 0 0 0 1 1 0 0 0 0 0 0 0 0 0 0 0 0 0 0 0 0 0 0 0 0 1 0 0 0 0 0 0 0 0 0 0 0 0 0 1 0 0 0 0 0 0 0 1 0 0 0 0 0 0 1 0 0 0 0 0 0 0 0 0 0 0 0 0 0 0 0 0 0 0 0 0 1 0 0 0 0 0 1 0 0 0 0 0 0 1 0 0 0 0 0 1 0 0 0 0 0 0 0 0 0 0 0 0 0 0 0 0 0 0 0 0 0 0 0 0 0 0 0 0 0 0 0 0 0 0 0 0 0 0 1 0 0 0 0 0 1 0 0 0 0 0 0 0 0 0 0 0 0 0 0 0 0 0 0 0 0 0 0 0 0 0 0 0 0 0 0 0 0 0 0 0 0 0 0 0 0 0 1 0 0 0 0 0 0 1 0 0 0 0 0 0 0 0 0 0 0 0 0 0 0 0 0 0 1 0 0 0 0 0 0 1 0 0 0 0 0 0 0 0 0 0 0 0 0 0 0 0 0 0 0 1 0 0 0 0 0 0 0 0 0 0 0 0 0 0 0 0 0 1 0 0 0 0 0 0 0 0 0 0 0 0 0 0 0 0 0 0 0 0 0 0 0 1 0 0 0 0 0 0 0 0 1 0 0 0 0 0 0 0 0 0 0 0 0 0 0 1 0 0 0 0 0 0 0 0 0 0 0 0 0 0 0 0 1 1 0 0 0 0 0 0 0 0 0 0 0 0 0 1 0 0 0 1 0 0 0 0 0 0 0 0 0 0 0 0 0 0 0 0 0 0 0 0 0 0 0 0 0 0 0 0 0 0 0 0 0 0 0 0 0 0 0 0 0 0 0 0 0 0 0 1 0 0 0 0 0 0 0 0 0 0 0 0 0 0 0 0 0 0 0 0 0 0 0 0 0 0 0 0 0 1 0 0 0 0 0 0 0 0 0 0 0 1 0 0 0 0 0 0 0 0 0 0 0 0 0 0 0 0 0 0 0 0 0 0 0 0 0 0 0 0 0 0 0 0 0 0 0 0 0 0 0 0 0 0 0 0 0 0 1 1 0 0 0 0 0 0 0 0 0 0 0 0 0 0 0 0 0 0 0 0 0 1 0 0 0 0 0 1 0 0 0 0 0 0 0 0 0 0 0 1 0 0 0 0 0 0 0 0 0 0 0 1 0 0 1 0 0 0 0 0 0 1 0 0 0 0 0 0 0 0 0 0 1 0 0 0 0 0 1 0 0 0 0 1 0 0 0 0 0 0 1 0 0 0 0 1 0 0 0 1 0 0 1 0 0 1 0 0 0 0 1 0 0 0 0 0 0 0 0 0 0 0 0 0 0 0 0 0 0 0 0 0 0 0 0 0 0 0 0 0 0 0 0 0 1 0 0 0 0 0 0 0 0 1 0 1 0 0 0 0 0 0 0 0 0 0 0 0 1 0 1 0 0 0 0 0 1 0 0 0 0 1 1 0 0 1 0 0 0 0 0 0 0 0 0 0 0 0 0 0 0 0 0 0 0 0 0 0 0 0 0 0 0 0 0 1 0 0 0 0 1 0 0 0 0 0 0 0 0 0 0 0 0 0 0 0 0 0 0 0 0 0 0 0 0 0 0 0 0 1 0 0 0 0 0 0 0 0 0 1 0 1 0 0 0 0 0 0 0 0 0 0 0 0 0 0 0 0 0 0 0 0 0 0 0 0 0 0 0 0 0 0 1 0 1 0 0 0 0 0 0 0 0 0 0 0 0 0 0 0 1 0 1 0 0 0 0 0 1 0 0 0 0 0 0 0 0 1 0 0 0 0 0 0 0 0 0 1 0 0 0 0 0 0 0 0 0 0 0 0 0 1 0 0 0 0 0 0 0 0 0 0 0 1 0 1 0 0 0 0 0 0 0 1 0 0 0 0 0 0 0 0 0 0 0 0 0 0 0 0 0 0 0 0 0 1 0 0 0 1 0 0 0 0 0 1 1 0 0 0 1 0 0 0 0 0 0 0 0 0 0 0 0 0 0 0 0 0 0 0 0 0 0 0 0 0 0 0 0 0 0 0 0 0 0 0 0 0 0 0 0 0 0 0 0 0 0 0 0 0 0 0 1 0 0 0 0 0 0 0 1 0 0 0 0 0 0 0 0 0 0 0 0 0 0 0 0 0 0 0 0 0 0 0 0 0 0 0 0 0 1 0 0 0 0 0 0 0 0 0 0 0 0 0 0 0 0 0 0 0 0 0 0 0 0 0 0 1 0 0 0 0 0 0 0 0 0 0 0 0 1 0 0 0 0 0 0 0 0 0 0 0 0 0 0 0 0 0 0 0 0 0 0 0 0 0 0 0 0 0 0 0 0 0 0 0 0 0 0 0 0 0 0 0 0 0 0 0 0 0 1 0 0 1 0 1 1 1 0 0 0 0 0 0 0 0 1 0 0 0 0 0 0 0 0 0 0 0 0 0 0 0 0 0 0 0 0 0 0 0 0 0 0 0 0 0 0 0 0 0 0 0 0 0 0 0 0 0 0 0 0 0 0 0 0 0 0 0 0 0 0 0 0 0 0 0 1 0 0 0 1 0 0 0 0 0 0 0 0 0 0 0 0 0 0 0 0 0 0 0 0 0 0 0 0 0 0 0 0 0 0 0 0 0 0 0 0 0 0 0 0 0 0 0 0 0 0 0 0 0 0 0 0 0 0 0 0 0 0 0 0 0 0 0 0 0 0 0 0 0 0 0 0 0 0 1 0 0 0 1 0 0 0 0 1 0 0 1 0 0 0 1 0 0 0 0 0 0 0 0 0 0 0 0 0 0 0 0 0 0 0 0 0 0 0 1 0 0 0 1 1 0 0 0 0 0 0 0 0 0 0 0 0 0 0 0 0 0 0 0 1 0 1 1 0 0 0 0 1 0 0 0 0 0 0 0 0 0 0 0 0 0 0 0 0 0 0 0 0 0 0 0 0 0 0 0 0 0 0 0 0 0 0 0 0 1 0 0 0 0 0 0 0 0 0 0 0 0 0 0 0 0 0 0 0 0 0 0 1 0 0 0 0 0 0 0 0 0 0 0 0 0 0 0 0 0 0 0 0 1 0 0 0 1 0 0 0 0 0 1 0 0 0 0 0 0 0 0 0 0 0 1 0 0 1 1 0 0 0 0 0 0 0 0 0 1 0 0 1 1 0 0 0 0 0 0 0 0 0 0 0 0 0 0 0 0 1 0 0 0 0 0 0 0 0 0 0 0 0 0 0 1 1 0 1 0 0 0 0 0 0 0 0 1 0 0 0 0 0 0 0 0 0 0 0 0 0 0 0 0 0 0 0 1 0 0 0 0 0 0 0 0 0 1 0 0 0 0 0 0 0 0 0 0 1 0 0 0 0 0 0 0 0 0 0 0 0 0 0 0 0 0 0 0 0 0 0 0 0 0 0 1 0 0 0 0 0 0 0 0 0 0 0 0 0 0 0 0 0 0 0 0 0 0 0 1 0 0 0 0 0 0 0 0 0 0 1 0 0 0 0 0 0 0 0 0 0 0 0 0 0 0 0 0 0 0 0 0 0 0 1 0 0 0 0 0 0 0 0 0 1 1 1 0 0 0 0 0 0 1 0 0 0 0 0 0 1 0 0 0 0 0 0 0 0 0 0 0 0 0 0 0 0 0 0 0 0 0 1 1 0 0 0 1 0 0 0 0 0 0 1 0 0 1 0 0 0 0 0 0 0 0 0 0 0 0 0 0 0 0 0 0 0 0 0 0 0 0 0 0 0 0 1 0 1 0 0 0 1 0 1 0 0 0 0 0 0 0 0 0 0 0 0 0 0 0 0 0 0 0 0 0 0 0 0 0 0 0 0 0 1 0 0 0 0 0 0 0 0 1 0 0 0 0 0 0 0 0 0 0 1 0 0 1 1 0 0 0 0 0 0 0 0 0 0 0 0 0 1 0 0 0 0 0 0 0 0 0 0 0 0 0 0 0 0 0 0 0 0 0 0 0 0 0 0 0 0 0 0 1 0 0 0 0 0 0 0 0 0 0 0 1 0 0 0 0 0 0 0 0 1 0 0 0 0 0 0 1 0 0 0 0 1 0 0 0 0 0 0 0 0 0 0 0 0 1 0 0 0 0 0 0 0 0 0 0 0 0 0 1 0 0 0 0 0 0 1 0 0 0 0 0 0 0 0 1 0 0 0 0 0 0 0 0 0 0 0 0 0 0 0 0 0 0 0 0 0 1 0 0 0 0 0 0 0 0 0 0 0 0 0 1 0 0 0 0 0 0 0 0 0 0 0 0 0 0 0 0 0 0 0 0 0 1 0 0 1 0 0 0 0 1 0 1 0 0 1 0 0 0 0 0 1 0 0 1 0 0 0 0 0 1 0 0 0 0 0 0 0 0 0 0 0 0 0 0 0 0 0 0 0 0 0 0 0 0 0 0 0 0 0 0 0 0 0 0 0 1 1 0 0 0 0 0 0 0 0 1 0 0 0 0 0 0 0 1 1 0 0 0 0 0 0 0 0 0 0 0 0 0 0 0 0 0 0 0 1 0 0 0 0 0 0 0 0 0 0 0 0 0 0 0 0 1 0 0 0 0 0 0 0 0 0 0 0 0 0 0 0 0 0 0 0 0 0 0 0 0 0 0 0 0 0 0 0 0 0 0 0 0 1 0 0 0 0 0 0 0 0 0 0 0 0 0 0 0 0 0 1 0 0 0 0 0 0 0 0 0 0 0 0 0 0 0 0 0 0 0 0 0 0 0 0 0 0 0 0 0 0 0 0 0 0 0 0 0 0 0 0 0 0 0 0 0 1 0 0 1 0 0 0 0 0 1 0 0 0 0 0 0 0 0 0 0 0 1 0 0 0 0 0 1 0 0 0 0 0 0 0 0 0 0 0 0 0 1 0 0 0 0 0 0 0 0 0 0 0 0 0 0 0 1 1 0 0 0 1 0 0 0 0 0 0 0 0 0 1 0 0 0 0 0 0 0 0 0 0 1 0 0 0 0 0 1 0 0 0 1 0 0 0 0 0 0 0 1 0 0 0 1 0 0 0 0 0 0 0 0 0 0 0 0 0 0 0 0 0 0 1 0 0 0 1 0 0 0 0 0 0 0 1 0 0 0 0 0 0 0 0 0 0 0 0 0 0 0 0 0 0 0 0 0 0 0 0 0 0 0 0 0 0 0 0 0 0 1 0 0 0 0 0 0 1 1 0 0 1 0 0 0 0 0 0 0 0 0 0 0 0 1 0 0 0 0 0 0 0 0 0 0 0 0 0 0 0 0 0 0 0 0 0 0 0 0 0 0 0 0 0 0 0 0 0 0 0 0 0 0 0 0 0 0 0 0 0 0 0 0 0 0 0 0 0 1 0 0 0 1 0 0 0 0 0 0 0 0 0 0 0 0 0 1 0 0 0 0 0 0 0 0 0 0 0 0 0 1 0 0 0 0 0 0 0 1 0 0 1 0 0 0 0 0 0 0 1 1 0 0 0 0 0 0 0 0 0 0 0 1 0 0 1 0 0 0 0 0 0 0 0 0 0 0 0 0 0 0 0 0 0 0 1 0 0 0 0 0 0 0 0 0 0 0 0 0 0 0 0 0 0 0 0 0 0 1 0 0 0 0 0 0 0 1 0 0 0 0 0 0 0 0 0 0 0 0 0 0 0 1 0 0 0 0 0 0 0 1 0 0 0 0 0 1 0 0 0 0 0 0 0 0 0 0 0 1 0 0 0 0 0 0 0 0 0 0 0 0 1 0 0 0 0 0 0 0 0 0 0 0 0 0 0 0 0 0 0 1 0 0 0 0 0 0 0 0 0 0 1 0 1 0 0 0 0 0 0 0 0 1 0 0 0 0 0 0 0 0 0 0 0 0 0 0 0 0 0 0 0 0 0 0 0 0 0 0 0 0 0 0 0 0 0 0 0 0 0 0 0 0 0 0 0 0 0 0 0 0 0 0 0 0 0 0 0 0 0 0 0 0 1 0 0 0 0 0 0 0 0 0 0 0 0 1 0 0 0 0 0 0 0 0 0 0 0 0 0 0 0 0 0 1 0 0 1 0 0 0 0 0 0 0 0 0 0 0 0 0 0 0 0 0 0 0 0 0 0 0 0 0 0 0 0 0 0 0 0 0 0 0 0 0 0 0 0 0 0 1 0 0 0 0 0 0 0 0 1 0 0 0 0 0 0 0 0 0 0 0 0 0 0 0 0 0 0 0 0 0 0 0 0 0 0 0 0 0 1 0 0 0 1 0 0 0 0 1 0 0 0 0 0 0 0 0 0 0 0 0 0 0 0 0 1 0 0 1 0 0 0 0 0 0 0 0 0 0 0 0 0 0 0 0 0 0 0 0 0 0 1 0 1 0 0 1 0 0 0 0 0 0 0 0 1 0 0 0 0 0 0 0 1 0 0 0 0 0 0 1 0 0 1 0 0 0 1 0 0 0 0 0 0 0 0 0 0 0 0 0 0 0 0 0 0 0 0 0 0 0 0 0 0 1 0 0 0 1 0 0 0 0 1 0 0 0 0 0 0 0 0 0 0 0 0 0 0 0 0 0 0 0 1 0 0 0 0 0 0 1 0 0 0 0 0 0 0 0 0 0 0 1 0 0 0 0 0 0 0 0 0 0 0 0 0 0 0 1 0 0 0 0 0 0 0 0 0 0 0 0 0 0 0 0 0 0 0 0 0 0 0 0 0 0 0 0 0 0 0 1 0 0 0 0 0 0 0 0 0 0 0 0 0 0 0 0 0 0 0 0 0 0 0 0 1 0 1 0 1 0 1 0 0 1 0 0 0 0 0 0 0 0 0 0 0 1 0 0 0 0 0 0 0 0 0 0 0 0
