5000 25016
482 485
257 326
286 248
517 421
404 322
713 795
45 43
924 845
873 955
160 252
1 9
838 901
40 122
58 94
676 738
627 574
766 715
862 882
405 367
923 984
379 299
461 433
612 682
133 72
813 874
97 138
908 856
165 145
996 995
623 529
220 199
298 277
157 97
723 719
144 242
48 107
129 122
148 70
35 98
644 600
632 645
272 267
1040 972
977 895
312 213
778 748
567 487
965 923
1 29
616 674
569 540
628 554
493 467
76 46
733 710
575 553
288 191
775 724
723 730
912 988
64 90
354 340
565 549
210 196
922 865
775 678
566 570
934 936
626 722
742 651
194 123
485 431
483 508
617 585
876 853
653 642
896 992
652 725
220 286
727 812
900 859
563 663
56 88
157 179
280 187
537 619
284 261
920 846
124 192
239 261
459 514
931 886
504 530
910 849
382 294
795 799
485 391
351 330
289 298
865 790
250 275
738 826
75 72
788 866
947 951
651 748
595 685
993 956
663 564
265 183
338 400
637 721
206 207
328 323
618 611
64 116
139 109
806 795
412 343
912 862
715 685
1 10
929 881
1025 984
410 403
273 360
507 449
450 541
174 272
882 877
427 359
787 707
355 308
734 770
1 30
248 208
397 311
159 100
874 939
449 422
857 785
286 370
976 989
908 969
103 143
1071 972
1 28
117 61
697 638
424 348
439 347
74 66
442 391
568 638
195 295
854 826
281 196
433 449
845 855
224 143
487 487
181 140
496 564
690 615
124 135
575 564
374 360
766 793
149 163
776 859
793 760
674 711
696 662
90 159
732 660
214 268
935 948
228 315
619 676
349 341
734 689
964 894
644 706
484 490
491 478
628 671
1009 932
944 899
315 237
92 187
554 472
757 772
88 98
952 906
818 911
628 635
316 225
818 823
255 164
432 343
763 732
490 502
721 740
587 576
530 612
992 902
491 454
343 411
880 973
645 703
761 850
152 77
241 220
727 802
352 403
246 181
1 10
479 525
958 919
749 668
551 527
538 462
319 291
580 605
501 457
487 405
349 417
252 279
731 685
637 596
339 307
257 224
271 322
740 840
1002 975
404 401
190 91
254 327
277 330
100 182
648 603
810 793
535 615
702 733
855 864
76 16
773 863
917 987
279 306
123 34
922 840
613 700
658 706
705 787
101 105
807 834
883 798
358 310
634 609
786 690
618 561
644 579
141 60
466 388
340 309
495 407
283 200
352 313
886 970
95 33
291 273
217 277
1007 997
1 40
219 227
764 860
1025 940
600 608
895 990
690 590
738 806
1 52
772 801
727 764
774 710
340 386
503 593
1 50
432 494
228 156
993 936
1058 965
130 86
821 723
189 184
943 868
343 340
404 412
560 487
196 209
418 346
782 860
314 307
59 95
778 821
979 941
828 821
584 587
122 201
741 665
566 527
760 812
385 424
395 459
250 343
789 836
492 506
261 179
914 916
380 430
537 596
731 808
361 269
473 512
737 811
708 685
635 567
804 776
827 855
695 718
756 853
57 97
178 146
688 746
1 15
871 965
415 512
510 480
1057 958
764 665
193 191
905 964
583 515
696 606
887 822
444 536
741 693
12 19
313 335
81 101
828 922
354 294
981 910
499 410
283 250
545 546
635 729
540 609
689 720
946 976
730 759
703 798
14 74
644 648
241 299
793 785
912 846
461 390
801 897
424 416
744 837
272 247
338 293
193 144
987 938
432 467
505 480
944 955
653 665
38 26
468 564
461 449
1 26
576 521
329 301
274 321
701 613
432 388
851 879
915 990
137 188
927 963
903 820
373 300
770 822
160 255
285 277
231 153
366 400
317 227
423 518
420 447
216 315
772 813
271 324
566 502
243 299
725 780
390 376
491 516
225 212
392 329
781 810
434 486
535 485
368 416
938 952
946 894
353 358
1 21
707 647
143 44
630 683
364 361
822 814
147 231
54 8
91 165
431 496
606 699
917 852
553 459
473 535
222 314
954 944
369 306
413 459
717 637
491 447
447 408
44 107
994 962
518 565
448 407
931 857
369 317
181 98
815 818
655 600
267 288
960 902
611 567
271 190
771 749
993 908
359 276
810 748
563 592
360 393
264 363
199 163
1074 983
131 179
41 16
423 478
197 259
779 868
344 295
536 596
140 71
669 622
938 864
715 644
67 5
321 365
434 429
19 64
928 854
759 770
178 88
160 157
277 368
467 421
653 719
330 271
966 975
817 816
1045 962
508 535
492 438
743 696
884 881
259 318
56 45
1 52
421 496
270 313
99 138
429 334
1004 988
512 508
702 770
657 751
862 780
516 441
246 207
592 516
641 674
390 408
831 920
522 573
611 634
825 878
929 990
734 826
718 696
883 800
355 411
426 422
668 707
235 334
1080 986
397 494
137 150
648 562
342 380
799 832
1067 979
313 376
452 511
441 414
214 160
1059 982
260 238
579 490
897 899
316 251
526 526
909 897
139 39
634 657
384 452
577 538
840 831
509 460
262 185
934 934
513 440
556 490
97 168
107 71
937 977
370 458
193 204
802 803
134 139
390 399
439 420
1034 991
636 578
1008 972
191 177
429 398
445 348
483 496
347 276
769 825
540 614
212 121
789 730
317 341
381 284
714 698
24 17
570 546
771 672
1052 974
776 866
290 377
470 559
367 340
626 527
879 779
688 761
553 483
112 92
440 390
510 583
741 661
473 391
289 336
574 661
85 125
36 89
362 275
310 359
129 178
763 780
31 42
69 5
470 380
739 772
726 816
57 9
476 484
498 545
669 589
112 157
934 901
854 777
112 74
246 247
1 55
481 479
883 785
1051 958
763 680
417 393
900 944
573 596
601 619
588 611
900 852
327 283
199 299
847 766
240 312
862 826
635 726
680 733
806 805
767 679
495 403
870 964
259 337
476 541
512 478
467 369
1001 946
798 821
819 833
835 837
502 490
119 37
652 594
82 129
242 258
215 246
291 362
687 755
550 504
1 71
249 177
203 176
865 803
189 237
758 677
90 33
188 115
621 597
807 769
481 536
1031 956
349 341
222 184
260 234
551 569
245 216
631 537
183 84
873 810
656 657
5 33
137 159
579 520
656 668
373 287
232 229
352 374
428 474
598 672
943 915
582 511
120 123
573 569
218 199
347 396
628 715
1 59
642 610
959 917
983 927
186 270
60 117
513 516
143 215
234 216
290 237
597 615
452 499
521 477
837 760
267 285
20 56
1027 966
690 622
235 221
199 194
186 91
374 347
244 252
424 473
438 516
385 385
337 357
945 958
686 665
698 792
16 64
464 420
655 671
911 968
839 877
144 177
535 523
65 139
230 152
806 732
312 246
578 565
699 740
817 902
105 17
886 973
360 298
658 611
53 32
1 11
319 337
36 136
879 889
595 522
721 805
80 28
981 931
838 757
654 609
480 544
973 905
647 595
243 246
152 113
183 175
140 156
263 244
856 883
338 265
792 883
403 462
560 485
238 272
214 204
1011 984
453 409
330 398
819 909
469 370
882 882
279 214
811 766
82 35
341 421
271 271
397 370
876 848
128 50
1016 976
243 270
843 796
949 963
451 379
1091 991
594 551
867 897
353 307
471 421
100 74
401 388
591 559
884 980
607 615
651 681
209 231
133 207
741 818
372 331
950 979
403 445
419 348
780 724
345 401
618 646
766 668
335 242
288 302
795 861
777 830
117 77
541 441
499 589
1025 990
217 189
799 868
944 996
329 363
232 237
367 420
552 565
220 214
353 333
811 726
176 175
35 58
548 625
1 66
142 169
400 475
298 204
27 90
421 496
40 1
462 474
359 449
299 252
395 332
382 287
206 189
980 889
1 63
285 378
109 206
813 897
219 230
361 382
601 575
155 60
442 529
405 477
253 290
57 89
894 961
548 461
763 702
542 532
704 680
44 53
545 642
1018 1000
803 891
730 822
59 152
423 324
590 633
266 267
325 381
307 272
422 506
403 419
524 461
613 526
1033 978
403 468
820 729
777 795
631 581
298 383
302 226
505 421
461 386
351 273
556 484
638 676
152 107
236 229
831 902
882 962
38 105
100 84
1006 991
661 701
596 689
748 655
528 600
587 538
492 499
783 881
1017 981
546 473
368 383
618 679
662 573
563 589
553 480
161 145
612 624
926 923
972 915
249 232
948 974
662 735
735 678
682 640
722 644
146 212
75 123
276 253
890 943
1 18
1007 916
302 327
607 640
646 615
488 470
565 655
239 288
448 401
906 840
564 633
647 707
339 424
757 682
213 194
829 855
229 190
703 728
257 178
255 275
123 88
321 367
517 544
768 738
1040 963
439 460
282 266
739 727
128 33
471 442
714 628
467 384
298 244
411 482
760 765
435 446
245 247
865 913
658 560
457 528
694 594
882 935
415 462
555 621
705 660
525 564
276 302
871 936
582 592
639 724
181 118
200 299
201 251
35 129
5 96
85 167
239 169
359 381
948 976
771 767
804 837
457 407
284 203
485 387
803 735
629 706
358 335
13 40
808 821
68 131
96 159
956 978
101 53
767 849
577 478
1 19
278 230
388 453
318 336
847 931
592 588
494 449
615 566
265 272
806 883
754 731
94 80
113 213
203 177
896 872
712 626
1000 940
69 150
279 379
847 833
509 517
686 724
946 973
652 581
872 839
237 272
314 412
789 839
440 492
526 553
714 718
791 738
816 839
385 390
557 588
562 523
715 630
815 770
752 746
1 49
280 369
498 537
116 115
155 215
872 971
572 602
551 551
1 40
399 494
306 252
153 158
81 72
84 177
755 667
504 483
724 815
94 19
725 745
266 339
660 614
263 302
341 319
635 670
519 513
647 566
24 27
259 322
707 645
162 210
925 841
830 925
600 521
931 975
177 269
862 929
437 478
918 970
737 684
227 231
595 673
343 348
194 232
683 727
616 597
401 397
608 539
923 907
928 892
731 699
435 408
265 361
828 789
583 529
275 190
812 880
212 236
659 715
725 718
348 439
774 814
845 902
593 658
393 410
511 412
5 90
689 678
916 951
120 37
624 593
781 737
174 211
156 134
769 847
433 490
57 95
389 435
822 737
760 860
360 310
545 548
991 984
669 660
142 86
707 635
935 941
156 56
357 372
630 650
1041 964
734 735
730 682
166 151
223 283
834 773
648 643
918 898
781 817
362 269
760 731
454 507
853 841
294 207
779 752
407 318
86 126
182 153
49 101
623 560
786 743
765 816
981 980
29 1
69 82
914 886
448 377
476 465
752 753
847 842
609 547
660 580
700 754
1 37
616 548
963 896
735 656
615 537
143 78
582 540
525 597
253 314
877 845
321 361
988 930
562 654
866 841
754 810
193 98
846 814
977 898
220 237
310 236
375 397
512 468
112 160
176 168
262 189
123 123
826 783
1063 991
839 775
505 565
838 906
680 604
229 233
759 693
188 209
241 279
166 231
773 675
324 370
777 814
285 276
200 238
663 710
916 931
833 879
433 492
168 81
386 347
360 417
612 582
755 801
282 195
474 403
215 247
351 356
571 627
838 858
722 803
277 236
521 572
585 485
526 586
808 748
291 235
838 859
793 788
394 345
801 861
395 342
783 779
555 595
910 963
195 260
315 366
796 835
687 733
808 834
357 442
690 773
974 880
928 873
722 793
164 173
394 402
38 60
688 628
1 19
146 146
741 685
88 138
636 593
265 202
590 500
66 89
508 433
133 63
494 514
785 865
433 393
364 269
129 111
659 614
330 272
950 973
673 609
285 236
493 496
120 24
795 871
186 227
391 420
933 850
112 127
186 170
190 224
714 722
267 189
548 597
346 286
1 22
958 957
576 536
311 221
292 281
261 238
622 531
472 449
714 735
575 670
667 646
297 272
546 605
390 394
595 508
570 537
893 955
408 477
947 969
697 692
896 963
914 829
623 638
122 206
229 185
210 187
36 129
266 300
207 114
391 305
174 199
897 916
802 839
966 899
464 452
163 185
552 561
825 848
167 191
864 830
885 860
952 873
574 649
632 591
915 974
1037 974
471 452
364 397
331 350
671 597
34 13
405 392
273 343
844 756
438 387
888 924
174 188
1 68
581 552
112 166
406 435
3 14
782 797
186 254
228 300
483 431
346 367
220 197
237 233
249 149
51 62
1 38
106 69
430 425
855 810
834 878
484 503
240 308
781 798
394 437
805 798
23 36
527 583
418 412
182 195
783 878
347 388
478 438
435 532
18 3
332 268
373 417
282 277
273 229
486 445
358 380
884 974
329 248
491 433
1039 1000
781 874
889 939
813 760
538 473
721 811
810 766
236 306
558 556
527 521
377 364
467 460
230 136
537 458
839 784
623 648
693 783
922 960
42 137
524 591
845 875
503 440
310 263
91 40
916 835
863 943
726 749
214 263
621 597
59 5
1029 999
118 161
1 35
933 891
377 459
926 996
675 592
1 54
1080 985
444 401
259 298
383 459
144 77
617 611
169 159
392 467
821 737
887 895
135 49
482 382
347 285
326 388
1048 972
353 265
691 729
822 810
1056 973
867 818
349 295
566 532
126 58
758 736
113 187
923 896
1063 998
914 997
564 476
221 259
536 475
465 494
124 130
222 151
669 639
774 855
565 480
431 478
471 386
602 672
371 361
821 894
447 460
122 148
749 660
706 628
367 329
898 975
17 1
584 507
815 750
53 109
878 915
735 700
38 75
880 896
233 229
1 85
147 144
595 536
841 919
584 516
425 473
1 25
1 25
682 611
22 44
798 722
954 980
615 563
585 672
976 914
448 541
917 882
178 142
346 259
113 35
641 543
652 689
819 721
235 142
509 530
602 503
519 450
305 248
608 599
911 919
546 636
205 181
799 873
112 154
440 427
669 604
313 313
441 363
601 594
815 813
898 829
133 49
808 791
463 554
471 499
215 226
325 345
402 432
671 758
113 64
933 843
585 637
945 941
891 965
502 448
798 857
982 968
258 351
691 758
307 351
901 980
670 662
338 357
921 914
642 548
793 723
1 23
214 170
326 351
35 113
755 783
747 766
497 527
233 206
551 644
348 258
921 861
675 728
122 69
173 128
397 392
81 145
112 51
179 112
245 253
300 340
1027 932
832 817
970 965
493 480
633 724
812 839
549 500
726 746
767 811
450 373
641 605
351 252
162 172
388 394
229 177
84 98
325 377
518 486
792 855
382 290
146 130
426 355
885 842
255 233
81 101
671 686
676 736
844 930
748 700
92 69
696 607
949 879
904 916
1037 960
345 408
681 679
130 138
123 185
684 782
9 49
464 453
551 630
364 429
845 853
450 545
645 651
853 765
155 159
1007 1000
120 179
743 717
816 885
71 32
833 838
148 186
486 470
270 185
836 921
385 376
954 986
852 934
90 171
552 645
1 46
762 681
1 43
231 234
99 103
536 496
486 389
945 931
639 579
164 132
966 908
679 772
736 677
425 343
714 703
134 139
337 344
418 387
840 909
471 539
361 304
745 655
374 378
153 92
841 862
428 411
420 362
383 397
331 290
182 152
687 611
188 173
226 137
982 946
432 365
410 475
971 982
832 920
710 802
1 66
711 778
715 744
535 464
399 313
401 341
620 685
339 331
150 85
741 676
89 91
535 534
229 166
124 51
970 966
849 841
558 625
173 114
1 16
29 113
800 826
581 506
794 738
657 564
364 455
711 735
283 264
526 548
717 738
900 853
557 575
495 569
316 365
599 620
340 264
144 193
1 21
285 373
168 84
167 250
190 288
86 132
180 151
337 419
522 521
907 974
601 655
690 648
830 737
398 298
227 187
1017 981
870 965
979 954
149 166
330 248
655 636
565 560
624 563
11 24
813 896
821 803
1 16
291 274
809 714
406 449
192 229
188 280
494 423
769 868
115 124
945 970
312 231
859 935
809 808
61 23
110 210
149 88
192 151
742 770
600 555
580 613
771 866
230 223
258 303
383 305
312 306
951 900
962 964
467 397
966 898
63 59
571 628
182 225
473 537
624 612
619 633
275 314
551 478
1071 981
868 904
776 819
187 108
245 179
196 152
686 598
321 349
100 80
796 762
292 314
417 513
293 205
510 584
731 652
983 894
149 198
220 143
601 671
304 302
575 611
631 631
533 526
533 526
439 403
141 231
794 830
242 283
772 864
728 755
62 159
141 220
454 447
892 800
880 833
804 805
724 791
499 412
850 857
476 408
859 895
313 360
874 827
875 971
909 961
431 519
432 335
329 238
935 883
204 222
827 886
764 708
376 475
933 876
69 123
76 127
310 384
798 745
311 284
388 429
776 685
593 512
577 503
576 599
925 983
439 462
1064 992
236 270
393 491
267 282
766 831
146 167
28 115
579 661
539 564
902 934
527 608
586 513
1 53
725 659
706 646
120 164
752 763
828 825
887 949
321 355
775 811
188 164
766 851
253 289
483 392
130 224
419 460
886 903
440 347
579 638
45 101
666 587
736 797
792 881
219 210
194 243
938 969
225 298
161 253
576 593
439 453
663 657
172 72
225 222
402 319
1 61
750 694
448 384
739 801
218 136
522 536
1012 958
557 647
610 526
1 28
999 904
484 509
922 884
539 565
635 601
417 323
615 522
149 192
66 103
483 451
903 867
555 602
874 783
346 311
1027 994
187 172
1 51
332 389
193 237
796 721
561 597
417 492
248 331
358 380
190 259
653 726
54 55
496 501
395 459
729 790
1 4
715 634
170 117
666 601
711 808
457 544
504 542
598 590
829 827
864 817
657 617
1 32
815 879
593 692
709 685
90 88
820 911
553 546
528 580
948 997
1018 937
1069 988
433 351
563 661
617 630
367 360
897 908
263 203
545 479
270 251
212 162
967 905
227 167
779 862
346 369
86 181
684 765
291 251
992 909
712 645
664 568
896 847
547 538
466 540
193 99
438 423
323 246
88 165
549 544
120 52
218 131
273 372
500 471
651 625
696 684
432 378
542 534
46 73
458 540
639 671
207 127
507 412
1067 972
825 823
716 663
755 784
608 588
514 496
209 170
133 153
209 199
216 152
355 258
208 283
305 289
616 608
428 463
157 180
404 329
271 221
266 294
119 125
534 625
376 427
712 796
131 151
883 867
214 122
416 370
752 840
41 115
806 875
947 912
163 85
958 969
734 714
984 971
745 743
284 198
556 635
76 41
711 640
782 731
149 222
601 536
150 165
343 311
142 124
869 773
868 923
190 280
316 257
946 961
246 267
176 238
745 810
233 171
261 288
442 389
554 566
19 74
765 813
1 49
232 175
688 754
409 457
935 897
458 512
152 68
138 236
665 574
959 893
661 615
920 857
578 538
37 72
250 292
933 916
732 804
583 656
422 379
72 67
287 280
359 361
964 984
259 271
566 489
240 256
916 882
133 225
454 529
568 510
996 1000
282 191
741 813
976 898
444 420
510 470
629 619
307 377
472 465
926 887
746 764
43 55
705 727
835 844
700 644
188 181
126 171
475 545
473 439
558 547
430 417
151 205
463 500
365 332
775 820
330 416
328 243
811 854
138 66
170 236
520 568
1045 969
665 706
298 295
170 167
837 773
209 279
742 661
809 727
888 838
378 404
749 743
149 234
546 529
274 191
786 832
622 537
341 366
864 880
1011 940
830 745
1 37
725 672
805 809
680 682
1050 979
328 300
445 511
646 732
889 868
625 618
753 769
172 186
574 584
891 832
772 716
455 472
260 272
563 498
287 365
626 583
562 479
848 898
178 133
601 646
1014 915
135 55
222 213
630 623
878 875
437 513
286 356
588 586
1 16
1002 984
433 422
417 354
297 214
856 890
145 212
93 27
693 769
735 835
209 232
212 254
599 642
405 476
950 919
862 912
663 754
673 734
1042 967
1 41
251 259
927 926
808 840
567 544
895 908
235 225
145 69
164 121
601 523
742 678
633 593
590 665
250 314
930 992
590 596
320 358
470 524
80 163
882 942
628 537
230 182
200 204
235 208
582 653
830 848
571 532
166 103
934 871
906 932
508 507
908 986
674 613
298 323
675 590
386 377
980 905
869 932
561 474
661 606
297 389
761 671
325 360
850 845
706 646
143 99
566 609
509 501
807 764
553 598
258 242
367 390
1 61
309 259
551 519
845 826
1042 942
209 282
955 896
978 982
236 276
219 301
1018 952
761 856
452 428
223 255
681 723
298 280
861 937
1 37
818 901
418 456
981 996
682 590
461 455
580 510
648 667
921 829
80 51
448 383
380 340
838 915
734 797
616 547
930 1000
429 335
753 785
791 797
341 299
278 343
288 281
273 282
293 264
121 78
61 134
182 126
896 862
216 190
440 340
809 724
264 271
795 701
501 464
323 405
287 230
185 153
945 923
848 813
601 686
941 925
48 21
128 58
339 295
824 900
983 956
1 86
270 346
446 427
245 221
206 202
354 417
478 424
843 943
790 883
217 290
1 47
289 269
780 775
327 379
171 121
394 362
600 534
840 828
431 388
956 908
350 394
284 282
415 432
508 443
824 737
603 584
278 206
298 328
930 848
717 805
314 337
473 488
591 519
277 362
170 230
372 393
272 353
250 275
930 845
347 377
189 202
951 971
385 431
460 508
870 825
205 226
809 719
561 540
999 973
574 480
321 347
469 536
831 842
591 640
263 211
712 687
629 579
191 168
658 678
196 244
464 479
717 749
1 49
195 177
821 805
313 345
519 569
911 926
227 273
763 743
972 885
853 816
110 151
157 75
829 863
632 636
653 645
789 859
818 817
331 355
925 930
913 850
215 282
473 549
107 115
453 394
398 465
118 153
736 650
713 615
796 846
181 184
85 15
395 304
421 437
891 943
1015 929
473 535
475 388
619 523
569 515
132 45
657 657
752 748
1 49
377 369
461 374
128 140
189 282
776 816
482 463
552 527
512 533
794 747
993 921
678 699
364 318
839 854
1031 938
629 663
431 360
260 188
683 685
771 709
810 825
180 150
336 332
614 577
703 739
835 755
578 614
597 497
466 519
419 439
1035 960
649 644
730 761
258 310
581 654
972 973
580 641
541 551
558 465
714 624
162 214
423 435
471 383
530 449
293 354
721 628
854 855
58 25
1 34
628 561
162 68
826 914
324 333
372 294
746 768
374 448
712 698
742 742
1 32
595 671
771 716
181 83
126 163
928 953
650 671
601 657
699 748
814 799
338 289
341 248
1 30
727 749
709 740
260 353
718 644
750 808
16 72
325 422
355 376
1024 952
931 883
803 707
626 619
626 664
851 866
66 161
856 894
790 707
67 143
549 607
363 321
90 87
865 899
106 65
242 162
623 651
476 458
674 579
132 203
304 281
113 108
455 429
850 782
130 86
831 863
788 750
228 250
343 311
259 320
357 337
1 21
513 596
1043 993
1068 997
886 961
871 807
915 881
89 127
902 985
585 523
690 617
1 47
1090 994
554 614
333 259
981 986
534 564
1 1
885 787
120 204
1052 993
176 156
184 87
623 579
250 226
610 709
118 177
953 985
1031 951
1 32
758 801
855 800
48 61
634 701
8 61
403 429
625 695
203 230
1 42
472 487
517 527
44 112
243 249
287 334
169 75
610 599
502 525
424 510
867 826
112 100
660 721
874 843
427 374
22 48
213 285
656 645
840 938
795 888
464 527
678 579
702 779
635 680
658 716
909 977
394 417
919 850
983 974
919 972
511 524
820 902
109 156
199 225
343 344
649 737
538 615
208 292
519 451
704 648
523 529
853 773
629 724
670 699
479 422
170 73
679 700
866 956
543 500
464 481
991 910
89 135
50 52
815 804
1 31
775 850
97 32
571 581
522 520
536 556
353 309
523 441
154 57
447 455
526 488
671 695
614 518
749 679
277 290
135 111
153 83
1 42
956 926
417 462
239 201
200 167
203 143
44 78
822 849
404 305
610 517
118 168
72 101
1 43
88 174
201 203
148 51
610 644
312 358
576 523
402 387
894 978
105 89
353 421
871 814
138 48
887 926
255 319
8 87
636 705
449 483
660 618
563 475
714 756
847 773
824 753
467 370
442 360
782 815
511 609
462 405
511 607
428 495
220 233
16 72
298 388
150 110
505 545
490 391
503 574
783 742
40 76
299 362
691 781
119 163
385 447
433 386
405 426
343 357
51 97
389 443
518 456
243 170
770 739
896 818
1053 991
818 829
464 456
644 590
142 237
783 748
858 803
393 321
745 685
313 387
828 901
81 118
193 202
308 283
240 333
217 122
285 241
466 551
849 816
560 660
430 436
438 435
823 865
397 438
676 660
75 13
741 727
150 99
197 204
474 494
670 763
531 529
691 666
395 312
778 824
277 239
924 967
386 446
569 668
653 677
748 755
112 208
527 491
180 152
687 756
261 358
616 585
869 876
371 293
264 322
489 550
627 530
215 201
753 713
255 240
186 282
1058 975
380 432
53 39
804 719
87 4
1 80
944 874
510 568
858 887
642 667
609 644
199 258
752 717
239 199
272 371
757 704
547 531
572 576
792 733
519 477
31 50
295 295
1 50
171 223
584 578
398 351
145 87
422 435
1 1
822 764
346 287
83 53
864 779
955 860
310 241
681 599
997 929
1 15
1025 935
466 558
263 203
904 913
637 698
508 514
603 529
432 356
866 904
1 75
216 235
482 560
658 688
885 959
775 678
734 685
367 283
220 233
731 687
713 661
834 746
322 337
723 775
174 100
681 748
258 168
205 143
891 801
749 830
1024 986
394 451
909 876
963 906
447 523
280 257
69 64
850 787
196 108
485 392
699 640
858 845
916 862
754 659
333 291
751 655
63 100
400 429
814 745
922 978
538 498
464 525
225 237
291 192
1032 993
291 233
361 451
229 312
296 210
537 476
968 897
717 710
735 680
948 849
579 591
439 397
908 889
871 807
70 112
730 726
751 675
449 485
65 113
949 896
599 536
524 524
1007 983
493 504
77 92
119 42
234 179
585 511
648 651
167 83
15 54
819 881
454 422
510 488
661 663
874 858
304 380
893 825
225 234
886 928
507 419
576 660
680 696
581 606
912 982
286 310
1066 987
715 780
324 349
120 182
175 200
526 529
176 162
1 6
547 477
679 756
765 776
251 331
920 882
205 220
1027 964
205 130
71 138
209 252
75 78
204 179
437 464
167 195
374 446
878 967
226 164
852 917
383 465
246 315
579 557
785 701
996 970
188 125
910 887
147 245
288 347
50 115
751 836
635 538
543 572
511 513
740 684
351 450
571 512
1 1
848 799
348 295
791 805
874 866
491 526
802 818
80 137
286 275
544 487
337 298
779 719
657 590
825 736
806 813
439 410
136 176
339 273
628 643
466 487
735 805
604 532
1012 944
868 821
353 254
424 366
976 961
655 621
881 796
634 597
1 43
666 667
460 363
1079 985
255 296
934 893
290 378
472 397
453 475
440 449
366 431
475 444
315 352
151 184
196 262
727 686
75 167
183 239
860 824
636 658
232 272
1046 979
172 237
210 267
711 750
717 794
147 244
134 166
733 814
392 358
398 496
381 319
384 454
987 906
962 970
650 697
900 928
374 396
544 531
105 205
36 6
470 395
560 617
475 439
562 629
322 241
754 734
1004 989
695 684
402 416
796 742
888 969
495 476
539 622
703 703
258 188
596 551
875 954
716 672
364 363
419 434
788 694
229 188
544 548
819 789
808 853
354 454
964 983
338 319
598 660
343 244
427 390
779 740
276 322
184 238
939 911
984 945
151 121
763 678
656 734
204 220
649 660
456 368
677 774
681 638
582 497
336 248
350 367
574 538
340 359
76 112
293 286
795 789
90 46
602 641
1 17
163 149
91 19
665 742
561 538
906 972
333 363
53 150
267 289
652 709
609 516
24 1
123 124
458 419
372 401
538 632
237 201
1010 934
788 860
912 950
764 736
1017 983
893 916
662 571
469 507
360 408
715 807
983 917
775 710
571 590
893 830
406 446
252 273
569 649
193 125
1006 963
823 827
195 280
315 241
411 457
677 606
252 240
560 570
134 208
952 992
758 755
260 184
245 146
152 205
790 819
399 488
430 490
884 831
985 958
525 478
140 158
396 344
732 824
936 962
981 910
499 484
232 134
355 389
301 397
331 290
699 695
318 258
857 893
798 817
631 539
1055 959
1 21
350 317
297 237
112 75
41 36
557 625
779 827
887 904
809 908
536 595
760 730
256 223
626 705
794 789
1011 996
877 928
127 50
452 424
424 443
930 961
181 180
614 600
1028 941
625 556
662 644
838 901
289 360
335 427
309 387
593 517
691 636
749 709
597 497
645 557
312 302
295 216
356 420
653 743
904 833
930 918
641 719
160 235
914 980
281 194
862 806
167 184
758 720
581 626
471 510
823 728
883 793
673 652
322 359
884 937
757 714
305 402
482 547
503 409
737 715
371 432
240 190
548 535
257 356
352 259
551 477
847 943
620 537
628 641
524 449
726 699
972 893
889 845
841 787
999 916
649 601
534 537
1046 983
957 872
314 236
81 43
985 907
907 931
665 585
58 27
895 886
172 216
204 158
587 681
1 11
831 895
251 209
132 57
316 413
644 607
578 483
33 24
195 114
353 450
470 382
576 525
784 779
353 413
573 608
689 683
868 879
894 870
910 816
612 699
730 653
619 630
588 509
909 948
833 856
874 791
641 716
605 693
49 58
242 269
74 168
107 46
557 564
787 782
290 233
91 5
16 1
466 516
898 872
958 996
302 248
476 447
745 711
350 325
820 849
144 220
348 362
486 560
808 796
872 859
807 722
485 529
164 127
1044 986
502 486
708 725
72 39
375 341
1 50
78 74
232 283
688 759
326 362
91 84
85 109
573 488
413 325
263 212
727 738
756 742
845 844
488 585
384 335
483 509
181 185
850 905
178 124
853 874
273 299
494 445
389 346
749 745
609 582
553 514
797 790
723 628
1083 997
479 549
426 461
206 108
886 946
343 412
135 192
190 279
156 145
597 537
522 479
401 458
218 202
850 775
924 999
38 23
356 374
358 421
539 566
899 870
271 367
576 576
853 835
683 732
524 618
722 714
885 936
258 280
417 389
622 527
420 426
370 355
894 939
278 308
271 341
755 717
920 869
232 137
27 18
748 653
948 888
864 917
457 474
681 647
903 907
252 326
466 417
812 764
652 607
228 320
499 566
687 704
391 359
370 346
417 343
891 829
316 319
954 983
702 783
55 42
764 743
713 648
261 274
60 71
195 119
132 124
682 709
1018 992
386 442
1 49
712 640
780 856
282 237
971 970
818 829
975 965
227 142
527 489
820 920
838 784
873 927
1 27
963 926
767 867
1 90
174 81
799 704
589 530
259 324
141 203
968 975
784 685
717 716
501 492
555 647
30 98
1018 962
681 739
91 6
3 84
835 826
674 757
9 83
1 33
699 632
1 46
475 433
600 693
46 108
687 727
517 571
623 545
1004 997
322 238
216 247
639 600
64 23
213 275
221 317
106 190
386 335
226 318
174 207
891 817
641 667
57 44
470 400
124 154
472 420
840 809
547 511
145 50
1 5
491 493
6 35
403 351
816 803
667 689
534 469
894 814
678 612
963 977
668 675
47 16
859 954
891 817
806 737
745 791
313 375
73 97
823 855
488 575
527 544
296 242
1066 968
343 375
461 396
197 272
322 318
53 143
865 852
246 176
887 929
152 154
1042 986
337 377
996 927
835 899
217 283
528 596
449 458
377 377
712 671
10 22
266 199
770 844
250 269
741 811
798 723
103 151
315 298
976 986
848 790
758 750
91 24
589 629
724 745
590 671
304 208
719 727
516 521
528 499
172 171
561 621
673 771
925 915
558 562
518 592
874 872
904 900
547 611
1011 967
924 928
312 229
547 557
664 599
666 704
298 334
176 120
356 380
925 838
1 9
118 215
448 463
469 553
557 570
518 439
557 623
228 203
327 240
424 407
5 42
1052 968
223 307
452 544
790 731
823 879
506 590
622 684
685 586
927 917
891 900
183 201
345 346
959 926
47 92
439 461
993 947
229 238
36 94
397 480
239 286
169 241
539 605
598 591
203 255
169 73
221 148
425 429
183 274
13 46
653 715
893 833
908 1000
368 396
714 722
710 660
460 360
597 682
153 154
648 698
697 777
582 511
793 745
478 422
474 500
160 221
470 467
842 776
713 740
1 88
551 483
272 264
698 750
833 797
824 818
628 681
210 283
180 277
214 172
10 89
72 43
41 73
959 960
924 829
848 802
549 645
233 262
372 311
1 21
131 143
373 440
618 649
281 219
193 286
1021 947
1 1
753 677
135 229
664 597
714 637
539 512
883 911
840 902
971 886
745 719
306 362
612 529
140 182
378 315
407 398
153 193
487 475
1 53
567 629
858 950
213 308
167 184
10 10
12 104
441 480
648 641
520 540
155 56
297 236
445 432
695 642
596 547
848 867
591 662
100 149
98 136
246 269
86 7
277 251
635 599
721 634
476 543
135 80
968 873
895 806
720 774
905 892
1 68
806 725
777 766
650 722
829 790
461 485
998 929
467 564
592 503
626 696
936 957
306 290
253 345
1070 993
991 898
1 2
475 537
774 788
707 615
137 70
297 341
75 56
142 194
160 195
816 837
77 62
229 175
112 14
748 779
777 752
544 517
369 382
900 829
971 917
719 703
371 351
162 176
619 529
285 222
217 219
250 260
342 351
512 505
454 504
174 132
808 824
580 518
256 334
566 660
1025 979
916 896
781 815
523 515
454 413
304 377
692 720
572 584
151 120
248 158
410 396
476 399
889 813
157 168
711 645
592 595
769 723
1 7
249 156
85 123
54 120
413 503
1002 926
330 318
999 932
935 892
693 631
255 209
52 147
392 479
135 119
6 13
1 33
784 728
1046 986
95 75
626 685
301 387
520 521
414 394
544 488
508 518
506 603
103 172
231 317
61 70
34 81
310 215
444 504
299 279
103 163
320 368
549 513
210 123
495 565
812 759
695 760
462 503
345 246
247 199
835 816
942 883
429 453
906 908
489 533
277 256
603 628
429 524
743 840
193 281
85 183
431 377
477 479
823 868
900 819
1038 971
497 407
111 96
126 225
347 408
11 76
29 79
367 306
601 510
368 333
773 675
618 618
427 517
603 690
175 113
462 518
955 926
358 335
136 195
530 488
694 704
665 568
297 271
101 48
650 584
233 245
529 595
445 538
556 558
913 837
1 19
873 780
813 804
454 460
760 830
32 46
486 583
639 630
158 118
411 410
587 646
505 515
642 694
317 283
147 200
873 787
351 252
515 471
1 48
614 553
746 646
724 711
108 146
966 874
841 854
512 412
775 748
774 781
149 216
871 953
582 672
995 929
26 16
734 781
754 726
892 947
511 495
984 927
477 452
20 32
612 645
395 426
333 336
102 164
419 349
588 624
698 689
760 851
41 45
209 217
715 651
424 510
157 205
215 211
39 73
415 411
194 277
278 272
293 243
755 791
205 225
923 869
210 288
616 556
943 982
468 431
356 370
358 270
862 908
382 437
8 22
639 559
841 867
353 347
336 299
394 376
169 208
553 459
88 128
727 801
116 167
890 859
358 360
902 902
95 103
836 779
677 583
410 498
325 411
728 757
391 403
913 836
492 477
1053 965
918 837
807 726
554 515
624 537
647 736
484 442
617 692
536 600
249 334
398 326
74 105
485 564
129 80
879 975
370 326
125 81
169 236
432 494
766 688
562 493
73 110
283 344
31 38
623 704
839 857
64 47
134 161
670 619
473 453
878 948
285 381
122 115
276 320
309 342
117 56
423 444
565 487
244 162
275 352
376 375
74 36
696 602
328 391
288 198
308 398
360 400
702 728
654 685
1090 998
921 930
706 664
638 585
449 430
454 476
891 815
1031 994
533 506
588 635
750 695
896 842
448 360
673 670
322 305
112 188
902 993
460 397
882 932
245 280
321 327
229 316
943 960
560 515
190 239
442 358
123 148
113 153
88 46
69 27
236 261
22 93
980 982
163 132
89 113
449 493
1024 983
732 700
131 85
348 400
231 272
234 262
727 756
882 865
795 845
801 787
75 121
1 19
219 304
411 483
399 376
580 524
329 362
845 872
368 403
170 108
923 920
190 112
834 913
193 157
775 768
214 234
346 367
94 170
810 907
554 645
336 360
1 25
818 786
672 637
736 806
673 763
175 195
769 840
299 369
803 777
8 60
795 835
142 140
802 790
283 220
226 271
135 100
719 785
1 54
142 159
959 954
624 665
341 302
292 241
861 894
584 585
972 979
687 778
273 347
624 675
243 198
499 532
1021 960
108 86
113 167
220 218
394 451
177 210
759 740
223 184
912 917
210 249
750 716
718 765
770 834
466 470
716 765
837 738
1045 951
762 838
766 763
1008 985
315 284
194 251
689 730
92 8
774 810
760 845
404 416
524 454
306 372
245 145
315 262
662 699
243 159
550 460
839 862
267 257
401 355
371 327
635 595
858 919
736 785
19 18
495 590
839 762
749 652
662 730
1051 988
744 819
883 850
949 876
444 418
164 150
499 562
486 577
971 932
88 158
338 334
903 859
314 383
611 644
841 864
276 276
904 924
93 63
303 286
983 931
754 798
1040 955
727 743
279 231
240 216
473 404
600 557
174 235
604 585
301 249
129 154
199 259
763 673
828 867
671 621
419 427
417 339
231 221
367 348
671 716
318 307
13 11
517 457
783 728
1 39
844 797
751 679
214 275
571 640
792 707
42 100
521 538
378 311
315 415
279 198
99 165
448 394
420 408
903 832
538 478
347 302
852 883
1 4
276 336
454 428
847 778
108 159
851 779
47 86
746 687
185 106
1 20
834 776
138 174
872 940
314 343
875 897
33 104
714 675
48 127
256 289
625 573
1 2
251 225
480 515
957 910
513 570
883 799
358 442
660 563
346 251
307 272
926 925
794 864
776 689
499 490
243 220
942 919
1 89
61 19
967 994
183 259
308 275
1 9
614 539
275 224
398 375
230 166
759 805
708 798
416 354
135 63
476 568
1 29
300 208
346 274
1056 984
530 576
596 616
793 701
846 879
627 564
790 781
948 876
68 77
723 623
215 282
136 193
1050 994
746 787
14 50
192 283
552 608
596 682
7 15
503 409
328 395
924 945
347 345
487 478
258 210
432 415
1 20
426 356
737 773
282 212
16 77
865 771
163 246
841 908
425 387
373 305
638 682
381 340
949 975
778 792
135 127
882 905
262 278
390 341
380 381
535 461
192 179
1 28
497 447
108 27
452 456
185 279
456 385
61 72
729 723
491 526
702 617
601 562
817 786
343 262
862 847
1 2
575 578
818 868
707 646
600 523
677 689
621 713
329 315
233 242
641 729
231 205
458 459
552 630
1030 998
1 69
867 790
327 327
928 980
832 750
468 448
651 680
767 851
844 865
206 228
453 414
982 949
949 943
808 729
713 656
359 364
1043 989
254 343
211 135
704 678
379 430
71 64
857 885
635 643
509 493
346 337
238 279
674 659
46 82
114 120
792 741
428 433
186 113
301 293
495 462
827 924
320 377
699 667
898 991
728 659
491 496
209 197
435 474
809 798
449 481
154 83
155 160
864 842
908 871
195 108
494 522
194 282
481 409
995 899
921 889
743 680
939 846
868 965
419 483
8 92
34 80
604 511
591 655
213 233
224 155
918 889
216 189
775 796
538 516
485 543
616 552
715 630
729 676
238 324
434 341
925 951
314 251
687 663
488 556
795 891
708 759
1033 959
637 667
666 614
340 429
967 912
794 768
620 569
723 628
300 262
419 373
190 268
925 879
420 447
911 931
454 428
334 297
290 219
629 578
142 116
104 80
832 781
680 620
1 5
463 444
786 744
536 487
128 176
176 230
980 948
727 753
652 591
433 363
594 544
191 276
255 162
955 929
53 143
885 793
276 238
799 806
375 413
667 742
817 805
865 854
491 489
579 490
877 834
633 587
552 651
879 821
18 67
586 652
344 380
544 619
811 727
647 648
109 194
264 183
1 16
230 322
566 523
119 130
733 648
156 172
876 950
156 195
879 941
170 221
132 223
52 61
123 30
98 197
836 794
983 998
706 716
330 238
441 477
433 516
933 956
287 322
854 872
241 328
13 42
622 529
377 397
100 36
305 221
559 482
44 122
454 478
131 207
814 798
231 243
584 525
350 332
273 274
592 578
395 384
931 967
80 163
319 361
463 372
887 946
407 337
194 124
48 124
473 412
716 670
177 274
572 496
193 210
526 446
774 746
500 505
782 688
341 375
640 560
785 696
447 375
879 872
894 951
718 732
981 895
452 427
298 261
138 154
412 339
412 500
1 36
813 797
643 641
447 441
218 293
429 429
415 369
551 617
56 12
799 793
656 595
804 831
757 833
891 951
717 763
1051 975
481 435
425 384
437 390
737 733
663 684
157 239
86 140
271 250
107 130
675 768
229 166
100 144
422 425
390 323
578 502
428 371
87 131
454 519
236 155
699 663
278 330
731 657
8 4
443 462
630 578
358 261
579 674
908 873
431 522
183 241
548 472
198 220
393 425
911 934
11 28
539 452
183 226
548 512
690 749
774 769
857 866
223 291
385 444
730 654
520 478
200 213
446 525
46 6
390 296
490 425
215 237
695 766
507 545
948 872
153 203
670 696
800 821
523 599
728 784
166 115
401 308
935 933
533 601
504 445
441 476
895 803
131 41
878 779
656 578
588 636
222 137
914 837
1020 944
108 156
398 442
266 221
277 285
88 131
345 407
22 6
312 346
467 545
732 790
135 94
272 289
219 217
117 189
597 598
191 126
749 655
126 190
114 62
560 504
311 324
313 285
917 860
488 534
492 510
424 366
919 907
668 683
56 106
207 226
149 214
111 44
549 612
259 248
191 260
867 854
448 467
832 765
786 834
806 786
141 192
844 871
866 871
618 555
695 717
535 563
246 337
143 157
688 631
808 780
573 626
910 885
420 389
591 669
401 447
767 733
267 256
238 211
220 244
777 862
305 387
621 629
793 723
408 381
816 803
708 638
464 436
704 680
637 710
488 487
493 524
829 800
475 453
295 335
685 752
619 671
1 35
890 941
309 312
364 425
468 453
377 473
508 558
353 260
379 369
739 656
459 486
168 193
482 457
18 39
165 134
313 306
166 247
859 765
905 876
834 796
841 776
597 635
282 188
676 708
257 291
156 116
677 586
902 916
924 897
848 807
167 233
1 76
410 500
815 746
67 4
414 418
888 825
597 654
776 851
697 709
644 656
399 463
186 210
583 611
200 264
650 651
573 600
665 728
226 174
959 976
556 651
286 272
311 220
807 760
702 654
140 90
41 123
241 333
379 428
252 284
489 539
761 743
250 268
310 307
807 744
463 563
502 437
1009 994
141 133
452 515
335 400
356 383
168 201
535 490
490 499
426 411
286 222
97 46
285 298
987 976
63 126
822 814
728 694
570 555
210 183
289 356
1 15
649 673
874 862
1002 922
834 907
175 115
742 669
265 278
462 551
320 244
765 846
710 807
581 666
453 383
411 311
473 495
492 527
502 459
129 117
808 865
594 656
690 624
472 427
800 737
1015 973
232 209
604 538
863 809
920 925
18 82
28 96
701 720
926 954
561 642
1 27
795 722
338 271
409 423
682 693
46 61
669 666
781 862
603 503
935 959
460 364
230 297
698 631
408 507
405 461
921 929
399 428
659 675
1007 986
458 459
596 598
709 732
45 49
610 692
538 536
196 103
157 217
993 896
757 672
835 843
753 765
511 420
292 387
316 366
663 719
461 401
865 787
564 627
438 438
338 362
643 698
312 355
307 370
313 226
317 342
945 902
690 749
555 616
55 29
85 40
75 41
263 356
21 64
84 22
425 502
524 441
375 417
644 696
851 874
634 635
871 934
705 775
108 41
908 840
642 550
902 813
951 932
933 937
860 920
499 465
50 67
466 447
383 289
888 890
220 213
579 656
319 332
234 169
419 501
716 793
16 25
583 577
109 76
758 786
27 8
670 688
560 627
619 543
475 453
400 429
788 728
969 916
909 811
692 593
597 613
621 574
287 283
160 208
816 806
891 806
924 972
759 807
201 193
215 166
532 609
340 397
548 485
231 195
589 592
510 428
479 381
181 131
244 159
269 238
381 420
115 78
277 335
313 322
468 441
1078 983
34 75
450 526
908 906
422 322
184 231
806 780
279 354
126 125
550 522
285 295
592 508
339 368
562 638
922 868
814 855
447 535
174 125
840 764
605 538
665 620
1 3
316 302
666 630
691 679
580 624
916 951
101 105
196 96
408 389
971 899
566 567
718 729
684 619
901 866
588 641
807 790
113 185
395 422
921 999
133 86
505 517
776 689
237 335
896 937
247 319
459 521
852 845
713 793
305 267
408 486
888 923
931 875
652 677
922 832
443 520
14 101
748 668
229 283
655 706
49 127
896 937
331 324
228 222
535 492
567 631
616 706
221 268
150 183
494 410
914 872
467 421
335 248
13 66
954 879
522 534
374 351
184 199
566 654
619 677
888 797
903 963
649 724
299 376
1015 943
1017 917
847 929
944 963
30 68
190 282
989 963
1005 912
953 908
106 124
981 884
767 814
495 528
839 781
1017 958
145 212
126 151
665 570
315 257
953 980
94 148
497 433
940 969
498 507
685 762
734 773
436 370
881 925
197 154
209 135
533 565
118 83
933 913
11 36
793 819
18 86
352 381
1027 987
69 14
7 74
931 870
895 925
264 268
896 862
695 687
939 997
584 605
826 752
477 523
341 408
29 74
876 972
235 242
842 820
859 798
1022 987
633 683
518 530
848 878
1006 909
215 202
538 565
538 610
0 0 0 0 0 0 0 0 0 0 0 0 0 0 0 0 0 0 0 0 0 0 0 1 0 0 0 0 0 0 0 0 1 0 0 0 0 1 0 0 0 0 0 0 1 0 0 0 0 0 0 0 0 1 0 0 1 0 0 0 0 0 0 0 0 0 0 0 0 0 1 0 0 0 0 0 0 0 0 0 0 0 0 0 1 0 0 0 0 0 0 0 0 0 0 0 0 0 0 0 0 0 0 0 0 0 0 0 0 1 0 0 0 0 0 0 0 0 0 0 0 0 0 0 0 0 0 0 0 0 0 0 0 0 0 0 0 1 0 0 0 0 0 0 0 0 0 1 0 0 0 0 0 0 0 0 1 0 0 1 0 0 0 0 0 0 0 0 0 0 0 0 0 0 0 0 0 0 0 0 0 0 0 0 0 0 0 0 0 0 0 0 0 0 0 0 0 0 1 0 0 0 0 0 0 0 0 0 0 0 0 1 0 0 0 0 0 0 0 0 0 0 0 0 0 0 0 0 0 0 0 0 0 0 0 0 1 0 0 0 0 0 0 0 0 1 0 0 0 1 0 0 0 0 0 0 0 0 0 0 0 0 1 0 0 0 1 0 0 1 0 0 0 0 0 0 0 0 0 0 0 0 0 0 0 0 0 0 0 1 0 0 1 0 0 0 0 0 0 0 0 0 0 0 0 0 0 0 0 0 0 0 0 0 0 0 0 1 0 0 0 0 0 0 0 0 0 0 0 0 0 0 0 0 0 0 0 0 0 0 0 0 0 0 0 0 0 0 0 0 0 0 0 0 0 0 0 0 0 0 0 0 0 0 0 0 0 0 0 0 0 0 0 0 0 0 0 0 0 1 0 0 0 0 0 0 0 0 0 0 0 0 0 0 0 0 0 1 0 0 0 0 0 0 0 0 0 0 0 0 0 0 0 0 0 0 0 0 0 0 0 1 0 0 0 0 1 0 0 0 0 0 0 0 0 0 0 0 0 0 0 0 0 0 0 0 1 0 0 0 0 0 1 0 0 0 0 0 0 0 0 0 0 1 0 0 0 0 0 1 0 0 0 1 0 0 0 0 0 1 0 0 0 0 0 0 0 0 0 0 0 0 0 0 0 0 0 0 0 0 0 0 0 0 0 0 0 0 0 0 0 0 0 0 0 0 0 0 0 0 0 0 0 0 0 0 0 0 0 0 0 0 0 0 0 0 0 0 0 1 0 0 0 0 0 1 0 0 0 0 1 0 0 0 0 0 0 0 0 0 0 0 0 0 0 0 0 0 1 0 0 0 0 0 0 0 0 0 0 0 0 0 0 0 0 0 0 0 0 0 0 0 0 0 0 0 0 0 0 1 0 0 0 1 0 0 0 0 0 0 1 0 0 0 0 0 0 0 0 0 0 0 0 0 0 0 0 0 0 0 0 0 0 0 0 0 0 0 0 0 0 0 0 1 0 0 0 0 0 0 0 0 1 0 0 0 0 1 1 0 0 0 0 0 0 0 0 0 0 1 0 0 0 0 0 0 0 0 0 0 0 0 0 0 0 0 0 0 0 0 0 0 0 0 0 0 0 0 0 0 0 0 0 0 0 0 0 0 1 0 0 0 0 0 0 0 0 0 0 0 0 0 0 0 0 0 1 0 0 0 0 0 1 0 0 0 1 0 0 0 0 0 0 1 0 0 0 0 0 0 0 0 0 0 0 0 0 0 0 0 0 0 0 0 0 0 0 0 0 0 1 0 0 0 0 1 0 0 0 0 0 0 0 0 0 0 0 0 0 0 0 0 0 0 0 0 0 0 0 0 0 0 0 0 0 0 0 1 0 0 0 0 0 0 0 0 0 0 0 0 0 0 0 0 0 0 0 1 0 0 1 0 0 0 0 0 0 0 0 0 0 0 0 0 0 1 0 0 0 0 0 0 0 0 0 0 0 0 0 0 0 0 0 0 0 0 0 0 0 0 0 0 0 0 0 0 0 0 0 0 0 0 1 0 0 0 0 0 0 0 0 0 0 0 0 0 0 0 0 0 0 0 0 0 0 0 0 0 0 0 0 0 0 0 0 0 0 0 0 0 0 0 0 0 0 0 0 0 0 0 0 0 0 0 0 1 0 0 0 0 0 0 0 0 0 1 0 0 0 0 0 0 0 0 0 0 0 0 0 0 0 0 0 0 0 0 0 1 0 0 0 0 0 1 0 0 0 0 0 0 0 0 0 0 0 0 0 0 0 1 0 0 0 0 0 0 0 0 0 0 0 0 0 0 0 0 0 0 0 0 0 0 0 0 0 0 0 0 0 0 0 0 0 0 0 0 0 0 0 0 0 0 0 0 0 0 0 0 0 0 0 0 0 0 0 0 0 0 1 0 0 0 0 0 0 0 0 0 0 0 0 0 0 0 0 0 0 0 0 0 0 0 0 0 0 0 0 0 0 0 0 0 0 0 0 1 0 0 0 0 0 0 0 0 0 0 0 0 0 1 0 0 0 0 0 0 0 0 0 0 0 0 0 0 1 0 0 1 0 0 0 0 0 0 0 0 0 0 0 0 0 0 0 1 0 0 0 0 0 0 0 0 0 1 0 0 0 0 0 0 0 0 0 0 0 0 0 0 1 0 0 0 0 0 0 0 0 0 1 0 0 0 0 0 0 0 0 0 0 0 0 0 0 0 0 0 0 0 0 0 0 0 0 0 0 0 0 0 0 1 0 0 0 0 1 0 0 0 0 0 0 0 0 0 0 0 0 0 0 0 0 0 0 0 0 0 0 0 0 0 0 0 0 0 0 0 0 0 0 0 0 0 0 0 0 0 0 0 1 0 0 0 0 0 0 0 0 0 0 0 1 0 0 0 0 0 0 0 0 1 0 0 0 0 0 0 0 0 0 0 0 0 0 0 0 0 0 0 0 0 0 0 0 0 0 0 0 0 0 0 1 0 0 0 0 0 0 0 0 0 0 0 0 0 0 0 0 0 0 0 0 0 1 0 0 0 0 0 0 0 0 0 0 0 0 0 0 0 0 0 0 1 0 0 1 0 0 0 0 0 0 0 0 0 0 0 0 0 0 0 0 1 0 0 0 0 0 0 0 0 0 0 0 0 0 0 0 0 0 0 0 0 0 1 0 0 0 0 0 0 0 0 0 0 1 0 0 0 0 0 1 0 0 0 0 0 0 0 0 0 0 0 0 1 0 0 0 0 0 1 0 0 0 0 0 0 0 0 0 0 0 1 0 0 0 0 0 0 0 0 0 0 1 0 0 0 0 0 0 0 0 0 0 0 0 0 0 1 0 0 0 0 0 0 0 0 0 0 0 0 0 0 0 0 0 0 0 0 0 0 0 0 0 0 0 1 0 0 0 1 0 0 0 0 0 0 0 0 0 0 0 0 0 0 0 0 0 1 0 0 0 0 0 0 0 1 0 0 0 0 0 0 0 0 0 0 0 0 0 0 0 0 0 0 0 0 0 0 0 0 0 0 0 0 1 0 0 0 1 1 0 0 0 0 0 0 0 0 0 0 0 0 0 0 0 0 0 0 0 0 0 0 0 0 0 0 0 0 0 0 0 0 0 0 0 0 0 0 0 0 0 0 0 0 0 0 0 0 0 0 0 0 0 0 1 0 0 0 1 0 0 0 0 0 0 0 0 0 0 0 0 0 0 0 0 0 0 0 0 0 0 0 0 0 0 0 0 0 1 0 0 0 0 0 0 0 0 1 0 0 0 0 0 0 0 0 0 0 0 0 0 0 1 0 0 0 0 1 0 0 0 1 0 0 0 0 0 0 0 0 0 0 0 0 0 0 0 0 0 0 0 0 1 0 0 0 0 0 0 0 0 0 0 0 0 0 0 0 0 0 0 0 0 0 0 0 0 0 0 0 0 0 0 0 0 0 0 0 0 1 0 1 0 0 0 0 0 0 0 0 0 0 0 0 0 0 0 0 0 0 0 0 0 0 0 0 1 0 0 0 0 0 0 0 0 1 0 0 0 0 1 0 0 0 0 0 0 0 0 0 0 0 0 0 0 0 0 0 0 0 0 0 0 0 0 0 0 0 0 0 0 0 0 0 0 0 0 0 0 0 0 0 0 0 0 0 0 0 0 0 0 0 0 0 0 0 0 0 0 0 0 0 0 0 0 0 0 0 0 0 0 0 0 0 0 0 0 0 0 0 0 0 0 0 0 0 0 0 0 0 0 1 0 0 0 0 0 0 1 0 0 0 0 0 0 0 0 0 0 0 0 0 0 0 0 0 0 0 0 0 0 0 0 0 0 0 0 0 0 0 0 0 0 0 0 0 1 0 0 0 0 0 0 0 0 0 0 0 0 0 0 0 0 0 0 0 0 0 0 0 0 0 0 0 0 0 0 0 0 0 0 0 0 0 0 0 0 0 1 0 0 0 0 1 1 0 0 0 0 0 0 0 0 0 1 0 0 0 0 0 0 0 0 0 0 1 0 0 0 0 0 0 0 0 0 0 0 0 0 0 0 1 0 0 0 0 0 1 0 0 0 0 1 0 1 0 0 0 0 0 0 0 0 0 0 0 0 0 0 0 0 0 0 0 0 0 0 0 0 0 0 0 1 0 0 0 0 0 0 0 0 0 0 0 0 0 0 0 0 0 0 0 0 0 0 0 0 1 0 0 0 0 0 0 0 0 0 0 0 0 0 0 0 0 0 0 0 0 0 0 0 0 0 0 1 0 0 0 0 0 0 0 0 0 0 0 0 0 0 0 1 0 0 0 0 0 0 0 0 0 0 0 0 0 0 0 0 0 0 0 0 0 0 0 0 0 0 0 0 0 0 0 1 0 0 0 0 0 0 0 0 0 0 0 0 0 1 0 0 0 0 0 0 0 0 0 0 0 0 0 0 0 0 0 0 1 0 0 0 0 0 0 0 0 0 0 0 0 0 0 0 0 0 0 0 1 0 0 0 0 0 0 0 0 0 0 0 0 0 0 0 0 0 1 0 0 0 0 0 0 0 0 0 0 0 0 0 0 0 0 0 0 0 0 0 0 0 0 0 0 0 0 0 0 0 0 1 0 0 0 0 0 0 0 0 0 0 0 0 0 0 1 0 1 0 0 0 0 0 0 0 0 0 0 0 0 0 0 1 1 0 0 0 0 0 0 0 0 0 0 0 0 0 0 0 0 0 0 0 0 0 0 0 0 0 0 0 0 0 0 0 0 0 0 0 0 0 0 0 0 0 0 0 0 0 0 0 0 0 0 0 0 0 0 0 0 0 0 0 0 0 0 0 0 0 0 0 0 0 0 0 0 0 0 0 0 1 0 0 0 0 0 0 0 0 0 0 0 0 0 0 0 0 0 0 1 0 0 0 0 0 0 0 0 1 0 0 0 0 0 0 0 0 0 0 0 0 0 0 0 0 0 0 0 0 0 0 0 0 0 0 0 0 0 0 0 0 0 0 0 0 0 0 0 0 0 0 0 0 0 0 0 0 0 1 0 0 1 0 0 0 0 0 0 0 0 0 0 1 0 0 0 0 0 0 0 0 0 0 0 0 0 0 0 0 0 0 0 0 0 0 0 0 0 0 0 0 0 0 0 1 1 0 0 0 0 0 0 0 0 1 0 0 0 0 0 0 0 0 0 0 0 0 0 0 0 0 0 0 0 0 0 0 0 0 0 0 0 0 1 0 0 0 0 0 0 0 0 0 0 0 0 0 0 0 0 0 0 0 0 0 1 0 0 0 0 0 0 0 0 0 0 0 0 0 0 0 0 0 0 0 0 0 0 0 0 0 0 0 0 0 0 0 0 0 0 0 0 0 0 1 0 0 0 0 0 0 0 0 0 0 1 0 0 0 0 0 1 0 0 0 0 0 0 0 1 0 0 0 0 0 1 0 0 0 0 0 0 0 0 0 1 0 0 0 0 0 0 0 0 1 0 0 0 0 0 0 0 0 0 0 0 0 0 0 0 0 0 0 0 0 0 0 0 0 0 0 0 0 0 0 0 0 0 0 0 0 1 0 0 0 0 0 0 0 0 0 0 0 0 0 0 0 0 0 1 0 0 0 0 0 0 0 0 0 1 0 1 0 0 0 0 0 0 0 0 0 0 0 0 0 0 0 0 0 0 0 0 0 0 0 0 0 0 0 0 0 0 0 0 1 0 0 0 0 0 0 0 0 0 0 0 0 0 0 0 0 0 0 0 0 0 1 0 0 0 0 1 0 0 0 0 0 0 0 0 0 0 0 0 0 0 0 0 0 0 0 0 0 0 0 0 0 0 0 0 0 1 0 1 1 0 0 0 0 0 0 0 0 0 0 1 0 0 0 0 0 0 0 0 0 0 0 0 0 0 1 0 0 0 0 1 0 0 0 0 0 0 0 0 0 0 0 0 0 0 0 0 0 0 0 0 1 0 0 0 1 0 0 0 0 0 0 0 0 0 0 0 0 0 0 0 0 0 0 0 0 0 0 0 0 0 0 0 0 0 0 0 1 0 0 0 0 0 0 0 0 0 0 0 0 0 0 0 1 0 0 0 0 0 0 0 0 0 0 0 0 0 0 0 0 0 0 0 0 0 0 0 0 0 0 0 0 0 0 0 0 0 0 0 0 0 0 0 0 0 0 0 0 0 0 0 0 0 0 0 0 0 0 0 0 0 0 0 0 0 0 0 0 0 0 0 0 0 0 0 0 0 0 0 0 0 0 0 0 0 1 0 0 0 0 0 0 0 0 0 0 0 0 0 0 0 0 0 0 0 0 0 0 0 0 0 0 0 0 0 1 0 0 0 0 0 0 0 0 0 0 0 0 0 0 0 0 0 0 0 0 0 0 1 0 0 0 1 0 0 0 0 0 0 0 0 1 0 0 0 0 0 0 0 0 0 0 0 0 0 0 0 0 0 0 0 0 0 0 1 0 0 0 0 0 0 0 0 0 0 0 1 1 0 0 0 0 0 0 0 0 0 0 0 0 0 1 0 0 0 0 0 0 0 0 0 0 0 0 1 0 0 0 0 0 0 0 0 0 0 0 0 1 0 0 0 0 0 0 0 0 0 0 0 0 0 0 0 0 0 0 0 0 0 0 0 0 0 0 1 0 0 0 0 0 0 0 0 0 0 0 0 0 0 0 0 0 0 0 0 0 0 0 0 0 0 0 0 0 0 0 0 0 0 0 1 0 0 0 1 0 0 0 0 0 0 0 1 0 0 0 0 1 0 0 0 0 0 0 0 0 0 0 0 0 0 0 0 0 0 0 0 0 0 0 1 0 0 0 1 1 0 0 0 0 0 0 0 0 0 0 0 0 0 0 0 0 0 0 0 1 0 0 0 0 0 0 0 0 0 0 0 0 0 0 0 0 0 0 0 1 0 0 0 0 0 0 0 0 0 0 0 0 1 0 0 0 0 0 0 0 0 0 0 0 1 0 0 0 0 0 0 0 0 0 0 0 0 0 0 0 0 0 0 0 0 0 1 1 0 0 0 0 0 0 0 0 0 0 0 0 0 0 0 0 0 0 0 0 0 0 0 0 0 1 0 0 0 0 0 0 0 0 0 0 0 1 0 0 0 0 0 0 0 0 1 0 0 0 0 0 0 0 0 0 0 0 0 1 0 0 0 0 0 0 0 0 0 0 0 0 0 0 0 0 0 1 0 0 0 0 0 0 0 0 0 0 0 0 0 0 1 0 0 0 0 0 0 0 0 0 0 0 1 0 0 0 0 0 0 0 0 0 0 0 0 0 0 0 0 0 0 0 0 0 0 0 0 0 0 0 0 0 0 0 0 0 0 0 0 0 0 0 0 1 0 0 0 1 0 0 0 0 0 0 0 0 0 0 0 0 0 0 0 0 0 0 0 1 0 0 0 0 0 0 0 0 0 0 0 0 0 0 0 0 0 0 0 0 0 0 0 0 0 0 0 0 0 0 0 0 0 0 0 0 0 1 1 0 0 0 0 0 0 0 0 0 0 0 0 0 0 0 0 0 0 0 0 0 0 0 0 0 0 0 0 0 0 0 0 0 1 0 0 0 0 0 0 0 0 0 0 0 0 0 0 0 0 0 0 0 0 0 0 0 0 0 0 0 0 0 0 0 0 0 0 0 0 0 0 0 0 0 1 0 0 0 0 0 0 0 0 0 1 0 0 0 0 1 0 0 0 0 0 0 0 0 0 0 0 0 0 0 0 0 0 0 0 0 0 0 0 1 0 0 0 0 0 0 0 1 0 0 0 0 0 0 0 0 0 0 0 0 0 0 0 0 0 0 0 0 0 0 0 0 0 0 0 0 0 0 1 0 0 0 0 0 0 0 0 1 0 0 0 0 0 0 0 0 0 0 0 0 0 0 0 0 0 0 0 0 0 0 0 0 0 0 0 0 1 0 0 0 0 0 1 0 0 0 0 0 0 0 0 0 0 0 0 0 0 0 0 0 0 0 0 0 0 0 0 0 0 0 0 0 0 0 0 0 0 0 1 0 0 0 0 0 0 0 0 1 0 0 0 0 0 0 0 0 0 0 0 0 0 0 0 0 0 0 0 0 0 0 0 0 0 0 0 0 0 0 0 0 0 0 0 0 0 0 1 0 0 0 0 0 0 0 0 0 0 0 0 0 0 0 0 0 0 0 0 0 0 0 0 0 0 0 0 0 0 0 0 0 0 0 0 0 0 0 0 0 0 0 0 0 0 0 0 0 0 0 0 0 0 0 0 0 0 0 0 0 0 0 0 0 0 0 0 0 0 0 0 0 1 0 0 1 0 0 0 0 0 0 0 0 0 0 0 0 0 0 0 0 0 0 1 0 0 1 0 0 1 0 0 1 0 0 0 0 0 0 0 0 0 0 0 0 0 0 0 0 0 0 0 0 0 0 0 0 0 0 0 0 0 0 0 0 1 1 0 0 0 0 0 0 0 0 1 0 0 0 0 0 0 0 0 0 0 0 0 0 0 0 0 1 0 1 0 0 0 0 0 0 0 0 0 0 0 0 0 0 0 0 0 0 0 0 0 0 0 0 0 0 0 0 0 0 0 0 0 0 0 0 0 0 0 0 0 0 0 0 0 0 0 0 0 0 0 0 0 0 0 0 0 0 0 0 0 0 0 1 0 0 0 0 0 1 0 0 1 0 0 0 0 0 0 0 0 0 0 0 0 0 0 0 0 0 0 0 0 0 0 0 0 0 0 0 0 0 0 1 0 0 0 0 0 0 0 0 0 0 0 0 0 0 0 0 0 0 0 0 0 0 0 0 0 0 0 0 0 0 0 0 0 0 0 0 0 0 0 0 0 0 0 0 0 0 0 0 0 0 0 0 1 0 0 0 0 0 0 0 0 0 0 0 0 0 0 0 0 0 0 0 0 0 0 0 0 0 0 0 0 1 0 0 0 0 0 0 0 0 0 0 0 1 0 0 1 0 0 0 0 0 0 0 0 0 0 0 0 0 0 0 0 0 0 0 0 0 0 0 0 0 0 0 0 0 0 0 0 0 0 0 0 0 0 0 0 0 0 0 0 0 0 0 0 0 0 1 0 0 0 0 0 0 0 0 0 0 0 0 0 0 0 0 0 0 0 0 0 0 0 0 0 0 0 0 0 0 0 0 0 0 0 0 0 0 0 0 0 0 0 1 0 0 0 0 0 0 0 0 0 0 0 0 0 1 0 0 0 0 0 0 0 0 0 0 0 0 1 0 0 0 1 0 0 0 0 0 0 0 0 0 0 0 0 0 0 1 0 0 0 0 0 0 0 0 0 0 0 0 0 0 0 0 0 0 0 0 0 0 0 0 0 0 0 0 0 0 0 0 0 0 0 0 0 0 0 0 0 0 0 0 0 0 0 0 0 0 1 0 0 0 0 0 0 0 0 0 0 0 0 0 0 0 0 0 0 0 0 0 0 1 0 0 0 0 0 0 0 0 0 0 0 0 1 0 0 0 0 0 0 0 0 0 0 0 0 0 0 1 0 0 0 0 0 0 0 0 0 0 0 0 0 0 0 0 0 0 1 0 0 0 0 0 0 0 0 0 0 0 0 0 0 0 0 0 0 0 0 0 0 0 0 0 0 0 0 0 0 0 1 0 0 0 0 0 0 0 0 0 0 0 0 0 0 0 0 0 0 0 0 0 0 0 0 0 1 0 0 0 1 0 0 0 0 0 0 0 0 0 0 0 0 0 0 0 0 0 0 0 0 0 0 0 0 1 0 0 0 0 0 0 0 0 0 0 0 1 0 0 0 0 0 0 1 0 0 0 1 0 0 0 0 0 0 0 0 1 0 0 0 1 0 0 0 0 1 0 0 1 0 0 0 0 0 0 0 0 0 0 0 0 1 0 0 0 0 0 0 0 0 0 0 0 0 0 0 0 0 0 0 0 0 0 0 0 0 0 0 0 0 0 0 0 0 0 0 0 0 0 0 0 0 0 0 0 0 0 0 0 0 0 0 0 0 0 0 0 0 0 0 0 0 0 0 0 0 0 0 1 0 0 0 0 0 0 0 0 0 0 0 1 0 0 0 0 0 0 0 0 0 0 0 0 0 0 0 0 0 1 0 0 1 0 0 0 0 0 0 0 0 0 0 0 0 0 0 0 0 0 0 0 0 0 1 0 0 0 0 0 0 0 0 0 0 0 0 0 1 0 0 0 0 0 0 0 0 0 0 0 0 0 0 0 0 0 0 0 0 0 0 0 0 0 0 0 0 0 0 0 0 0 0 0 0 0 0 0 0 0 0 0 0 0 0 0 0 0 0 0 0 0 1 0 0 0 0 0 0 0 0 0 0 0 0 0 0 0 0 0 0 0 0 0 0 1 1 1 0 0 1 0 0 0 0 0 0 0 0 1 0 0 0 0 0 0 0 0 0 0 0 0 0 0 0 0 0 0 0 1 0 1 0 0 0 0 0 0 0 0 0 0 0 0 0 0 0 0 0 0 0 0 0 0 0 0 0 0 0 1 0 0 1 0 0 0 0 0 0 0 0 0 0 0 0 0 0 0 0 0 0 0 0 0 0 0 0 0 0 0 0 0 0 0 1 0 0 0 0 0 0 0 0 0 0 0 1 0 0 0 0 0 0 0 0 0 0 0 0 0 0 0 0 0 0 0 0 0 0 0 0 0 0 0 0 0 0 0 0 0 0 0 0 0 0 0 0 0 0 0 0 0 0 0 0 0 0 0 0 0 0 0 0 0 0 0 0 0 0 0 0 0 0 0 0 0 0 0 0 1 0 1 0 0 0 0 0 0 1 0 0 0 0 0 0 0 0 0 0 0 0 0 0 0 0 0 0 0 0 0 0 0 0
