 100 720 
 1 601 908 2401 1.45 1.10 
 90 90 113 113 90 90 113 90 135 113 90 90 113 113 90 113 90 90 90 90 90 113 90 135 113 113 90 113 113 113
 90 135 90 90 113 113 90 90 113 90 90 135 90 90 113 113 113 90 113 113 113 90 113 113 113 113 113 90 90 90
 90 113 113 113 113 90 90 113 113 113 113 113 135 113 113 90 135 90 90 113 90 113 90 113 113 90 113 113 90 90
 90 90 90 113 90 113 113 90 113 90 
 125 725 1027 2525 1.82 1.56 
 90 90 113 113 90 90 113 90 135 113 90 90 113 113 90 113 90 90 90 90 90 113 90 135 113 113 90 113 113 113
 90 135 90 90 113 113 90 90 113 90 90 135 90 90 113 113 113 90 113 113 113 90 113 113 113 113 113 90 90 90
 90 113 113 113 113 90 90 113 113 113 113 113 135 113 113 90 135 90 90 113 90 113 90 113 113 90 113 113 90 90
 90 90 90 113 90 113 113 90 113 90 
 328 928 1378 2728 1.40 1.85 
 68 68 68 68 68 68 68 68 68 68 68 68 68 68 68 68 68 68 68 68 68 68 68 68 68 68 68 68 68 68
 68 68 68 68 68 68 68 68 68 68 68 68 68 68 68 68 68 68 68 68 68 68 68 68 68 68 68 68 68 68
 68 68 68 68 68 68 68 68 68 68 68 68 68 68 68 68 68 68 68 68 68 68 68 68 68 68 68 68 68 68
 68 68 68 68 68 68 68 68 68 68 
 374 974 1502 2774 1.76 1.27 
 68 68 90 68 68 68 90 68 90 68 68 68 90 68 68 68 68 68 68 68 68 68 68 90 90 68 68 68 68 68
 68 90 68 68 68 90 68 68 68 68 68 90 68 68 68 90 90 68 68 68 68 68 90 68 68 90 90 68 68 68
 68 68 90 90 90 68 68 68 90 90 68 68 90 90 68 68 90 68 68 90 68 68 68 68 68 68 68 68 68 68
 68 68 68 68 68 68 68 68 90 68 
 456 1056 1618 2856 1.67 1.55 
 90 90 113 113 90 90 113 90 135 113 90 90 113 113 90 113 90 90 90 90 90 113 90 135 113 113 90 113 113 113
 90 135 90 90 113 113 90 90 113 90 90 135 90 90 113 113 113 90 113 113 113 90 113 113 113 113 113 90 90 90
 90 113 113 113 113 90 90 113 113 113 113 113 135 113 113 90 135 90 90 113 90 113 90 113 113 90 113 113 90 90
 90 90 90 113 90 113 113 90 113 90 
 519 1119 1235 2919 1.39 1.63 
 90 90 113 113 90 90 113 90 135 113 90 90 113 113 90 113 90 90 90 90 90 113 90 135 113 113 90 113 113 113
 90 135 90 90 113 113 90 90 113 90 90 135 90 90 113 113 113 90 113 113 113 90 113 113 113 113 113 90 90 90
 90 113 113 113 113 90 90 113 113 113 113 113 135 113 113 90 135 90 90 113 90 113 90 113 113 90 113 113 90 90
 90 90 90 113 90 113 113 90 113 90 
 548 1148 1520 2948 1.94 1.22 
 68 68 68 68 68 68 68 68 68 68 68 68 68 68 68 68 68 68 68 68 68 68 68 68 68 68 68 68 68 68
 68 68 68 68 68 68 68 68 68 68 68 68 68 68 68 68 68 68 68 68 68 68 68 68 68 68 68 68 68 68
 68 68 68 68 68 68 68 68 68 68 68 68 68 68 68 68 68 68 68 68 68 68 68 68 68 68 68 68 68 68
 68 68 68 68 68 68 68 68 68 68 
 595 1195 1401 2995 1.59 1.82 
 90 90 113 113 90 90 113 90 135 113 90 90 113 113 90 113 90 90 90 90 90 113 90 135 113 113 90 113 113 113
 90 135 90 90 113 113 90 90 113 90 90 135 90 90 113 113 113 90 113 113 113 90 113 113 113 113 113 90 90 90
 90 113 113 113 113 90 90 113 113 113 113 113 135 113 113 90 135 90 90 113 90 113 90 113 113 90 113 113 90 90
 90 90 90 113 90 113 113 90 113 90 
 601 1201 1584 3001 1.02 1.33 
 68 68 68 68 68 68 68 68 68 68 68 68 68 68 68 68 68 68 68 68 68 68 68 68 68 68 68 68 68 68
 68 68 68 68 68 68 68 68 68 68 68 68 68 68 68 68 68 68 68 68 68 68 68 68 68 68 68 68 68 68
 68 68 68 68 68 68 68 68 68 68 68 68 68 68 68 68 68 68 68 68 68 68 68 68 68 68 68 68 68 68
 68 68 68 68 68 68 68 68 68 68 
 618 1218 1343 3018 1.59 1.88 
 68 68 90 68 68 68 90 68 90 68 68 68 90 68 68 68 68 68 68 68 68 68 68 90 90 68 68 68 68 68
 68 90 68 68 68 90 68 68 68 68 68 90 68 68 68 90 90 68 68 68 68 68 90 68 68 90 90 68 68 68
 68 68 90 90 90 68 68 68 90 90 68 68 90 90 68 68 90 68 68 90 68 68 68 68 68 68 68 68 68 68
 68 68 68 68 68 68 68 68 90 68 
 624 1224 1787 3024 1.62 1.15 
 90 90 113 113 90 90 113 90 135 113 90 90 113 113 90 113 90 90 90 90 90 113 90 135 113 113 90 113 113 113
 90 135 90 90 113 113 90 90 113 90 90 135 90 90 113 113 113 90 113 113 113 90 113 113 113 113 113 90 90 90
 90 113 113 113 113 90 90 113 113 113 113 113 135 113 113 90 135 90 90 113 90 113 90 113 113 90 113 113 90 90
 90 90 90 113 90 113 113 90 113 90 
 688 1288 1700 3088 1.13 1.76 
 90 90 113 113 90 90 113 90 135 113 90 90 113 113 90 113 90 90 90 90 90 113 90 135 113 113 90 113 113 113
 90 135 90 90 113 113 90 90 113 90 90 135 90 90 113 113 113 90 113 113 113 90 113 113 113 113 113 90 90 90
 90 113 113 113 113 90 90 113 113 113 113 113 135 113 113 90 135 90 90 113 90 113 90 113 113 90 113 113 90 90
 90 90 90 113 90 113 113 90 113 90 
 1013 1613 1724 3413 1.66 1.23 
 68 68 68 68 68 68 68 68 68 68 68 68 68 68 68 68 68 68 68 68 68 68 68 68 68 68 68 68 68 68
 68 68 68 68 68 68 68 68 68 68 68 68 68 68 68 68 68 68 68 68 68 68 68 68 68 68 68 68 68 68
 68 68 68 68 68 68 68 68 68 68 68 68 68 68 68 68 68 68 68 68 68 68 68 68 68 68 68 68 68 68
 68 68 68 68 68 68 68 68 68 68 
 1071 1671 1907 3471 1.61 1.72 
 68 68 90 68 68 68 90 68 90 68 68 68 90 68 68 68 68 68 68 68 68 68 68 90 90 68 68 68 68 68
 68 90 68 68 68 90 68 68 68 68 68 90 68 68 68 90 90 68 68 68 68 68 90 68 68 90 90 68 68 68
 68 68 90 90 90 68 68 68 90 90 68 68 90 90 68 68 90 68 68 90 68 68 68 68 68 68 68 68 68 68
 68 68 68 68 68 68 68 68 90 68 
 1100 1700 2234 3500 1.78 1.02 
 90 90 113 113 90 90 113 90 135 113 90 90 113 113 90 113 90 90 90 90 90 113 90 135 113 113 90 113 113 113
 90 135 90 90 113 113 90 90 113 90 90 135 90 90 113 113 113 90 113 113 113 90 113 113 113 113 113 90 90 90
 90 113 113 113 113 90 90 113 113 113 113 113 135 113 113 90 135 90 90 113 90 113 90 113 113 90 113 113 90 90
 90 90 90 113 90 113 113 90 113 90 
 1201 1801 2003 3601 1.09 1.73 
 68 68 90 68 68 68 90 68 90 68 68 68 90 68 68 68 68 68 68 68 68 68 68 90 90 68 68 68 68 68
 68 90 68 68 68 90 68 68 68 68 68 90 68 68 68 90 90 68 68 68 68 68 90 68 68 90 90 68 68 68
 68 68 90 90 90 68 68 68 90 90 68 68 90 90 68 68 90 68 68 90 68 68 68 68 68 68 68 68 68 68
 68 68 68 68 68 68 68 68 90 68 
 1467 2067 2169 3867 1.85 1.69 
 90 90 113 113 90 90 113 90 135 113 90 90 113 113 90 113 90 90 90 90 90 113 90 135 113 113 90 113 113 113
 90 135 90 90 113 113 90 90 113 90 90 135 90 90 113 113 113 90 113 113 113 90 113 113 113 113 113 90 90 90
 90 113 113 113 113 90 90 113 113 113 113 113 135 113 113 90 135 90 90 113 90 113 90 113 113 90 113 113 90 90
 90 90 90 113 90 113 113 90 113 90 
 1491 2091 2215 3891 1.89 1.17 
 90 90 113 113 90 90 113 90 135 113 90 90 113 113 90 113 90 90 90 90 90 113 90 135 113 113 90 113 113 113
 90 135 90 90 113 113 90 90 113 90 90 135 90 90 113 113 113 90 113 113 113 90 113 113 113 113 113 90 90 90
 90 113 113 113 113 90 90 113 113 113 113 113 135 113 113 90 135 90 90 113 90 113 90 113 113 90 113 113 90 90
 90 90 90 113 90 113 113 90 113 90 
 1642 2242 2781 4042 1.30 1.08 
 90 90 113 113 90 90 113 90 135 113 90 90 113 113 90 113 90 90 90 90 90 113 90 135 113 113 90 113 113 113
 90 135 90 90 113 113 90 90 113 90 90 135 90 90 113 113 113 90 113 113 113 90 113 113 113 113 113 90 90 90
 90 113 113 113 113 90 90 113 113 113 113 113 135 113 113 90 135 90 90 113 90 113 90 113 113 90 113 113 90 90
 90 90 90 113 90 113 113 90 113 90 
 1740 2340 2436 4140 1.67 1.02 
 90 90 113 113 90 90 113 90 135 113 90 90 113 113 90 113 90 90 90 90 90 113 90 135 113 113 90 113 113 113
 90 135 90 90 113 113 90 90 113 90 90 135 90 90 113 113 113 90 113 113 113 90 113 113 113 113 113 90 90 90
 90 113 113 113 113 90 90 113 113 113 113 113 135 113 113 90 135 90 90 113 90 113 90 113 113 90 113 113 90 90
 90 90 90 113 90 113 113 90 113 90 
 2019 2619 3111 4419 1.02 1.29 
 90 90 113 113 90 90 113 90 135 113 90 90 113 113 90 113 90 90 90 90 90 113 90 135 113 113 90 113 113 113
 90 135 90 90 113 113 90 90 113 90 90 135 90 90 113 113 113 90 113 113 113 90 113 113 113 113 113 90 90 90
 90 113 113 113 113 90 90 113 113 113 113 113 135 113 113 90 135 90 90 113 90 113 90 113 113 90 113 113 90 90
 90 90 90 113 90 113 113 90 113 90 
 2105 2705 2967 4505 1.26 1.09 
 68 68 90 68 68 68 90 68 90 68 68 68 90 68 68 68 68 68 68 68 68 68 68 90 90 68 68 68 68 68
 68 90 68 68 68 90 68 68 68 68 68 90 68 68 68 90 90 68 68 68 68 68 90 68 68 90 90 68 68 68
 68 68 90 90 90 68 68 68 90 90 68 68 90 90 68 68 90 68 68 90 68 68 68 68 68 68 68 68 68 68
 68 68 68 68 68 68 68 68 90 68 
 2126 2726 2971 4526 1.70 1.50 
 90 90 113 113 90 90 113 90 135 113 90 90 113 113 90 113 90 90 90 90 90 113 90 135 113 113 90 113 113 113
 90 135 90 90 113 113 90 90 113 90 90 135 90 90 113 113 113 90 113 113 113 90 113 113 113 113 113 90 90 90
 90 113 113 113 113 90 90 113 113 113 113 113 135 113 113 90 135 90 90 113 90 113 90 113 113 90 113 113 90 90
 90 90 90 113 90 113 113 90 113 90 
 2203 2803 2918 4603 1.08 1.90 
 68 68 68 68 68 68 68 68 68 68 68 68 68 68 68 68 68 68 68 68 68 68 68 68 68 68 68 68 68 68
 68 68 68 68 68 68 68 68 68 68 68 68 68 68 68 68 68 68 68 68 68 68 68 68 68 68 68 68 68 68
 68 68 68 68 68 68 68 68 68 68 68 68 68 68 68 68 68 68 68 68 68 68 68 68 68 68 68 68 68 68
 68 68 68 68 68 68 68 68 68 68 
 2282 2882 3258 4682 1.58 1.83 
 68 68 68 68 68 68 68 68 68 68 68 68 68 68 68 68 68 68 68 68 68 68 68 68 68 68 68 68 68 68
 68 68 68 68 68 68 68 68 68 68 68 68 68 68 68 68 68 68 68 68 68 68 68 68 68 68 68 68 68 68
 68 68 68 68 68 68 68 68 68 68 68 68 68 68 68 68 68 68 68 68 68 68 68 68 68 68 68 68 68 68
 68 68 68 68 68 68 68 68 68 68 
 2646 3246 3728 5046 1.08 1.87 
 68 68 90 68 68 68 90 68 90 68 68 68 90 68 68 68 68 68 68 68 68 68 68 90 90 68 68 68 68 68
 68 90 68 68 68 90 68 68 68 68 68 90 68 68 68 90 90 68 68 68 68 68 90 68 68 90 90 68 68 68
 68 68 90 90 90 68 68 68 90 90 68 68 90 90 68 68 90 68 68 90 68 68 68 68 68 68 68 68 68 68
 68 68 68 68 68 68 68 68 90 68 
 2735 3335 3468 5135 1.14 1.29 
 90 90 113 113 90 90 113 90 135 113 90 90 113 113 90 113 90 90 90 90 90 113 90 135 113 113 90 113 113 113
 90 135 90 90 113 113 90 90 113 90 90 135 90 90 113 113 113 90 113 113 113 90 113 113 113 113 113 90 90 90
 90 113 113 113 113 90 90 113 113 113 113 113 135 113 113 90 135 90 90 113 90 113 90 113 113 90 113 113 90 90
 90 90 90 113 90 113 113 90 113 90 
 2757 3357 3750 5157 1.20 1.10 
 68 68 90 68 68 68 90 68 90 68 68 68 90 68 68 68 68 68 68 68 68 68 68 90 90 68 68 68 68 68
 68 90 68 68 68 90 68 68 68 68 68 90 68 68 68 90 90 68 68 68 68 68 90 68 68 90 90 68 68 68
 68 68 90 90 90 68 68 68 90 90 68 68 90 90 68 68 90 68 68 90 68 68 68 68 68 68 68 68 68 68
 68 68 68 68 68 68 68 68 90 68 
 2768 3368 3647 5168 1.55 1.78 
 68 68 90 68 68 68 90 68 90 68 68 68 90 68 68 68 68 68 68 68 68 68 68 90 90 68 68 68 68 68
 68 90 68 68 68 90 68 68 68 68 68 90 68 68 68 90 90 68 68 68 68 68 90 68 68 90 90 68 68 68
 68 68 90 90 90 68 68 68 90 90 68 68 90 90 68 68 90 68 68 90 68 68 68 68 68 68 68 68 68 68
 68 68 68 68 68 68 68 68 90 68 
 2828 3428 3495 5228 1.20 1.44 
 68 68 90 68 68 68 90 68 90 68 68 68 90 68 68 68 68 68 68 68 68 68 68 90 90 68 68 68 68 68
 68 90 68 68 68 90 68 68 68 68 68 90 68 68 68 90 90 68 68 68 68 68 90 68 68 90 90 68 68 68
 68 68 90 90 90 68 68 68 90 90 68 68 90 90 68 68 90 68 68 90 68 68 68 68 68 68 68 68 68 68
 68 68 68 68 68 68 68 68 90 68 
 2863 3463 3579 5263 1.27 1.74 
 90 90 113 113 90 90 113 90 135 113 90 90 113 113 90 113 90 90 90 90 90 113 90 135 113 113 90 113 113 113
 90 135 90 90 113 113 90 90 113 90 90 135 90 90 113 113 113 90 113 113 113 90 113 113 113 113 113 90 90 90
 90 113 113 113 113 90 90 113 113 113 113 113 135 113 113 90 135 90 90 113 90 113 90 113 113 90 113 113 90 90
 90 90 90 113 90 113 113 90 113 90 
 2895 3495 4079 5295 1.97 1.78 
 68 68 68 68 68 68 68 68 68 68 68 68 68 68 68 68 68 68 68 68 68 68 68 68 68 68 68 68 68 68
 68 68 68 68 68 68 68 68 68 68 68 68 68 68 68 68 68 68 68 68 68 68 68 68 68 68 68 68 68 68
 68 68 68 68 68 68 68 68 68 68 68 68 68 68 68 68 68 68 68 68 68 68 68 68 68 68 68 68 68 68
 68 68 68 68 68 68 68 68 68 68 
 2944 3544 3764 5344 1.38 1.04 
 90 90 113 113 90 90 113 90 135 113 90 90 113 113 90 113 90 90 90 90 90 113 90 135 113 113 90 113 113 113
 90 135 90 90 113 113 90 90 113 90 90 135 90 90 113 113 113 90 113 113 113 90 113 113 113 113 113 90 90 90
 90 113 113 113 113 90 90 113 113 113 113 113 135 113 113 90 135 90 90 113 90 113 90 113 113 90 113 113 90 90
 90 90 90 113 90 113 113 90 113 90 
 3023 3623 3749 5423 1.66 1.52 
 90 90 113 113 90 90 113 90 135 113 90 90 113 113 90 113 90 90 90 90 90 113 90 135 113 113 90 113 113 113
 90 135 90 90 113 113 90 90 113 90 90 135 90 90 113 113 113 90 113 113 113 90 113 113 113 113 113 90 90 90
 90 113 113 113 113 90 90 113 113 113 113 113 135 113 113 90 135 90 90 113 90 113 90 113 113 90 113 113 90 90
 90 90 90 113 90 113 113 90 113 90 
 3032 3632 3854 5432 1.88 1.99 
 68 68 90 68 68 68 90 68 90 68 68 68 90 68 68 68 68 68 68 68 68 68 68 90 90 68 68 68 68 68
 68 90 68 68 68 90 68 68 68 68 68 90 68 68 68 90 90 68 68 68 68 68 90 68 68 90 90 68 68 68
 68 68 90 90 90 68 68 68 90 90 68 68 90 90 68 68 90 68 68 90 68 68 68 68 68 68 68 68 68 68
 68 68 68 68 68 68 68 68 90 68 
 3123 3723 4273 5523 1.56 1.85 
 68 68 68 68 68 68 68 68 68 68 68 68 68 68 68 68 68 68 68 68 68 68 68 68 68 68 68 68 68 68
 68 68 68 68 68 68 68 68 68 68 68 68 68 68 68 68 68 68 68 68 68 68 68 68 68 68 68 68 68 68
 68 68 68 68 68 68 68 68 68 68 68 68 68 68 68 68 68 68 68 68 68 68 68 68 68 68 68 68 68 68
 68 68 68 68 68 68 68 68 68 68 
 3590 4190 4469 5990 1.20 1.75 
 90 90 113 113 90 90 113 90 135 113 90 90 113 113 90 113 90 90 90 90 90 113 90 135 113 113 90 113 113 113
 90 135 90 90 113 113 90 90 113 90 90 135 90 90 113 113 113 90 113 113 113 90 113 113 113 113 113 90 90 90
 90 113 113 113 113 90 90 113 113 113 113 113 135 113 113 90 135 90 90 113 90 113 90 113 113 90 113 113 90 90
 90 90 90 113 90 113 113 90 113 90 
 3620 4220 4771 6020 1.94 1.29 
 90 90 113 113 90 90 113 90 135 113 90 90 113 113 90 113 90 90 90 90 90 113 90 135 113 113 90 113 113 113
 90 135 90 90 113 113 90 90 113 90 90 135 90 90 113 113 113 90 113 113 113 90 113 113 113 113 113 90 90 90
 90 113 113 113 113 90 90 113 113 113 113 113 135 113 113 90 135 90 90 113 90 113 90 113 113 90 113 113 90 90
 90 90 90 113 90 113 113 90 113 90 
 3646 4246 4836 6046 1.99 1.84 
 68 68 90 68 68 68 90 68 90 68 68 68 90 68 68 68 68 68 68 68 68 68 68 90 90 68 68 68 68 68
 68 90 68 68 68 90 68 68 68 68 68 90 68 68 68 90 90 68 68 68 68 68 90 68 68 90 90 68 68 68
 68 68 90 90 90 68 68 68 90 90 68 68 90 90 68 68 90 68 68 90 68 68 68 68 68 68 68 68 68 68
 68 68 68 68 68 68 68 68 90 68 
 3776 4376 4695 6176 1.30 1.18 
 90 90 113 113 90 90 113 90 135 113 90 90 113 113 90 113 90 90 90 90 90 113 90 135 113 113 90 113 113 113
 90 135 90 90 113 113 90 90 113 90 90 135 90 90 113 113 113 90 113 113 113 90 113 113 113 113 113 90 90 90
 90 113 113 113 113 90 90 113 113 113 113 113 135 113 113 90 135 90 90 113 90 113 90 113 113 90 113 113 90 90
 90 90 90 113 90 113 113 90 113 90 
 3883 4483 4829 6283 1.67 1.81 
 90 90 113 113 90 90 113 90 135 113 90 90 113 113 90 113 90 90 90 90 90 113 90 135 113 113 90 113 113 113
 90 135 90 90 113 113 90 90 113 90 90 135 90 90 113 113 113 90 113 113 113 90 113 113 113 113 113 90 90 90
 90 113 113 113 113 90 90 113 113 113 113 113 135 113 113 90 135 90 90 113 90 113 90 113 113 90 113 113 90 90
 90 90 90 113 90 113 113 90 113 90 
 4294 4894 5400 6694 1.30 1.08 
 68 68 68 68 68 68 68 68 68 68 68 68 68 68 68 68 68 68 68 68 68 68 68 68 68 68 68 68 68 68
 68 68 68 68 68 68 68 68 68 68 68 68 68 68 68 68 68 68 68 68 68 68 68 68 68 68 68 68 68 68
 68 68 68 68 68 68 68 68 68 68 68 68 68 68 68 68 68 68 68 68 68 68 68 68 68 68 68 68 68 68
 68 68 68 68 68 68 68 68 68 68 
 4365 4965 5536 6765 1.20 1.75 
 90 90 113 113 90 90 113 90 135 113 90 90 113 113 90 113 90 90 90 90 90 113 90 135 113 113 90 113 113 113
 90 135 90 90 113 113 90 90 113 90 90 135 90 90 113 113 113 90 113 113 113 90 113 113 113 113 113 90 90 90
 90 113 113 113 113 90 90 113 113 113 113 113 135 113 113 90 135 90 90 113 90 113 90 113 113 90 113 113 90 90
 90 90 90 113 90 113 113 90 113 90 
 4382 4982 5224 6782 1.57 1.72 
 90 90 113 113 90 90 113 90 135 113 90 90 113 113 90 113 90 90 90 90 90 113 90 135 113 113 90 113 113 113
 90 135 90 90 113 113 90 90 113 90 90 135 90 90 113 113 113 90 113 113 113 90 113 113 113 113 113 90 90 90
 90 113 113 113 113 90 90 113 113 113 113 113 135 113 113 90 135 90 90 113 90 113 90 113 113 90 113 113 90 90
 90 90 90 113 90 113 113 90 113 90 
 4421 5021 5443 6821 1.57 1.78 
 68 68 90 68 68 68 90 68 90 68 68 68 90 68 68 68 68 68 68 68 68 68 68 90 90 68 68 68 68 68
 68 90 68 68 68 90 68 68 68 68 68 90 68 68 68 90 90 68 68 68 68 68 90 68 68 90 90 68 68 68
 68 68 90 90 90 68 68 68 90 90 68 68 90 90 68 68 90 68 68 90 68 68 68 68 68 68 68 68 68 68
 68 68 68 68 68 68 68 68 90 68 
 4430 5030 5492 6830 1.22 1.35 
 68 68 68 68 68 68 68 68 68 68 68 68 68 68 68 68 68 68 68 68 68 68 68 68 68 68 68 68 68 68
 68 68 68 68 68 68 68 68 68 68 68 68 68 68 68 68 68 68 68 68 68 68 68 68 68 68 68 68 68 68
 68 68 68 68 68 68 68 68 68 68 68 68 68 68 68 68 68 68 68 68 68 68 68 68 68 68 68 68 68 68
 68 68 68 68 68 68 68 68 68 68 
 4545 5145 5373 6945 1.70 1.08 
 68 68 68 68 68 68 68 68 68 68 68 68 68 68 68 68 68 68 68 68 68 68 68 68 68 68 68 68 68 68
 68 68 68 68 68 68 68 68 68 68 68 68 68 68 68 68 68 68 68 68 68 68 68 68 68 68 68 68 68 68
 68 68 68 68 68 68 68 68 68 68 68 68 68 68 68 68 68 68 68 68 68 68 68 68 68 68 68 68 68 68
 68 68 68 68 68 68 68 68 68 68 
 4575 5175 5731 6975 1.99 1.20 
 90 90 113 113 90 90 113 90 135 113 90 90 113 113 90 113 90 90 90 90 90 113 90 135 113 113 90 113 113 113
 90 135 90 90 113 113 90 90 113 90 90 135 90 90 113 113 113 90 113 113 113 90 113 113 113 113 113 90 90 90
 90 113 113 113 113 90 90 113 113 113 113 113 135 113 113 90 135 90 90 113 90 113 90 113 113 90 113 113 90 90
 90 90 90 113 90 113 113 90 113 90 
 4614 5214 5749 7014 1.19 1.37 
 68 68 90 68 68 68 90 68 90 68 68 68 90 68 68 68 68 68 68 68 68 68 68 90 90 68 68 68 68 68
 68 90 68 68 68 90 68 68 68 68 68 90 68 68 68 90 90 68 68 68 68 68 90 68 68 90 90 68 68 68
 68 68 90 90 90 68 68 68 90 90 68 68 90 90 68 68 90 68 68 90 68 68 68 68 68 68 68 68 68 68
 68 68 68 68 68 68 68 68 90 68 
 4624 5224 5588 7024 1.13 1.55 
 68 68 90 68 68 68 90 68 90 68 68 68 90 68 68 68 68 68 68 68 68 68 68 90 90 68 68 68 68 68
 68 90 68 68 68 90 68 68 68 68 68 90 68 68 68 90 90 68 68 68 68 68 90 68 68 90 90 68 68 68
 68 68 90 90 90 68 68 68 90 90 68 68 90 90 68 68 90 68 68 90 68 68 68 68 68 68 68 68 68 68
 68 68 68 68 68 68 68 68 90 68 
 4746 5346 5636 7146 1.61 1.92 
 68 68 90 68 68 68 90 68 90 68 68 68 90 68 68 68 68 68 68 68 68 68 68 90 90 68 68 68 68 68
 68 90 68 68 68 90 68 68 68 68 68 90 68 68 68 90 90 68 68 68 68 68 90 68 68 90 90 68 68 68
 68 68 90 90 90 68 68 68 90 90 68 68 90 90 68 68 90 68 68 90 68 68 68 68 68 68 68 68 68 68
 68 68 68 68 68 68 68 68 90 68 
 4988 5588 5946 7388 1.46 1.74 
 90 90 113 113 90 90 113 90 135 113 90 90 113 113 90 113 90 90 90 90 90 113 90 135 113 113 90 113 113 113
 90 135 90 90 113 113 90 90 113 90 90 135 90 90 113 113 113 90 113 113 113 90 113 113 113 113 113 90 90 90
 90 113 113 113 113 90 90 113 113 113 113 113 135 113 113 90 135 90 90 113 90 113 90 113 113 90 113 113 90 90
 90 90 90 113 90 113 113 90 113 90 
 5091 5691 6145 7491 1.97 1.89 
 68 68 68 68 68 68 68 68 68 68 68 68 68 68 68 68 68 68 68 68 68 68 68 68 68 68 68 68 68 68
 68 68 68 68 68 68 68 68 68 68 68 68 68 68 68 68 68 68 68 68 68 68 68 68 68 68 68 68 68 68
 68 68 68 68 68 68 68 68 68 68 68 68 68 68 68 68 68 68 68 68 68 68 68 68 68 68 68 68 68 68
 68 68 68 68 68 68 68 68 68 68 
 5104 5704 6074 7504 1.75 1.38 
 68 68 90 68 68 68 90 68 90 68 68 68 90 68 68 68 68 68 68 68 68 68 68 90 90 68 68 68 68 68
 68 90 68 68 68 90 68 68 68 68 68 90 68 68 68 90 90 68 68 68 68 68 90 68 68 90 90 68 68 68
 68 68 90 90 90 68 68 68 90 90 68 68 90 90 68 68 90 68 68 90 68 68 68 68 68 68 68 68 68 68
 68 68 68 68 68 68 68 68 90 68 
 5208 5808 6223 7608 1.61 1.20 
 68 68 90 68 68 68 90 68 90 68 68 68 90 68 68 68 68 68 68 68 68 68 68 90 90 68 68 68 68 68
 68 90 68 68 68 90 68 68 68 68 68 90 68 68 68 90 90 68 68 68 68 68 90 68 68 90 90 68 68 68
 68 68 90 90 90 68 68 68 90 90 68 68 90 90 68 68 90 68 68 90 68 68 68 68 68 68 68 68 68 68
 68 68 68 68 68 68 68 68 90 68 
 5344 5944 6521 7744 1.89 1.09 
 68 68 68 68 68 68 68 68 68 68 68 68 68 68 68 68 68 68 68 68 68 68 68 68 68 68 68 68 68 68
 68 68 68 68 68 68 68 68 68 68 68 68 68 68 68 68 68 68 68 68 68 68 68 68 68 68 68 68 68 68
 68 68 68 68 68 68 68 68 68 68 68 68 68 68 68 68 68 68 68 68 68 68 68 68 68 68 68 68 68 68
 68 68 68 68 68 68 68 68 68 68 
 5381 5981 6404 7781 1.17 1.50 
 68 68 68 68 68 68 68 68 68 68 68 68 68 68 68 68 68 68 68 68 68 68 68 68 68 68 68 68 68 68
 68 68 68 68 68 68 68 68 68 68 68 68 68 68 68 68 68 68 68 68 68 68 68 68 68 68 68 68 68 68
 68 68 68 68 68 68 68 68 68 68 68 68 68 68 68 68 68 68 68 68 68 68 68 68 68 68 68 68 68 68
 68 68 68 68 68 68 68 68 68 68 
 5502 6102 6455 7902 1.47 1.32 
 90 90 113 113 90 90 113 90 135 113 90 90 113 113 90 113 90 90 90 90 90 113 90 135 113 113 90 113 113 113
 90 135 90 90 113 113 90 90 113 90 90 135 90 90 113 113 113 90 113 113 113 90 113 113 113 113 113 90 90 90
 90 113 113 113 113 90 90 113 113 113 113 113 135 113 113 90 135 90 90 113 90 113 90 113 113 90 113 113 90 90
 90 90 90 113 90 113 113 90 113 90 
 5608 6208 6344 8008 1.44 1.87 
 90 90 113 113 90 90 113 90 135 113 90 90 113 113 90 113 90 90 90 90 90 113 90 135 113 113 90 113 113 113
 90 135 90 90 113 113 90 90 113 90 90 135 90 90 113 113 113 90 113 113 113 90 113 113 113 113 113 90 90 90
 90 113 113 113 113 90 90 113 113 113 113 113 135 113 113 90 135 90 90 113 90 113 90 113 113 90 113 113 90 90
 90 90 90 113 90 113 113 90 113 90 
 5982 6582 6867 8382 1.39 1.89 
 90 90 113 113 90 90 113 90 135 113 90 90 113 113 90 113 90 90 90 90 90 113 90 135 113 113 90 113 113 113
 90 135 90 90 113 113 90 90 113 90 90 135 90 90 113 113 113 90 113 113 113 90 113 113 113 113 113 90 90 90
 90 113 113 113 113 90 90 113 113 113 113 113 135 113 113 90 135 90 90 113 90 113 90 113 113 90 113 113 90 90
 90 90 90 113 90 113 113 90 113 90 
 6242 6842 6972 8642 1.80 1.29 
 90 90 113 113 90 90 113 90 135 113 90 90 113 113 90 113 90 90 90 90 90 113 90 135 113 113 90 113 113 113
 90 135 90 90 113 113 90 90 113 90 90 135 90 90 113 113 113 90 113 113 113 90 113 113 113 113 113 90 90 90
 90 113 113 113 113 90 90 113 113 113 113 113 135 113 113 90 135 90 90 113 90 113 90 113 113 90 113 113 90 90
 90 90 90 113 90 113 113 90 113 90 
 6568 7168 7439 8968 1.80 1.54 
 68 68 90 68 68 68 90 68 90 68 68 68 90 68 68 68 68 68 68 68 68 68 68 90 90 68 68 68 68 68
 68 90 68 68 68 90 68 68 68 68 68 90 68 68 68 90 90 68 68 68 68 68 90 68 68 90 90 68 68 68
 68 68 90 90 90 68 68 68 90 90 68 68 90 90 68 68 90 68 68 90 68 68 68 68 68 68 68 68 68 68
 68 68 68 68 68 68 68 68 90 68 
 6640 7240 7635 9040 1.07 1.46 
 68 68 68 68 68 68 68 68 68 68 68 68 68 68 68 68 68 68 68 68 68 68 68 68 68 68 68 68 68 68
 68 68 68 68 68 68 68 68 68 68 68 68 68 68 68 68 68 68 68 68 68 68 68 68 68 68 68 68 68 68
 68 68 68 68 68 68 68 68 68 68 68 68 68 68 68 68 68 68 68 68 68 68 68 68 68 68 68 68 68 68
 68 68 68 68 68 68 68 68 68 68 
 6908 7508 7824 9308 1.82 1.27 
 68 68 68 68 68 68 68 68 68 68 68 68 68 68 68 68 68 68 68 68 68 68 68 68 68 68 68 68 68 68
 68 68 68 68 68 68 68 68 68 68 68 68 68 68 68 68 68 68 68 68 68 68 68 68 68 68 68 68 68 68
 68 68 68 68 68 68 68 68 68 68 68 68 68 68 68 68 68 68 68 68 68 68 68 68 68 68 68 68 68 68
 68 68 68 68 68 68 68 68 68 68 
 7032 7632 8162 9432 1.55 1.80 
 68 68 68 68 68 68 68 68 68 68 68 68 68 68 68 68 68 68 68 68 68 68 68 68 68 68 68 68 68 68
 68 68 68 68 68 68 68 68 68 68 68 68 68 68 68 68 68 68 68 68 68 68 68 68 68 68 68 68 68 68
 68 68 68 68 68 68 68 68 68 68 68 68 68 68 68 68 68 68 68 68 68 68 68 68 68 68 68 68 68 68
 68 68 68 68 68 68 68 68 68 68 
 7035 7635 8124 9435 1.49 1.50 
 90 90 113 113 90 90 113 90 135 113 90 90 113 113 90 113 90 90 90 90 90 113 90 135 113 113 90 113 113 113
 90 135 90 90 113 113 90 90 113 90 90 135 90 90 113 113 113 90 113 113 113 90 113 113 113 113 113 90 90 90
 90 113 113 113 113 90 90 113 113 113 113 113 135 113 113 90 135 90 90 113 90 113 90 113 113 90 113 113 90 90
 90 90 90 113 90 113 113 90 113 90 
 7125 7725 8080 9525 1.37 1.51 
 90 90 113 113 90 90 113 90 135 113 90 90 113 113 90 113 90 90 90 90 90 113 90 135 113 113 90 113 113 113
 90 135 90 90 113 113 90 90 113 90 90 135 90 90 113 113 113 90 113 113 113 90 113 113 113 113 113 90 90 90
 90 113 113 113 113 90 90 113 113 113 113 113 135 113 113 90 135 90 90 113 90 113 90 113 113 90 113 113 90 90
 90 90 90 113 90 113 113 90 113 90 
 7174 7774 8149 9574 1.65 1.26 
 68 68 90 68 68 68 90 68 90 68 68 68 90 68 68 68 68 68 68 68 68 68 68 90 90 68 68 68 68 68
 68 90 68 68 68 90 68 68 68 68 68 90 68 68 68 90 90 68 68 68 68 68 90 68 68 90 90 68 68 68
 68 68 90 90 90 68 68 68 90 90 68 68 90 90 68 68 90 68 68 90 68 68 68 68 68 68 68 68 68 68
 68 68 68 68 68 68 68 68 90 68 
 7471 8071 8291 9871 1.80 1.85 
 68 68 68 68 68 68 68 68 68 68 68 68 68 68 68 68 68 68 68 68 68 68 68 68 68 68 68 68 68 68
 68 68 68 68 68 68 68 68 68 68 68 68 68 68 68 68 68 68 68 68 68 68 68 68 68 68 68 68 68 68
 68 68 68 68 68 68 68 68 68 68 68 68 68 68 68 68 68 68 68 68 68 68 68 68 68 68 68 68 68 68
 68 68 68 68 68 68 68 68 68 68 
 7552 8152 8349 9952 1.73 1.02 
 68 68 68 68 68 68 68 68 68 68 68 68 68 68 68 68 68 68 68 68 68 68 68 68 68 68 68 68 68 68
 68 68 68 68 68 68 68 68 68 68 68 68 68 68 68 68 68 68 68 68 68 68 68 68 68 68 68 68 68 68
 68 68 68 68 68 68 68 68 68 68 68 68 68 68 68 68 68 68 68 68 68 68 68 68 68 68 68 68 68 68
 68 68 68 68 68 68 68 68 68 68 
 7644 8244 8715 10044 1.96 1.53 
 68 68 90 68 68 68 90 68 90 68 68 68 90 68 68 68 68 68 68 68 68 68 68 90 90 68 68 68 68 68
 68 90 68 68 68 90 68 68 68 68 68 90 68 68 68 90 90 68 68 68 68 68 90 68 68 90 90 68 68 68
 68 68 90 90 90 68 68 68 90 90 68 68 90 90 68 68 90 68 68 90 68 68 68 68 68 68 68 68 68 68
 68 68 68 68 68 68 68 68 90 68 
 7750 8350 8455 10150 1.74 1.53 
 68 68 90 68 68 68 90 68 90 68 68 68 90 68 68 68 68 68 68 68 68 68 68 90 90 68 68 68 68 68
 68 90 68 68 68 90 68 68 68 68 68 90 68 68 68 90 90 68 68 68 68 68 90 68 68 90 90 68 68 68
 68 68 90 90 90 68 68 68 90 90 68 68 90 90 68 68 90 68 68 90 68 68 68 68 68 68 68 68 68 68
 68 68 68 68 68 68 68 68 90 68 
 8023 8623 8903 10423 1.77 1.61 
 68 68 68 68 68 68 68 68 68 68 68 68 68 68 68 68 68 68 68 68 68 68 68 68 68 68 68 68 68 68
 68 68 68 68 68 68 68 68 68 68 68 68 68 68 68 68 68 68 68 68 68 68 68 68 68 68 68 68 68 68
 68 68 68 68 68 68 68 68 68 68 68 68 68 68 68 68 68 68 68 68 68 68 68 68 68 68 68 68 68 68
 68 68 68 68 68 68 68 68 68 68 
 8401 9001 9293 10801 1.54 1.29 
 68 68 68 68 68 68 68 68 68 68 68 68 68 68 68 68 68 68 68 68 68 68 68 68 68 68 68 68 68 68
 68 68 68 68 68 68 68 68 68 68 68 68 68 68 68 68 68 68 68 68 68 68 68 68 68 68 68 68 68 68
 68 68 68 68 68 68 68 68 68 68 68 68 68 68 68 68 68 68 68 68 68 68 68 68 68 68 68 68 68 68
 68 68 68 68 68 68 68 68 68 68 
 8765 9365 9508 11165 1.48 1.65 
 68 68 90 68 68 68 90 68 90 68 68 68 90 68 68 68 68 68 68 68 68 68 68 90 90 68 68 68 68 68
 68 90 68 68 68 90 68 68 68 68 68 90 68 68 68 90 90 68 68 68 68 68 90 68 68 90 90 68 68 68
 68 68 90 90 90 68 68 68 90 90 68 68 90 90 68 68 90 68 68 90 68 68 68 68 68 68 68 68 68 68
 68 68 68 68 68 68 68 68 90 68 
 8969 9569 9988 11369 1.62 1.82 
 90 90 113 113 90 90 113 90 135 113 90 90 113 113 90 113 90 90 90 90 90 113 90 135 113 113 90 113 113 113
 90 135 90 90 113 113 90 90 113 90 90 135 90 90 113 113 113 90 113 113 113 90 113 113 113 113 113 90 90 90
 90 113 113 113 113 90 90 113 113 113 113 113 135 113 113 90 135 90 90 113 90 113 90 113 113 90 113 113 90 90
 90 90 90 113 90 113 113 90 113 90 
 9030 9630 9796 11430 1.73 1.53 
 68 68 68 68 68 68 68 68 68 68 68 68 68 68 68 68 68 68 68 68 68 68 68 68 68 68 68 68 68 68
 68 68 68 68 68 68 68 68 68 68 68 68 68 68 68 68 68 68 68 68 68 68 68 68 68 68 68 68 68 68
 68 68 68 68 68 68 68 68 68 68 68 68 68 68 68 68 68 68 68 68 68 68 68 68 68 68 68 68 68 68
 68 68 68 68 68 68 68 68 68 68 
 9220 9820 10300 11620 1.76 1.99 
 90 90 113 113 90 90 113 90 135 113 90 90 113 113 90 113 90 90 90 90 90 113 90 135 113 113 90 113 113 113
 90 135 90 90 113 113 90 90 113 90 90 135 90 90 113 113 113 90 113 113 113 90 113 113 113 113 113 90 90 90
 90 113 113 113 113 90 90 113 113 113 113 113 135 113 113 90 135 90 90 113 90 113 90 113 113 90 113 113 90 90
 90 90 90 113 90 113 113 90 113 90 
 9222 9822 10108 11622 1.76 1.83 
 90 90 113 113 90 90 113 90 135 113 90 90 113 113 90 113 90 90 90 90 90 113 90 135 113 113 90 113 113 113
 90 135 90 90 113 113 90 90 113 90 90 135 90 90 113 113 113 90 113 113 113 90 113 113 113 113 113 90 90 90
 90 113 113 113 113 90 90 113 113 113 113 113 135 113 113 90 135 90 90 113 90 113 90 113 113 90 113 113 90 90
 90 90 90 113 90 113 113 90 113 90 
 9519 10119 10666 11919 1.61 1.75 
 68 68 68 68 68 68 68 68 68 68 68 68 68 68 68 68 68 68 68 68 68 68 68 68 68 68 68 68 68 68
 68 68 68 68 68 68 68 68 68 68 68 68 68 68 68 68 68 68 68 68 68 68 68 68 68 68 68 68 68 68
 68 68 68 68 68 68 68 68 68 68 68 68 68 68 68 68 68 68 68 68 68 68 68 68 68 68 68 68 68 68
 68 68 68 68 68 68 68 68 68 68 
 9552 10152 10704 11952 1.72 1.84 
 90 90 113 113 90 90 113 90 135 113 90 90 113 113 90 113 90 90 90 90 90 113 90 135 113 113 90 113 113 113
 90 135 90 90 113 113 90 90 113 90 90 135 90 90 113 113 113 90 113 113 113 90 113 113 113 113 113 90 90 90
 90 113 113 113 113 90 90 113 113 113 113 113 135 113 113 90 135 90 90 113 90 113 90 113 113 90 113 113 90 90
 90 90 90 113 90 113 113 90 113 90 
 9788 10388 10779 12188 1.97 1.26 
 68 68 90 68 68 68 90 68 90 68 68 68 90 68 68 68 68 68 68 68 68 68 68 90 90 68 68 68 68 68
 68 90 68 68 68 90 68 68 68 68 68 90 68 68 68 90 90 68 68 68 68 68 90 68 68 90 90 68 68 68
 68 68 90 90 90 68 68 68 90 90 68 68 90 90 68 68 90 68 68 90 68 68 68 68 68 68 68 68 68 68
 68 68 68 68 68 68 68 68 90 68 
 9797 10397 10944 12197 1.21 1.96 
 90 90 113 113 90 90 113 90 135 113 90 90 113 113 90 113 90 90 90 90 90 113 90 135 113 113 90 113 113 113
 90 135 90 90 113 113 90 90 113 90 90 135 90 90 113 113 113 90 113 113 113 90 113 113 113 113 113 90 90 90
 90 113 113 113 113 90 90 113 113 113 113 113 135 113 113 90 135 90 90 113 90 113 90 113 113 90 113 113 90 90
 90 90 90 113 90 113 113 90 113 90 
 9811 10411 10943 12211 1.05 1.19 
 68 68 90 68 68 68 90 68 90 68 68 68 90 68 68 68 68 68 68 68 68 68 68 90 90 68 68 68 68 68
 68 90 68 68 68 90 68 68 68 68 68 90 68 68 68 90 90 68 68 68 68 68 90 68 68 90 90 68 68 68
 68 68 90 90 90 68 68 68 90 90 68 68 90 90 68 68 90 68 68 90 68 68 68 68 68 68 68 68 68 68
 68 68 68 68 68 68 68 68 90 68 
 9844 10444 10515 12244 1.06 1.87 
 68 68 90 68 68 68 90 68 90 68 68 68 90 68 68 68 68 68 68 68 68 68 68 90 90 68 68 68 68 68
 68 90 68 68 68 90 68 68 68 68 68 90 68 68 68 90 90 68 68 68 68 68 90 68 68 90 90 68 68 68
 68 68 90 90 90 68 68 68 90 90 68 68 90 90 68 68 90 68 68 90 68 68 68 68 68 68 68 68 68 68
 68 68 68 68 68 68 68 68 90 68 
 10141 10741 11112 12541 1.74 1.88 
 90 90 113 113 90 90 113 90 135 113 90 90 113 113 90 113 90 90 90 90 90 113 90 135 113 113 90 113 113 113
 90 135 90 90 113 113 90 90 113 90 90 135 90 90 113 113 113 90 113 113 113 90 113 113 113 113 113 90 90 90
 90 113 113 113 113 90 90 113 113 113 113 113 135 113 113 90 135 90 90 113 90 113 90 113 113 90 113 113 90 90
 90 90 90 113 90 113 113 90 113 90 
 10216 10816 11288 12616 1.39 1.63 
 68 68 90 68 68 68 90 68 90 68 68 68 90 68 68 68 68 68 68 68 68 68 68 90 90 68 68 68 68 68
 68 90 68 68 68 90 68 68 68 68 68 90 68 68 68 90 90 68 68 68 68 68 90 68 68 90 90 68 68 68
 68 68 90 90 90 68 68 68 90 90 68 68 90 90 68 68 90 68 68 90 68 68 68 68 68 68 68 68 68 68
 68 68 68 68 68 68 68 68 90 68 
 10258 10858 11071 12658 1.14 1.10 
 68 68 90 68 68 68 90 68 90 68 68 68 90 68 68 68 68 68 68 68 68 68 68 90 90 68 68 68 68 68
 68 90 68 68 68 90 68 68 68 68 68 90 68 68 68 90 90 68 68 68 68 68 90 68 68 90 90 68 68 68
 68 68 90 90 90 68 68 68 90 90 68 68 90 90 68 68 90 68 68 90 68 68 68 68 68 68 68 68 68 68
 68 68 68 68 68 68 68 68 90 68 
 10330 10930 11353 12730 1.49 1.76 
 90 90 113 113 90 90 113 90 135 113 90 90 113 113 90 113 90 90 90 90 90 113 90 135 113 113 90 113 113 113
 90 135 90 90 113 113 90 90 113 90 90 135 90 90 113 113 113 90 113 113 113 90 113 113 113 113 113 90 90 90
 90 113 113 113 113 90 90 113 113 113 113 113 135 113 113 90 135 90 90 113 90 113 90 113 113 90 113 113 90 90
 90 90 90 113 90 113 113 90 113 90 
 10443 11043 11335 12843 1.91 1.85 
 90 90 113 113 90 90 113 90 135 113 90 90 113 113 90 113 90 90 90 90 90 113 90 135 113 113 90 113 113 113
 90 135 90 90 113 113 90 90 113 90 90 135 90 90 113 113 113 90 113 113 113 90 113 113 113 113 113 90 90 90
 90 113 113 113 113 90 90 113 113 113 113 113 135 113 113 90 135 90 90 113 90 113 90 113 113 90 113 113 90 90
 90 90 90 113 90 113 113 90 113 90 
 10623 11223 11428 13023 1.00 1.50 
 90 90 113 113 90 90 113 90 135 113 90 90 113 113 90 113 90 90 90 90 90 113 90 135 113 113 90 113 113 113
 90 135 90 90 113 113 90 90 113 90 90 135 90 90 113 113 113 90 113 113 113 90 113 113 113 113 113 90 90 90
 90 113 113 113 113 90 90 113 113 113 113 113 135 113 113 90 135 90 90 113 90 113 90 113 113 90 113 113 90 90
 90 90 90 113 90 113 113 90 113 90 
 10679 11279 11713 13079 1.84 1.84 
 90 90 113 113 90 90 113 90 135 113 90 90 113 113 90 113 90 90 90 90 90 113 90 135 113 113 90 113 113 113
 90 135 90 90 113 113 90 90 113 90 90 135 90 90 113 113 113 90 113 113 113 90 113 113 113 113 113 90 90 90
 90 113 113 113 113 90 90 113 113 113 113 113 135 113 113 90 135 90 90 113 90 113 90 113 113 90 113 113 90 90
 90 90 90 113 90 113 113 90 113 90 
 10970 11570 11959 13370 1.53 1.95 
 90 90 113 113 90 90 113 90 135 113 90 90 113 113 90 113 90 90 90 90 90 113 90 135 113 113 90 113 113 113
 90 135 90 90 113 113 90 90 113 90 90 135 90 90 113 113 113 90 113 113 113 90 113 113 113 113 113 90 90 90
 90 113 113 113 113 90 90 113 113 113 113 113 135 113 113 90 135 90 90 113 90 113 90 113 113 90 113 113 90 90
 90 90 90 113 90 113 113 90 113 90 
 11089 11689 12035 13489 1.02 1.78 
 68 68 90 68 68 68 90 68 90 68 68 68 90 68 68 68 68 68 68 68 68 68 68 90 90 68 68 68 68 68
 68 90 68 68 68 90 68 68 68 68 68 90 68 68 68 90 90 68 68 68 68 68 90 68 68 90 90 68 68 68
 68 68 90 90 90 68 68 68 90 90 68 68 90 90 68 68 90 68 68 90 68 68 68 68 68 68 68 68 68 68
 68 68 68 68 68 68 68 68 90 68 
 11137 11737 12031 13537 1.73 1.06 
 90 90 113 113 90 90 113 90 135 113 90 90 113 113 90 113 90 90 90 90 90 113 90 135 113 113 90 113 113 113
 90 135 90 90 113 113 90 90 113 90 90 135 90 90 113 113 113 90 113 113 113 90 113 113 113 113 113 90 90 90
 90 113 113 113 113 90 90 113 113 113 113 113 135 113 113 90 135 90 90 113 90 113 90 113 113 90 113 113 90 90
 90 90 90 113 90 113 113 90 113 90 
 11342 11942 12393 13742 1.44 1.68 
 68 68 90 68 68 68 90 68 90 68 68 68 90 68 68 68 68 68 68 68 68 68 68 90 90 68 68 68 68 68
 68 90 68 68 68 90 68 68 68 68 68 90 68 68 68 90 90 68 68 68 68 68 90 68 68 90 90 68 68 68
 68 68 90 90 90 68 68 68 90 90 68 68 90 90 68 68 90 68 68 90 68 68 68 68 68 68 68 68 68 68
 68 68 68 68 68 68 68 68 90 68 
 11524 12124 12655 13924 1.79 1.03 
 68 68 90 68 68 68 90 68 90 68 68 68 90 68 68 68 68 68 68 68 68 68 68 90 90 68 68 68 68 68
 68 90 68 68 68 90 68 68 68 68 68 90 68 68 68 90 90 68 68 68 68 68 90 68 68 90 90 68 68 68
 68 68 90 90 90 68 68 68 90 90 68 68 90 90 68 68 90 68 68 90 68 68 68 68 68 68 68 68 68 68
 68 68 68 68 68 68 68 68 90 68 
 11536 12136 12387 13936 1.99 1.26 
 90 90 113 113 90 90 113 90 135 113 90 90 113 113 90 113 90 90 90 90 90 113 90 135 113 113 90 113 113 113
 90 135 90 90 113 113 90 90 113 90 90 135 90 90 113 113 113 90 113 113 113 90 113 113 113 113 113 90 90 90
 90 113 113 113 113 90 90 113 113 113 113 113 135 113 113 90 135 90 90 113 90 113 90 113 113 90 113 113 90 90
 90 90 90 113 90 113 113 90 113 90 
 11638 12238 12550 14038 1.03 1.84 
 68 68 68 68 68 68 68 68 68 68 68 68 68 68 68 68 68 68 68 68 68 68 68 68 68 68 68 68 68 68
 68 68 68 68 68 68 68 68 68 68 68 68 68 68 68 68 68 68 68 68 68 68 68 68 68 68 68 68 68 68
 68 68 68 68 68 68 68 68 68 68 68 68 68 68 68 68 68 68 68 68 68 68 68 68 68 68 68 68 68 68
 68 68 68 68 68 68 68 68 68 68 
 11723 12323 12691 14123 1.71 1.52 
 90 90 113 113 90 90 113 90 135 113 90 90 113 113 90 113 90 90 90 90 90 113 90 135 113 113 90 113 113 113
 90 135 90 90 113 113 90 90 113 90 90 135 90 90 113 113 113 90 113 113 113 90 113 113 113 113 113 90 90 90
 90 113 113 113 113 90 90 113 113 113 113 113 135 113 113 90 135 90 90 113 90 113 90 113 113 90 113 113 90 90
 90 90 90 113 90 113 113 90 113 90 

