 150 720 
 1 601 1157 2401 1.16 1.41 
 68 68 68 68 68 68 68 68 68 68 68 68 68 68 68 68 68 68 68 68 68 68 68 68 68 68 68 68 68 68
 68 68 68 68 68 68 68 68 68 68 68 68 68 68 68 68 68 68 68 68 68 68 68 68 68 68 68 68 68 68
 68 68 68 68 68 68 68 68 68 68 68 68 68 68 68 68 68 68 68 68 68 68 68 68 68 68 68 68 68 68
 68 68 68 68 68 68 68 68 68 68 68 68 68 68 68 68 68 68 68 68 68 68 68 68 68 68 68 68 68 68
 68 68 68 68 68 68 68 68 68 68 68 68 68 68 68 68 68 68 68 68 68 68 68 68 68 68 68 68 68 68
 72 672 1233 2472 1.32 1.60 
 68 68 68 68 68 68 68 68 68 68 68 68 68 68 68 68 68 68 68 68 68 68 68 68 68 68 68 68 68 68
 68 68 68 68 68 68 68 68 68 68 68 68 68 68 68 68 68 68 68 68 68 68 68 68 68 68 68 68 68 68
 68 68 68 68 68 68 68 68 68 68 68 68 68 68 68 68 68 68 68 68 68 68 68 68 68 68 68 68 68 68
 68 68 68 68 68 68 68 68 68 68 68 68 68 68 68 68 68 68 68 68 68 68 68 68 68 68 68 68 68 68
 68 68 68 68 68 68 68 68 68 68 68 68 68 68 68 68 68 68 68 68 68 68 68 68 68 68 68 68 68 68
 123 723 1068 2523 1.32 1.01 
 68 68 68 68 68 68 68 68 68 68 68 68 68 68 68 68 68 68 68 68 68 68 68 68 68 68 68 68 68 68
 68 68 68 68 68 68 68 68 68 68 68 68 68 68 68 68 68 68 68 68 68 68 68 68 68 68 68 68 68 68
 68 68 68 68 68 68 68 68 68 68 68 68 68 68 68 68 68 68 68 68 68 68 68 68 68 68 68 68 68 68
 68 68 68 68 68 68 68 68 68 68 68 68 68 68 68 68 68 68 68 68 68 68 68 68 68 68 68 68 68 68
 68 68 68 68 68 68 68 68 68 68 68 68 68 68 68 68 68 68 68 68 68 68 68 68 68 68 68 68 68 68
 269 869 1181 2669 1.64 1.64 
 90 90 90 68 90 68 68 68 68 90 68 68 90 90 68 68 68 68 68 68 68 68 68 68 68 68 68 90 68 68
 90 90 90 68 68 90 68 68 90 68 68 68 68 68 90 68 68 90 90 68 68 68 68 68 68 68 68 68 68 90
 68 68 90 68 68 90 68 68 90 90 68 68 68 68 68 68 90 68 90 68 90 68 68 68 68 68 90 68 90 68
 68 68 68 90 90 68 90 68 68 90 68 68 90 68 68 90 68 68 68 68 90 68 68 90 90 90 68 68 68 68
 68 68 90 68 68 68 68 68 68 68 68 90 68 90 68 68 68 68 68 90 68 68 68 68 68 68 68 68 90 90
 290 890 1408 2690 1.42 1.91 
 68 68 68 68 68 68 68 68 68 68 68 68 68 68 68 68 68 68 68 68 68 68 68 68 68 68 68 68 68 68
 68 68 68 68 68 68 68 68 68 68 68 68 68 68 68 68 68 68 68 68 68 68 68 68 68 68 68 68 68 68
 68 68 68 68 68 68 68 68 68 68 68 68 68 68 68 68 68 68 68 68 68 68 68 68 68 68 68 68 68 68
 68 68 68 68 68 68 68 68 68 68 68 68 68 68 68 68 68 68 68 68 68 68 68 68 68 68 68 68 68 68
 68 68 68 68 68 68 68 68 68 68 68 68 68 68 68 68 68 68 68 68 68 68 68 68 68 68 68 68 68 68
 378 978 1123 2778 1.30 1.61 
 113 113 135 113 135 90 90 113 90 113 90 113 113 113 113 113 90 113 113 113 113 113 90 90 90 113 113 113 90 113
 113 135 113 90 113 135 90 90 113 90 90 113 90 90 135 90 90 135 135 90 90 113 90 90 90 113 113 90 90 113
 90 90 113 113 113 113 90 113 135 113 90 113 113 90 90 90 135 113 135 90 113 90 90 113 90 90 113 90 135 90
 90 113 90 135 113 113 113 113 90 113 113 90 135 90 113 113 90 113 113 90 113 90 113 113 113 113 90 113 90 90
 90 90 135 113 90 90 90 90 90 90 113 113 90 113 113 90 90 90 90 113 90 113 90 113 90 90 90 113 113 113
 475 1075 1337 2875 1.63 1.51 
 113 113 135 113 135 90 90 113 90 113 90 113 113 113 113 113 90 113 113 113 113 113 90 90 90 113 113 113 90 113
 113 135 113 90 113 135 90 90 113 90 90 113 90 90 135 90 90 135 135 90 90 113 90 90 90 113 113 90 90 113
 90 90 113 113 113 113 90 113 135 113 90 113 113 90 90 90 135 113 135 90 113 90 90 113 90 90 113 90 135 90
 90 113 90 135 113 113 113 113 90 113 113 90 135 90 113 113 90 113 113 90 113 90 113 113 113 113 90 113 90 90
 90 90 135 113 90 90 90 90 90 90 113 113 90 113 113 90 90 90 90 113 90 113 90 113 90 90 90 113 113 113
 481 1081 1297 2881 1.33 1.09 
 90 90 90 68 90 68 68 68 68 90 68 68 90 90 68 68 68 68 68 68 68 68 68 68 68 68 68 90 68 68
 90 90 90 68 68 90 68 68 90 68 68 68 68 68 90 68 68 90 90 68 68 68 68 68 68 68 68 68 68 90
 68 68 90 68 68 90 68 68 90 90 68 68 68 68 68 68 90 68 90 68 90 68 68 68 68 68 90 68 90 68
 68 68 68 90 90 68 90 68 68 90 68 68 90 68 68 90 68 68 68 68 90 68 68 90 90 90 68 68 68 68
 68 68 90 68 68 68 68 68 68 68 68 90 68 90 68 68 68 68 68 90 68 68 68 68 68 68 68 68 90 90
 530 1130 1276 2930 1.91 1.64 
 113 113 135 113 135 90 90 113 90 113 90 113 113 113 113 113 90 113 113 113 113 113 90 90 90 113 113 113 90 113
 113 135 113 90 113 135 90 90 113 90 90 113 90 90 135 90 90 135 135 90 90 113 90 90 90 113 113 90 90 113
 90 90 113 113 113 113 90 113 135 113 90 113 113 90 90 90 135 113 135 90 113 90 90 113 90 90 113 90 135 90
 90 113 90 135 113 113 113 113 90 113 113 90 135 90 113 113 90 113 113 90 113 90 113 113 113 113 90 113 90 90
 90 90 135 113 90 90 90 90 90 90 113 113 90 113 113 90 90 90 90 113 90 113 90 113 90 90 90 113 113 113
 548 1148 1549 2948 1.70 1.73 
 68 68 68 68 68 68 68 68 68 68 68 68 68 68 68 68 68 68 68 68 68 68 68 68 68 68 68 68 68 68
 68 68 68 68 68 68 68 68 68 68 68 68 68 68 68 68 68 68 68 68 68 68 68 68 68 68 68 68 68 68
 68 68 68 68 68 68 68 68 68 68 68 68 68 68 68 68 68 68 68 68 68 68 68 68 68 68 68 68 68 68
 68 68 68 68 68 68 68 68 68 68 68 68 68 68 68 68 68 68 68 68 68 68 68 68 68 68 68 68 68 68
 68 68 68 68 68 68 68 68 68 68 68 68 68 68 68 68 68 68 68 68 68 68 68 68 68 68 68 68 68 68
 714 1314 1742 3114 1.94 1.16 
 113 113 135 113 135 90 90 113 90 113 90 113 113 113 113 113 90 113 113 113 113 113 90 90 90 113 113 113 90 113
 113 135 113 90 113 135 90 90 113 90 90 113 90 90 135 90 90 135 135 90 90 113 90 90 90 113 113 90 90 113
 90 90 113 113 113 113 90 113 135 113 90 113 113 90 90 90 135 113 135 90 113 90 90 113 90 90 113 90 135 90
 90 113 90 135 113 113 113 113 90 113 113 90 135 90 113 113 90 113 113 90 113 90 113 113 113 113 90 113 90 90
 90 90 135 113 90 90 90 90 90 90 113 113 90 113 113 90 90 90 90 113 90 113 90 113 90 90 90 113 113 113
 728 1328 1706 3128 1.05 1.07 
 90 90 90 68 90 68 68 68 68 90 68 68 90 90 68 68 68 68 68 68 68 68 68 68 68 68 68 90 68 68
 90 90 90 68 68 90 68 68 90 68 68 68 68 68 90 68 68 90 90 68 68 68 68 68 68 68 68 68 68 90
 68 68 90 68 68 90 68 68 90 90 68 68 68 68 68 68 90 68 90 68 90 68 68 68 68 68 90 68 90 68
 68 68 68 90 90 68 90 68 68 90 68 68 90 68 68 90 68 68 68 68 90 68 68 90 90 90 68 68 68 68
 68 68 90 68 68 68 68 68 68 68 68 90 68 90 68 68 68 68 68 90 68 68 68 68 68 68 68 68 90 90
 892 1492 1832 3292 1.71 1.00 
 68 68 68 68 68 68 68 68 68 68 68 68 68 68 68 68 68 68 68 68 68 68 68 68 68 68 68 68 68 68
 68 68 68 68 68 68 68 68 68 68 68 68 68 68 68 68 68 68 68 68 68 68 68 68 68 68 68 68 68 68
 68 68 68 68 68 68 68 68 68 68 68 68 68 68 68 68 68 68 68 68 68 68 68 68 68 68 68 68 68 68
 68 68 68 68 68 68 68 68 68 68 68 68 68 68 68 68 68 68 68 68 68 68 68 68 68 68 68 68 68 68
 68 68 68 68 68 68 68 68 68 68 68 68 68 68 68 68 68 68 68 68 68 68 68 68 68 68 68 68 68 68
 1141 1741 2311 3541 1.08 1.95 
 68 68 68 68 68 68 68 68 68 68 68 68 68 68 68 68 68 68 68 68 68 68 68 68 68 68 68 68 68 68
 68 68 68 68 68 68 68 68 68 68 68 68 68 68 68 68 68 68 68 68 68 68 68 68 68 68 68 68 68 68
 68 68 68 68 68 68 68 68 68 68 68 68 68 68 68 68 68 68 68 68 68 68 68 68 68 68 68 68 68 68
 68 68 68 68 68 68 68 68 68 68 68 68 68 68 68 68 68 68 68 68 68 68 68 68 68 68 68 68 68 68
 68 68 68 68 68 68 68 68 68 68 68 68 68 68 68 68 68 68 68 68 68 68 68 68 68 68 68 68 68 68
 1216 1816 2016 3616 1.95 1.55 
 90 90 90 68 90 68 68 68 68 90 68 68 90 90 68 68 68 68 68 68 68 68 68 68 68 68 68 90 68 68
 90 90 90 68 68 90 68 68 90 68 68 68 68 68 90 68 68 90 90 68 68 68 68 68 68 68 68 68 68 90
 68 68 90 68 68 90 68 68 90 90 68 68 68 68 68 68 90 68 90 68 90 68 68 68 68 68 90 68 90 68
 68 68 68 90 90 68 90 68 68 90 68 68 90 68 68 90 68 68 68 68 90 68 68 90 90 90 68 68 68 68
 68 68 90 68 68 68 68 68 68 68 68 90 68 90 68 68 68 68 68 90 68 68 68 68 68 68 68 68 90 90
 1280 1880 2186 3680 1.32 1.70 
 90 90 90 68 90 68 68 68 68 90 68 68 90 90 68 68 68 68 68 68 68 68 68 68 68 68 68 90 68 68
 90 90 90 68 68 90 68 68 90 68 68 68 68 68 90 68 68 90 90 68 68 68 68 68 68 68 68 68 68 90
 68 68 90 68 68 90 68 68 90 90 68 68 68 68 68 68 90 68 90 68 90 68 68 68 68 68 90 68 90 68
 68 68 68 90 90 68 90 68 68 90 68 68 90 68 68 90 68 68 68 68 90 68 68 90 90 90 68 68 68 68
 68 68 90 68 68 68 68 68 68 68 68 90 68 90 68 68 68 68 68 90 68 68 68 68 68 68 68 68 90 90
 1474 2074 2274 3874 1.13 1.09 
 113 113 135 113 135 90 90 113 90 113 90 113 113 113 113 113 90 113 113 113 113 113 90 90 90 113 113 113 90 113
 113 135 113 90 113 135 90 90 113 90 90 113 90 90 135 90 90 135 135 90 90 113 90 90 90 113 113 90 90 113
 90 90 113 113 113 113 90 113 135 113 90 113 113 90 90 90 135 113 135 90 113 90 90 113 90 90 113 90 135 90
 90 113 90 135 113 113 113 113 90 113 113 90 135 90 113 113 90 113 113 90 113 90 113 113 113 113 90 113 90 90
 90 90 135 113 90 90 90 90 90 90 113 113 90 113 113 90 90 90 90 113 90 113 90 113 90 90 90 113 113 113
 1602 2202 2564 4002 1.26 1.64 
 90 90 90 68 90 68 68 68 68 90 68 68 90 90 68 68 68 68 68 68 68 68 68 68 68 68 68 90 68 68
 90 90 90 68 68 90 68 68 90 68 68 68 68 68 90 68 68 90 90 68 68 68 68 68 68 68 68 68 68 90
 68 68 90 68 68 90 68 68 90 90 68 68 68 68 68 68 90 68 90 68 90 68 68 68 68 68 90 68 90 68
 68 68 68 90 90 68 90 68 68 90 68 68 90 68 68 90 68 68 68 68 90 68 68 90 90 90 68 68 68 68
 68 68 90 68 68 68 68 68 68 68 68 90 68 90 68 68 68 68 68 90 68 68 68 68 68 68 68 68 90 90
 1674 2274 2524 4074 1.53 2.00 
 90 90 90 68 90 68 68 68 68 90 68 68 90 90 68 68 68 68 68 68 68 68 68 68 68 68 68 90 68 68
 90 90 90 68 68 90 68 68 90 68 68 68 68 68 90 68 68 90 90 68 68 68 68 68 68 68 68 68 68 90
 68 68 90 68 68 90 68 68 90 90 68 68 68 68 68 68 90 68 90 68 90 68 68 68 68 68 90 68 90 68
 68 68 68 90 90 68 90 68 68 90 68 68 90 68 68 90 68 68 68 68 90 68 68 90 90 90 68 68 68 68
 68 68 90 68 68 68 68 68 68 68 68 90 68 90 68 68 68 68 68 90 68 68 68 68 68 68 68 68 90 90
 2019 2619 3094 4419 1.32 1.92 
 90 90 90 68 90 68 68 68 68 90 68 68 90 90 68 68 68 68 68 68 68 68 68 68 68 68 68 90 68 68
 90 90 90 68 68 90 68 68 90 68 68 68 68 68 90 68 68 90 90 68 68 68 68 68 68 68 68 68 68 90
 68 68 90 68 68 90 68 68 90 90 68 68 68 68 68 68 90 68 90 68 90 68 68 68 68 68 90 68 90 68
 68 68 68 90 90 68 90 68 68 90 68 68 90 68 68 90 68 68 68 68 90 68 68 90 90 90 68 68 68 68
 68 68 90 68 68 68 68 68 68 68 68 90 68 90 68 68 68 68 68 90 68 68 68 68 68 68 68 68 90 90
 2073 2673 3268 4473 1.89 1.04 
 90 90 90 68 90 68 68 68 68 90 68 68 90 90 68 68 68 68 68 68 68 68 68 68 68 68 68 90 68 68
 90 90 90 68 68 90 68 68 90 68 68 68 68 68 90 68 68 90 90 68 68 68 68 68 68 68 68 68 68 90
 68 68 90 68 68 90 68 68 90 90 68 68 68 68 68 68 90 68 90 68 90 68 68 68 68 68 90 68 90 68
 68 68 68 90 90 68 90 68 68 90 68 68 90 68 68 90 68 68 68 68 90 68 68 90 90 90 68 68 68 68
 68 68 90 68 68 68 68 68 68 68 68 90 68 90 68 68 68 68 68 90 68 68 68 68 68 68 68 68 90 90
 2213 2813 3261 4613 1.47 1.19 
 90 90 90 68 90 68 68 68 68 90 68 68 90 90 68 68 68 68 68 68 68 68 68 68 68 68 68 90 68 68
 90 90 90 68 68 90 68 68 90 68 68 68 68 68 90 68 68 90 90 68 68 68 68 68 68 68 68 68 68 90
 68 68 90 68 68 90 68 68 90 90 68 68 68 68 68 68 90 68 90 68 90 68 68 68 68 68 90 68 90 68
 68 68 68 90 90 68 90 68 68 90 68 68 90 68 68 90 68 68 68 68 90 68 68 90 90 90 68 68 68 68
 68 68 90 68 68 68 68 68 68 68 68 90 68 90 68 68 68 68 68 90 68 68 68 68 68 68 68 68 90 90
 2226 2826 3396 4626 1.76 1.42 
 113 113 135 113 135 90 90 113 90 113 90 113 113 113 113 113 90 113 113 113 113 113 90 90 90 113 113 113 90 113
 113 135 113 90 113 135 90 90 113 90 90 113 90 90 135 90 90 135 135 90 90 113 90 90 90 113 113 90 90 113
 90 90 113 113 113 113 90 113 135 113 90 113 113 90 90 90 135 113 135 90 113 90 90 113 90 90 113 90 135 90
 90 113 90 135 113 113 113 113 90 113 113 90 135 90 113 113 90 113 113 90 113 90 113 113 113 113 90 113 90 90
 90 90 135 113 90 90 90 90 90 90 113 113 90 113 113 90 90 90 90 113 90 113 90 113 90 90 90 113 113 113
 2314 2914 3069 4714 1.07 1.40 
 113 113 135 113 135 90 90 113 90 113 90 113 113 113 113 113 90 113 113 113 113 113 90 90 90 113 113 113 90 113
 113 135 113 90 113 135 90 90 113 90 90 113 90 90 135 90 90 135 135 90 90 113 90 90 90 113 113 90 90 113
 90 90 113 113 113 113 90 113 135 113 90 113 113 90 90 90 135 113 135 90 113 90 90 113 90 90 113 90 135 90
 90 113 90 135 113 113 113 113 90 113 113 90 135 90 113 113 90 113 113 90 113 90 113 113 113 113 90 113 90 90
 90 90 135 113 90 90 90 90 90 90 113 113 90 113 113 90 90 90 90 113 90 113 90 113 90 90 90 113 113 113
 2384 2984 3536 4784 1.10 1.17 
 113 113 135 113 135 90 90 113 90 113 90 113 113 113 113 113 90 113 113 113 113 113 90 90 90 113 113 113 90 113
 113 135 113 90 113 135 90 90 113 90 90 113 90 90 135 90 90 135 135 90 90 113 90 90 90 113 113 90 90 113
 90 90 113 113 113 113 90 113 135 113 90 113 113 90 90 90 135 113 135 90 113 90 90 113 90 90 113 90 135 90
 90 113 90 135 113 113 113 113 90 113 113 90 135 90 113 113 90 113 113 90 113 90 113 113 113 113 90 113 90 90
 90 90 135 113 90 90 90 90 90 90 113 113 90 113 113 90 90 90 90 113 90 113 90 113 90 90 90 113 113 113
 2648 3248 3406 5048 1.86 1.20 
 90 90 90 68 90 68 68 68 68 90 68 68 90 90 68 68 68 68 68 68 68 68 68 68 68 68 68 90 68 68
 90 90 90 68 68 90 68 68 90 68 68 68 68 68 90 68 68 90 90 68 68 68 68 68 68 68 68 68 68 90
 68 68 90 68 68 90 68 68 90 90 68 68 68 68 68 68 90 68 90 68 90 68 68 68 68 68 90 68 90 68
 68 68 68 90 90 68 90 68 68 90 68 68 90 68 68 90 68 68 68 68 90 68 68 90 90 90 68 68 68 68
 68 68 90 68 68 68 68 68 68 68 68 90 68 90 68 68 68 68 68 90 68 68 68 68 68 68 68 68 90 90
 2878 3478 3832 5278 1.54 1.93 
 90 90 90 68 90 68 68 68 68 90 68 68 90 90 68 68 68 68 68 68 68 68 68 68 68 68 68 90 68 68
 90 90 90 68 68 90 68 68 90 68 68 68 68 68 90 68 68 90 90 68 68 68 68 68 68 68 68 68 68 90
 68 68 90 68 68 90 68 68 90 90 68 68 68 68 68 68 90 68 90 68 90 68 68 68 68 68 90 68 90 68
 68 68 68 90 90 68 90 68 68 90 68 68 90 68 68 90 68 68 68 68 90 68 68 90 90 90 68 68 68 68
 68 68 90 68 68 68 68 68 68 68 68 90 68 90 68 68 68 68 68 90 68 68 68 68 68 68 68 68 90 90
 2987 3587 3707 5387 1.59 1.45 
 68 68 68 68 68 68 68 68 68 68 68 68 68 68 68 68 68 68 68 68 68 68 68 68 68 68 68 68 68 68
 68 68 68 68 68 68 68 68 68 68 68 68 68 68 68 68 68 68 68 68 68 68 68 68 68 68 68 68 68 68
 68 68 68 68 68 68 68 68 68 68 68 68 68 68 68 68 68 68 68 68 68 68 68 68 68 68 68 68 68 68
 68 68 68 68 68 68 68 68 68 68 68 68 68 68 68 68 68 68 68 68 68 68 68 68 68 68 68 68 68 68
 68 68 68 68 68 68 68 68 68 68 68 68 68 68 68 68 68 68 68 68 68 68 68 68 68 68 68 68 68 68
 3139 3739 4301 5539 1.71 1.29 
 113 113 135 113 135 90 90 113 90 113 90 113 113 113 113 113 90 113 113 113 113 113 90 90 90 113 113 113 90 113
 113 135 113 90 113 135 90 90 113 90 90 113 90 90 135 90 90 135 135 90 90 113 90 90 90 113 113 90 90 113
 90 90 113 113 113 113 90 113 135 113 90 113 113 90 90 90 135 113 135 90 113 90 90 113 90 90 113 90 135 90
 90 113 90 135 113 113 113 113 90 113 113 90 135 90 113 113 90 113 113 90 113 90 113 113 113 113 90 113 90 90
 90 90 135 113 90 90 90 90 90 90 113 113 90 113 113 90 90 90 90 113 90 113 90 113 90 90 90 113 113 113
 3287 3887 4161 5687 1.68 1.61 
 90 90 90 68 90 68 68 68 68 90 68 68 90 90 68 68 68 68 68 68 68 68 68 68 68 68 68 90 68 68
 90 90 90 68 68 90 68 68 90 68 68 68 68 68 90 68 68 90 90 68 68 68 68 68 68 68 68 68 68 90
 68 68 90 68 68 90 68 68 90 90 68 68 68 68 68 68 90 68 90 68 90 68 68 68 68 68 90 68 90 68
 68 68 68 90 90 68 90 68 68 90 68 68 90 68 68 90 68 68 68 68 90 68 68 90 90 90 68 68 68 68
 68 68 90 68 68 68 68 68 68 68 68 90 68 90 68 68 68 68 68 90 68 68 68 68 68 68 68 68 90 90
 3340 3940 4411 5740 1.70 1.97 
 68 68 68 68 68 68 68 68 68 68 68 68 68 68 68 68 68 68 68 68 68 68 68 68 68 68 68 68 68 68
 68 68 68 68 68 68 68 68 68 68 68 68 68 68 68 68 68 68 68 68 68 68 68 68 68 68 68 68 68 68
 68 68 68 68 68 68 68 68 68 68 68 68 68 68 68 68 68 68 68 68 68 68 68 68 68 68 68 68 68 68
 68 68 68 68 68 68 68 68 68 68 68 68 68 68 68 68 68 68 68 68 68 68 68 68 68 68 68 68 68 68
 68 68 68 68 68 68 68 68 68 68 68 68 68 68 68 68 68 68 68 68 68 68 68 68 68 68 68 68 68 68
 3420 4020 4611 5820 1.79 1.46 
 68 68 68 68 68 68 68 68 68 68 68 68 68 68 68 68 68 68 68 68 68 68 68 68 68 68 68 68 68 68
 68 68 68 68 68 68 68 68 68 68 68 68 68 68 68 68 68 68 68 68 68 68 68 68 68 68 68 68 68 68
 68 68 68 68 68 68 68 68 68 68 68 68 68 68 68 68 68 68 68 68 68 68 68 68 68 68 68 68 68 68
 68 68 68 68 68 68 68 68 68 68 68 68 68 68 68 68 68 68 68 68 68 68 68 68 68 68 68 68 68 68
 68 68 68 68 68 68 68 68 68 68 68 68 68 68 68 68 68 68 68 68 68 68 68 68 68 68 68 68 68 68
 3584 4184 4410 5984 1.64 1.33 
 68 68 68 68 68 68 68 68 68 68 68 68 68 68 68 68 68 68 68 68 68 68 68 68 68 68 68 68 68 68
 68 68 68 68 68 68 68 68 68 68 68 68 68 68 68 68 68 68 68 68 68 68 68 68 68 68 68 68 68 68
 68 68 68 68 68 68 68 68 68 68 68 68 68 68 68 68 68 68 68 68 68 68 68 68 68 68 68 68 68 68
 68 68 68 68 68 68 68 68 68 68 68 68 68 68 68 68 68 68 68 68 68 68 68 68 68 68 68 68 68 68
 68 68 68 68 68 68 68 68 68 68 68 68 68 68 68 68 68 68 68 68 68 68 68 68 68 68 68 68 68 68
 3597 4197 4727 5997 1.00 1.45 
 113 113 135 113 135 90 90 113 90 113 90 113 113 113 113 113 90 113 113 113 113 113 90 90 90 113 113 113 90 113
 113 135 113 90 113 135 90 90 113 90 90 113 90 90 135 90 90 135 135 90 90 113 90 90 90 113 113 90 90 113
 90 90 113 113 113 113 90 113 135 113 90 113 113 90 90 90 135 113 135 90 113 90 90 113 90 90 113 90 135 90
 90 113 90 135 113 113 113 113 90 113 113 90 135 90 113 113 90 113 113 90 113 90 113 113 113 113 90 113 90 90
 90 90 135 113 90 90 90 90 90 90 113 113 90 113 113 90 90 90 90 113 90 113 90 113 90 90 90 113 113 113
 3650 4250 4849 6050 1.58 1.47 
 90 90 90 68 90 68 68 68 68 90 68 68 90 90 68 68 68 68 68 68 68 68 68 68 68 68 68 90 68 68
 90 90 90 68 68 90 68 68 90 68 68 68 68 68 90 68 68 90 90 68 68 68 68 68 68 68 68 68 68 90
 68 68 90 68 68 90 68 68 90 90 68 68 68 68 68 68 90 68 90 68 90 68 68 68 68 68 90 68 90 68
 68 68 68 90 90 68 90 68 68 90 68 68 90 68 68 90 68 68 68 68 90 68 68 90 90 90 68 68 68 68
 68 68 90 68 68 68 68 68 68 68 68 90 68 90 68 68 68 68 68 90 68 68 68 68 68 68 68 68 90 90
 3818 4418 4843 6218 1.39 1.78 
 68 68 68 68 68 68 68 68 68 68 68 68 68 68 68 68 68 68 68 68 68 68 68 68 68 68 68 68 68 68
 68 68 68 68 68 68 68 68 68 68 68 68 68 68 68 68 68 68 68 68 68 68 68 68 68 68 68 68 68 68
 68 68 68 68 68 68 68 68 68 68 68 68 68 68 68 68 68 68 68 68 68 68 68 68 68 68 68 68 68 68
 68 68 68 68 68 68 68 68 68 68 68 68 68 68 68 68 68 68 68 68 68 68 68 68 68 68 68 68 68 68
 68 68 68 68 68 68 68 68 68 68 68 68 68 68 68 68 68 68 68 68 68 68 68 68 68 68 68 68 68 68
 3967 4567 4804 6367 1.94 1.18 
 113 113 135 113 135 90 90 113 90 113 90 113 113 113 113 113 90 113 113 113 113 113 90 90 90 113 113 113 90 113
 113 135 113 90 113 135 90 90 113 90 90 113 90 90 135 90 90 135 135 90 90 113 90 90 90 113 113 90 90 113
 90 90 113 113 113 113 90 113 135 113 90 113 113 90 90 90 135 113 135 90 113 90 90 113 90 90 113 90 135 90
 90 113 90 135 113 113 113 113 90 113 113 90 135 90 113 113 90 113 113 90 113 90 113 113 113 113 90 113 90 90
 90 90 135 113 90 90 90 90 90 90 113 113 90 113 113 90 90 90 90 113 90 113 90 113 90 90 90 113 113 113
 4078 4678 4959 6478 1.13 1.37 
 113 113 135 113 135 90 90 113 90 113 90 113 113 113 113 113 90 113 113 113 113 113 90 90 90 113 113 113 90 113
 113 135 113 90 113 135 90 90 113 90 90 113 90 90 135 90 90 135 135 90 90 113 90 90 90 113 113 90 90 113
 90 90 113 113 113 113 90 113 135 113 90 113 113 90 90 90 135 113 135 90 113 90 90 113 90 90 113 90 135 90
 90 113 90 135 113 113 113 113 90 113 113 90 135 90 113 113 90 113 113 90 113 90 113 113 113 113 90 113 90 90
 90 90 135 113 90 90 90 90 90 90 113 113 90 113 113 90 90 90 90 113 90 113 90 113 90 90 90 113 113 113
 4344 4944 5198 6744 1.82 1.98 
 68 68 68 68 68 68 68 68 68 68 68 68 68 68 68 68 68 68 68 68 68 68 68 68 68 68 68 68 68 68
 68 68 68 68 68 68 68 68 68 68 68 68 68 68 68 68 68 68 68 68 68 68 68 68 68 68 68 68 68 68
 68 68 68 68 68 68 68 68 68 68 68 68 68 68 68 68 68 68 68 68 68 68 68 68 68 68 68 68 68 68
 68 68 68 68 68 68 68 68 68 68 68 68 68 68 68 68 68 68 68 68 68 68 68 68 68 68 68 68 68 68
 68 68 68 68 68 68 68 68 68 68 68 68 68 68 68 68 68 68 68 68 68 68 68 68 68 68 68 68 68 68
 4568 5168 5329 6968 1.32 1.65 
 113 113 135 113 135 90 90 113 90 113 90 113 113 113 113 113 90 113 113 113 113 113 90 90 90 113 113 113 90 113
 113 135 113 90 113 135 90 90 113 90 90 113 90 90 135 90 90 135 135 90 90 113 90 90 90 113 113 90 90 113
 90 90 113 113 113 113 90 113 135 113 90 113 113 90 90 90 135 113 135 90 113 90 90 113 90 90 113 90 135 90
 90 113 90 135 113 113 113 113 90 113 113 90 135 90 113 113 90 113 113 90 113 90 113 113 113 113 90 113 90 90
 90 90 135 113 90 90 90 90 90 90 113 113 90 113 113 90 90 90 90 113 90 113 90 113 90 90 90 113 113 113
 4569 5169 5378 6969 1.57 1.93 
 113 113 135 113 135 90 90 113 90 113 90 113 113 113 113 113 90 113 113 113 113 113 90 90 90 113 113 113 90 113
 113 135 113 90 113 135 90 90 113 90 90 113 90 90 135 90 90 135 135 90 90 113 90 90 90 113 113 90 90 113
 90 90 113 113 113 113 90 113 135 113 90 113 113 90 90 90 135 113 135 90 113 90 90 113 90 90 113 90 135 90
 90 113 90 135 113 113 113 113 90 113 113 90 135 90 113 113 90 113 113 90 113 90 113 113 113 113 90 113 90 90
 90 90 135 113 90 90 90 90 90 90 113 113 90 113 113 90 90 90 90 113 90 113 90 113 90 90 90 113 113 113
 4685 5285 5677 7085 1.35 1.42 
 90 90 90 68 90 68 68 68 68 90 68 68 90 90 68 68 68 68 68 68 68 68 68 68 68 68 68 90 68 68
 90 90 90 68 68 90 68 68 90 68 68 68 68 68 90 68 68 90 90 68 68 68 68 68 68 68 68 68 68 90
 68 68 90 68 68 90 68 68 90 90 68 68 68 68 68 68 90 68 90 68 90 68 68 68 68 68 90 68 90 68
 68 68 68 90 90 68 90 68 68 90 68 68 90 68 68 90 68 68 68 68 90 68 68 90 90 90 68 68 68 68
 68 68 90 68 68 68 68 68 68 68 68 90 68 90 68 68 68 68 68 90 68 68 68 68 68 68 68 68 90 90
 4735 5335 5610 7135 1.28 1.21 
 113 113 135 113 135 90 90 113 90 113 90 113 113 113 113 113 90 113 113 113 113 113 90 90 90 113 113 113 90 113
 113 135 113 90 113 135 90 90 113 90 90 113 90 90 135 90 90 135 135 90 90 113 90 90 90 113 113 90 90 113
 90 90 113 113 113 113 90 113 135 113 90 113 113 90 90 90 135 113 135 90 113 90 90 113 90 90 113 90 135 90
 90 113 90 135 113 113 113 113 90 113 113 90 135 90 113 113 90 113 113 90 113 90 113 113 113 113 90 113 90 90
 90 90 135 113 90 90 90 90 90 90 113 113 90 113 113 90 90 90 90 113 90 113 90 113 90 90 90 113 113 113
 4905 5505 5852 7305 1.06 1.37 
 113 113 135 113 135 90 90 113 90 113 90 113 113 113 113 113 90 113 113 113 113 113 90 90 90 113 113 113 90 113
 113 135 113 90 113 135 90 90 113 90 90 113 90 90 135 90 90 135 135 90 90 113 90 90 90 113 113 90 90 113
 90 90 113 113 113 113 90 113 135 113 90 113 113 90 90 90 135 113 135 90 113 90 90 113 90 90 113 90 135 90
 90 113 90 135 113 113 113 113 90 113 113 90 135 90 113 113 90 113 113 90 113 90 113 113 113 113 90 113 90 90
 90 90 135 113 90 90 90 90 90 90 113 113 90 113 113 90 90 90 90 113 90 113 90 113 90 90 90 113 113 113
 4929 5529 5866 7329 1.44 1.77 
 68 68 68 68 68 68 68 68 68 68 68 68 68 68 68 68 68 68 68 68 68 68 68 68 68 68 68 68 68 68
 68 68 68 68 68 68 68 68 68 68 68 68 68 68 68 68 68 68 68 68 68 68 68 68 68 68 68 68 68 68
 68 68 68 68 68 68 68 68 68 68 68 68 68 68 68 68 68 68 68 68 68 68 68 68 68 68 68 68 68 68
 68 68 68 68 68 68 68 68 68 68 68 68 68 68 68 68 68 68 68 68 68 68 68 68 68 68 68 68 68 68
 68 68 68 68 68 68 68 68 68 68 68 68 68 68 68 68 68 68 68 68 68 68 68 68 68 68 68 68 68 68
 5006 5606 5852 7406 1.24 1.43 
 113 113 135 113 135 90 90 113 90 113 90 113 113 113 113 113 90 113 113 113 113 113 90 90 90 113 113 113 90 113
 113 135 113 90 113 135 90 90 113 90 90 113 90 90 135 90 90 135 135 90 90 113 90 90 90 113 113 90 90 113
 90 90 113 113 113 113 90 113 135 113 90 113 113 90 90 90 135 113 135 90 113 90 90 113 90 90 113 90 135 90
 90 113 90 135 113 113 113 113 90 113 113 90 135 90 113 113 90 113 113 90 113 90 113 113 113 113 90 113 90 90
 90 90 135 113 90 90 90 90 90 90 113 113 90 113 113 90 90 90 90 113 90 113 90 113 90 90 90 113 113 113
 5142 5742 6057 7542 1.31 1.70 
 113 113 135 113 135 90 90 113 90 113 90 113 113 113 113 113 90 113 113 113 113 113 90 90 90 113 113 113 90 113
 113 135 113 90 113 135 90 90 113 90 90 113 90 90 135 90 90 135 135 90 90 113 90 90 90 113 113 90 90 113
 90 90 113 113 113 113 90 113 135 113 90 113 113 90 90 90 135 113 135 90 113 90 90 113 90 90 113 90 135 90
 90 113 90 135 113 113 113 113 90 113 113 90 135 90 113 113 90 113 113 90 113 90 113 113 113 113 90 113 90 90
 90 90 135 113 90 90 90 90 90 90 113 113 90 113 113 90 90 90 90 113 90 113 90 113 90 90 90 113 113 113
 5231 5831 5901 7631 1.42 1.08 
 68 68 68 68 68 68 68 68 68 68 68 68 68 68 68 68 68 68 68 68 68 68 68 68 68 68 68 68 68 68
 68 68 68 68 68 68 68 68 68 68 68 68 68 68 68 68 68 68 68 68 68 68 68 68 68 68 68 68 68 68
 68 68 68 68 68 68 68 68 68 68 68 68 68 68 68 68 68 68 68 68 68 68 68 68 68 68 68 68 68 68
 68 68 68 68 68 68 68 68 68 68 68 68 68 68 68 68 68 68 68 68 68 68 68 68 68 68 68 68 68 68
 68 68 68 68 68 68 68 68 68 68 68 68 68 68 68 68 68 68 68 68 68 68 68 68 68 68 68 68 68 68
 5572 6172 6661 7972 1.64 1.97 
 68 68 68 68 68 68 68 68 68 68 68 68 68 68 68 68 68 68 68 68 68 68 68 68 68 68 68 68 68 68
 68 68 68 68 68 68 68 68 68 68 68 68 68 68 68 68 68 68 68 68 68 68 68 68 68 68 68 68 68 68
 68 68 68 68 68 68 68 68 68 68 68 68 68 68 68 68 68 68 68 68 68 68 68 68 68 68 68 68 68 68
 68 68 68 68 68 68 68 68 68 68 68 68 68 68 68 68 68 68 68 68 68 68 68 68 68 68 68 68 68 68
 68 68 68 68 68 68 68 68 68 68 68 68 68 68 68 68 68 68 68 68 68 68 68 68 68 68 68 68 68 68
 5729 6329 6912 8129 1.50 1.14 
 113 113 135 113 135 90 90 113 90 113 90 113 113 113 113 113 90 113 113 113 113 113 90 90 90 113 113 113 90 113
 113 135 113 90 113 135 90 90 113 90 90 113 90 90 135 90 90 135 135 90 90 113 90 90 90 113 113 90 90 113
 90 90 113 113 113 113 90 113 135 113 90 113 113 90 90 90 135 113 135 90 113 90 90 113 90 90 113 90 135 90
 90 113 90 135 113 113 113 113 90 113 113 90 135 90 113 113 90 113 113 90 113 90 113 113 113 113 90 113 90 90
 90 90 135 113 90 90 90 90 90 90 113 113 90 113 113 90 90 90 90 113 90 113 90 113 90 90 90 113 113 113
 5898 6498 6602 8298 1.98 1.70 
 113 113 135 113 135 90 90 113 90 113 90 113 113 113 113 113 90 113 113 113 113 113 90 90 90 113 113 113 90 113
 113 135 113 90 113 135 90 90 113 90 90 113 90 90 135 90 90 135 135 90 90 113 90 90 90 113 113 90 90 113
 90 90 113 113 113 113 90 113 135 113 90 113 113 90 90 90 135 113 135 90 113 90 90 113 90 90 113 90 135 90
 90 113 90 135 113 113 113 113 90 113 113 90 135 90 113 113 90 113 113 90 113 90 113 113 113 113 90 113 90 90
 90 90 135 113 90 90 90 90 90 90 113 113 90 113 113 90 90 90 90 113 90 113 90 113 90 90 90 113 113 113
 5939 6539 6643 8339 1.93 1.57 
 90 90 90 68 90 68 68 68 68 90 68 68 90 90 68 68 68 68 68 68 68 68 68 68 68 68 68 90 68 68
 90 90 90 68 68 90 68 68 90 68 68 68 68 68 90 68 68 90 90 68 68 68 68 68 68 68 68 68 68 90
 68 68 90 68 68 90 68 68 90 90 68 68 68 68 68 68 90 68 90 68 90 68 68 68 68 68 90 68 90 68
 68 68 68 90 90 68 90 68 68 90 68 68 90 68 68 90 68 68 68 68 90 68 68 90 90 90 68 68 68 68
 68 68 90 68 68 68 68 68 68 68 68 90 68 90 68 68 68 68 68 90 68 68 68 68 68 68 68 68 90 90
 6058 6658 7030 8458 1.75 1.39 
 113 113 135 113 135 90 90 113 90 113 90 113 113 113 113 113 90 113 113 113 113 113 90 90 90 113 113 113 90 113
 113 135 113 90 113 135 90 90 113 90 90 113 90 90 135 90 90 135 135 90 90 113 90 90 90 113 113 90 90 113
 90 90 113 113 113 113 90 113 135 113 90 113 113 90 90 90 135 113 135 90 113 90 90 113 90 90 113 90 135 90
 90 113 90 135 113 113 113 113 90 113 113 90 135 90 113 113 90 113 113 90 113 90 113 113 113 113 90 113 90 90
 90 90 135 113 90 90 90 90 90 90 113 113 90 113 113 90 90 90 90 113 90 113 90 113 90 90 90 113 113 113
 6212 6812 7032 8612 1.95 1.71 
 113 113 135 113 135 90 90 113 90 113 90 113 113 113 113 113 90 113 113 113 113 113 90 90 90 113 113 113 90 113
 113 135 113 90 113 135 90 90 113 90 90 113 90 90 135 90 90 135 135 90 90 113 90 90 90 113 113 90 90 113
 90 90 113 113 113 113 90 113 135 113 90 113 113 90 90 90 135 113 135 90 113 90 90 113 90 90 113 90 135 90
 90 113 90 135 113 113 113 113 90 113 113 90 135 90 113 113 90 113 113 90 113 90 113 113 113 113 90 113 90 90
 90 90 135 113 90 90 90 90 90 90 113 113 90 113 113 90 90 90 90 113 90 113 90 113 90 90 90 113 113 113
 6372 6972 7267 8772 1.02 1.67 
 113 113 135 113 135 90 90 113 90 113 90 113 113 113 113 113 90 113 113 113 113 113 90 90 90 113 113 113 90 113
 113 135 113 90 113 135 90 90 113 90 90 113 90 90 135 90 90 135 135 90 90 113 90 90 90 113 113 90 90 113
 90 90 113 113 113 113 90 113 135 113 90 113 113 90 90 90 135 113 135 90 113 90 90 113 90 90 113 90 135 90
 90 113 90 135 113 113 113 113 90 113 113 90 135 90 113 113 90 113 113 90 113 90 113 113 113 113 90 113 90 90
 90 90 135 113 90 90 90 90 90 90 113 113 90 113 113 90 90 90 90 113 90 113 90 113 90 90 90 113 113 113
 6472 7072 7386 8872 1.04 1.05 
 90 90 90 68 90 68 68 68 68 90 68 68 90 90 68 68 68 68 68 68 68 68 68 68 68 68 68 90 68 68
 90 90 90 68 68 90 68 68 90 68 68 68 68 68 90 68 68 90 90 68 68 68 68 68 68 68 68 68 68 90
 68 68 90 68 68 90 68 68 90 90 68 68 68 68 68 68 90 68 90 68 90 68 68 68 68 68 90 68 90 68
 68 68 68 90 90 68 90 68 68 90 68 68 90 68 68 90 68 68 68 68 90 68 68 90 90 90 68 68 68 68
 68 68 90 68 68 68 68 68 68 68 68 90 68 90 68 68 68 68 68 90 68 68 68 68 68 68 68 68 90 90
 6608 7208 7542 9008 1.82 1.38 
 90 90 90 68 90 68 68 68 68 90 68 68 90 90 68 68 68 68 68 68 68 68 68 68 68 68 68 90 68 68
 90 90 90 68 68 90 68 68 90 68 68 68 68 68 90 68 68 90 90 68 68 68 68 68 68 68 68 68 68 90
 68 68 90 68 68 90 68 68 90 90 68 68 68 68 68 68 90 68 90 68 90 68 68 68 68 68 90 68 90 68
 68 68 68 90 90 68 90 68 68 90 68 68 90 68 68 90 68 68 68 68 90 68 68 90 90 90 68 68 68 68
 68 68 90 68 68 68 68 68 68 68 68 90 68 90 68 68 68 68 68 90 68 68 68 68 68 68 68 68 90 90
 6940 7540 8059 9340 1.26 1.12 
 113 113 135 113 135 90 90 113 90 113 90 113 113 113 113 113 90 113 113 113 113 113 90 90 90 113 113 113 90 113
 113 135 113 90 113 135 90 90 113 90 90 113 90 90 135 90 90 135 135 90 90 113 90 90 90 113 113 90 90 113
 90 90 113 113 113 113 90 113 135 113 90 113 113 90 90 90 135 113 135 90 113 90 90 113 90 90 113 90 135 90
 90 113 90 135 113 113 113 113 90 113 113 90 135 90 113 113 90 113 113 90 113 90 113 113 113 113 90 113 90 90
 90 90 135 113 90 90 90 90 90 90 113 113 90 113 113 90 90 90 90 113 90 113 90 113 90 90 90 113 113 113
 7057 7657 7839 9457 1.98 1.22 
 113 113 135 113 135 90 90 113 90 113 90 113 113 113 113 113 90 113 113 113 113 113 90 90 90 113 113 113 90 113
 113 135 113 90 113 135 90 90 113 90 90 113 90 90 135 90 90 135 135 90 90 113 90 90 90 113 113 90 90 113
 90 90 113 113 113 113 90 113 135 113 90 113 113 90 90 90 135 113 135 90 113 90 90 113 90 90 113 90 135 90
 90 113 90 135 113 113 113 113 90 113 113 90 135 90 113 113 90 113 113 90 113 90 113 113 113 113 90 113 90 90
 90 90 135 113 90 90 90 90 90 90 113 113 90 113 113 90 90 90 90 113 90 113 90 113 90 90 90 113 113 113
 7059 7659 8070 9459 1.71 1.35 
 68 68 68 68 68 68 68 68 68 68 68 68 68 68 68 68 68 68 68 68 68 68 68 68 68 68 68 68 68 68
 68 68 68 68 68 68 68 68 68 68 68 68 68 68 68 68 68 68 68 68 68 68 68 68 68 68 68 68 68 68
 68 68 68 68 68 68 68 68 68 68 68 68 68 68 68 68 68 68 68 68 68 68 68 68 68 68 68 68 68 68
 68 68 68 68 68 68 68 68 68 68 68 68 68 68 68 68 68 68 68 68 68 68 68 68 68 68 68 68 68 68
 68 68 68 68 68 68 68 68 68 68 68 68 68 68 68 68 68 68 68 68 68 68 68 68 68 68 68 68 68 68
 7113 7713 8162 9513 1.77 1.32 
 113 113 135 113 135 90 90 113 90 113 90 113 113 113 113 113 90 113 113 113 113 113 90 90 90 113 113 113 90 113
 113 135 113 90 113 135 90 90 113 90 90 113 90 90 135 90 90 135 135 90 90 113 90 90 90 113 113 90 90 113
 90 90 113 113 113 113 90 113 135 113 90 113 113 90 90 90 135 113 135 90 113 90 90 113 90 90 113 90 135 90
 90 113 90 135 113 113 113 113 90 113 113 90 135 90 113 113 90 113 113 90 113 90 113 113 113 113 90 113 90 90
 90 90 135 113 90 90 90 90 90 90 113 113 90 113 113 90 90 90 90 113 90 113 90 113 90 90 90 113 113 113
 7135 7735 8317 9535 1.82 1.97 
 113 113 135 113 135 90 90 113 90 113 90 113 113 113 113 113 90 113 113 113 113 113 90 90 90 113 113 113 90 113
 113 135 113 90 113 135 90 90 113 90 90 113 90 90 135 90 90 135 135 90 90 113 90 90 90 113 113 90 90 113
 90 90 113 113 113 113 90 113 135 113 90 113 113 90 90 90 135 113 135 90 113 90 90 113 90 90 113 90 135 90
 90 113 90 135 113 113 113 113 90 113 113 90 135 90 113 113 90 113 113 90 113 90 113 113 113 113 90 113 90 90
 90 90 135 113 90 90 90 90 90 90 113 113 90 113 113 90 90 90 90 113 90 113 90 113 90 90 90 113 113 113
 7216 7816 7970 9616 1.74 1.69 
 68 68 68 68 68 68 68 68 68 68 68 68 68 68 68 68 68 68 68 68 68 68 68 68 68 68 68 68 68 68
 68 68 68 68 68 68 68 68 68 68 68 68 68 68 68 68 68 68 68 68 68 68 68 68 68 68 68 68 68 68
 68 68 68 68 68 68 68 68 68 68 68 68 68 68 68 68 68 68 68 68 68 68 68 68 68 68 68 68 68 68
 68 68 68 68 68 68 68 68 68 68 68 68 68 68 68 68 68 68 68 68 68 68 68 68 68 68 68 68 68 68
 68 68 68 68 68 68 68 68 68 68 68 68 68 68 68 68 68 68 68 68 68 68 68 68 68 68 68 68 68 68
 7223 7823 7907 9623 1.48 1.01 
 90 90 90 68 90 68 68 68 68 90 68 68 90 90 68 68 68 68 68 68 68 68 68 68 68 68 68 90 68 68
 90 90 90 68 68 90 68 68 90 68 68 68 68 68 90 68 68 90 90 68 68 68 68 68 68 68 68 68 68 90
 68 68 90 68 68 90 68 68 90 90 68 68 68 68 68 68 90 68 90 68 90 68 68 68 68 68 90 68 90 68
 68 68 68 90 90 68 90 68 68 90 68 68 90 68 68 90 68 68 68 68 90 68 68 90 90 90 68 68 68 68
 68 68 90 68 68 68 68 68 68 68 68 90 68 90 68 68 68 68 68 90 68 68 68 68 68 68 68 68 90 90
 7230 7830 8348 9630 1.14 1.37 
 90 90 90 68 90 68 68 68 68 90 68 68 90 90 68 68 68 68 68 68 68 68 68 68 68 68 68 90 68 68
 90 90 90 68 68 90 68 68 90 68 68 68 68 68 90 68 68 90 90 68 68 68 68 68 68 68 68 68 68 90
 68 68 90 68 68 90 68 68 90 90 68 68 68 68 68 68 90 68 90 68 90 68 68 68 68 68 90 68 90 68
 68 68 68 90 90 68 90 68 68 90 68 68 90 68 68 90 68 68 68 68 90 68 68 90 90 90 68 68 68 68
 68 68 90 68 68 68 68 68 68 68 68 90 68 90 68 68 68 68 68 90 68 68 68 68 68 68 68 68 90 90
 7283 7883 8039 9683 1.18 1.07 
 68 68 68 68 68 68 68 68 68 68 68 68 68 68 68 68 68 68 68 68 68 68 68 68 68 68 68 68 68 68
 68 68 68 68 68 68 68 68 68 68 68 68 68 68 68 68 68 68 68 68 68 68 68 68 68 68 68 68 68 68
 68 68 68 68 68 68 68 68 68 68 68 68 68 68 68 68 68 68 68 68 68 68 68 68 68 68 68 68 68 68
 68 68 68 68 68 68 68 68 68 68 68 68 68 68 68 68 68 68 68 68 68 68 68 68 68 68 68 68 68 68
 68 68 68 68 68 68 68 68 68 68 68 68 68 68 68 68 68 68 68 68 68 68 68 68 68 68 68 68 68 68
 7341 7941 8541 9741 1.39 1.87 
 113 113 135 113 135 90 90 113 90 113 90 113 113 113 113 113 90 113 113 113 113 113 90 90 90 113 113 113 90 113
 113 135 113 90 113 135 90 90 113 90 90 113 90 90 135 90 90 135 135 90 90 113 90 90 90 113 113 90 90 113
 90 90 113 113 113 113 90 113 135 113 90 113 113 90 90 90 135 113 135 90 113 90 90 113 90 90 113 90 135 90
 90 113 90 135 113 113 113 113 90 113 113 90 135 90 113 113 90 113 113 90 113 90 113 113 113 113 90 113 90 90
 90 90 135 113 90 90 90 90 90 90 113 113 90 113 113 90 90 90 90 113 90 113 90 113 90 90 90 113 113 113
 7433 8033 8101 9833 1.46 1.30 
 90 90 90 68 90 68 68 68 68 90 68 68 90 90 68 68 68 68 68 68 68 68 68 68 68 68 68 90 68 68
 90 90 90 68 68 90 68 68 90 68 68 68 68 68 90 68 68 90 90 68 68 68 68 68 68 68 68 68 68 90
 68 68 90 68 68 90 68 68 90 90 68 68 68 68 68 68 90 68 90 68 90 68 68 68 68 68 90 68 90 68
 68 68 68 90 90 68 90 68 68 90 68 68 90 68 68 90 68 68 68 68 90 68 68 90 90 90 68 68 68 68
 68 68 90 68 68 68 68 68 68 68 68 90 68 90 68 68 68 68 68 90 68 68 68 68 68 68 68 68 90 90
 7472 8072 8437 9872 1.98 1.78 
 68 68 68 68 68 68 68 68 68 68 68 68 68 68 68 68 68 68 68 68 68 68 68 68 68 68 68 68 68 68
 68 68 68 68 68 68 68 68 68 68 68 68 68 68 68 68 68 68 68 68 68 68 68 68 68 68 68 68 68 68
 68 68 68 68 68 68 68 68 68 68 68 68 68 68 68 68 68 68 68 68 68 68 68 68 68 68 68 68 68 68
 68 68 68 68 68 68 68 68 68 68 68 68 68 68 68 68 68 68 68 68 68 68 68 68 68 68 68 68 68 68
 68 68 68 68 68 68 68 68 68 68 68 68 68 68 68 68 68 68 68 68 68 68 68 68 68 68 68 68 68 68
 7548 8148 8406 9948 1.46 1.54 
 68 68 68 68 68 68 68 68 68 68 68 68 68 68 68 68 68 68 68 68 68 68 68 68 68 68 68 68 68 68
 68 68 68 68 68 68 68 68 68 68 68 68 68 68 68 68 68 68 68 68 68 68 68 68 68 68 68 68 68 68
 68 68 68 68 68 68 68 68 68 68 68 68 68 68 68 68 68 68 68 68 68 68 68 68 68 68 68 68 68 68
 68 68 68 68 68 68 68 68 68 68 68 68 68 68 68 68 68 68 68 68 68 68 68 68 68 68 68 68 68 68
 68 68 68 68 68 68 68 68 68 68 68 68 68 68 68 68 68 68 68 68 68 68 68 68 68 68 68 68 68 68
 7669 8269 8733 10069 1.98 1.12 
 113 113 135 113 135 90 90 113 90 113 90 113 113 113 113 113 90 113 113 113 113 113 90 90 90 113 113 113 90 113
 113 135 113 90 113 135 90 90 113 90 90 113 90 90 135 90 90 135 135 90 90 113 90 90 90 113 113 90 90 113
 90 90 113 113 113 113 90 113 135 113 90 113 113 90 90 90 135 113 135 90 113 90 90 113 90 90 113 90 135 90
 90 113 90 135 113 113 113 113 90 113 113 90 135 90 113 113 90 113 113 90 113 90 113 113 113 113 90 113 90 90
 90 90 135 113 90 90 90 90 90 90 113 113 90 113 113 90 90 90 90 113 90 113 90 113 90 90 90 113 113 113
 7765 8365 8452 10165 1.18 2.00 
 90 90 90 68 90 68 68 68 68 90 68 68 90 90 68 68 68 68 68 68 68 68 68 68 68 68 68 90 68 68
 90 90 90 68 68 90 68 68 90 68 68 68 68 68 90 68 68 90 90 68 68 68 68 68 68 68 68 68 68 90
 68 68 90 68 68 90 68 68 90 90 68 68 68 68 68 68 90 68 90 68 90 68 68 68 68 68 90 68 90 68
 68 68 68 90 90 68 90 68 68 90 68 68 90 68 68 90 68 68 68 68 90 68 68 90 90 90 68 68 68 68
 68 68 90 68 68 68 68 68 68 68 68 90 68 90 68 68 68 68 68 90 68 68 68 68 68 68 68 68 90 90
 7803 8403 8551 10203 1.84 1.09 
 90 90 90 68 90 68 68 68 68 90 68 68 90 90 68 68 68 68 68 68 68 68 68 68 68 68 68 90 68 68
 90 90 90 68 68 90 68 68 90 68 68 68 68 68 90 68 68 90 90 68 68 68 68 68 68 68 68 68 68 90
 68 68 90 68 68 90 68 68 90 90 68 68 68 68 68 68 90 68 90 68 90 68 68 68 68 68 90 68 90 68
 68 68 68 90 90 68 90 68 68 90 68 68 90 68 68 90 68 68 68 68 90 68 68 90 90 90 68 68 68 68
 68 68 90 68 68 68 68 68 68 68 68 90 68 90 68 68 68 68 68 90 68 68 68 68 68 68 68 68 90 90
 7886 8486 8955 10286 1.45 1.84 
 113 113 135 113 135 90 90 113 90 113 90 113 113 113 113 113 90 113 113 113 113 113 90 90 90 113 113 113 90 113
 113 135 113 90 113 135 90 90 113 90 90 113 90 90 135 90 90 135 135 90 90 113 90 90 90 113 113 90 90 113
 90 90 113 113 113 113 90 113 135 113 90 113 113 90 90 90 135 113 135 90 113 90 90 113 90 90 113 90 135 90
 90 113 90 135 113 113 113 113 90 113 113 90 135 90 113 113 90 113 113 90 113 90 113 113 113 113 90 113 90 90
 90 90 135 113 90 90 90 90 90 90 113 113 90 113 113 90 90 90 90 113 90 113 90 113 90 90 90 113 113 113
 7934 8534 9089 10334 1.15 1.60 
 113 113 135 113 135 90 90 113 90 113 90 113 113 113 113 113 90 113 113 113 113 113 90 90 90 113 113 113 90 113
 113 135 113 90 113 135 90 90 113 90 90 113 90 90 135 90 90 135 135 90 90 113 90 90 90 113 113 90 90 113
 90 90 113 113 113 113 90 113 135 113 90 113 113 90 90 90 135 113 135 90 113 90 90 113 90 90 113 90 135 90
 90 113 90 135 113 113 113 113 90 113 113 90 135 90 113 113 90 113 113 90 113 90 113 113 113 113 90 113 90 90
 90 90 135 113 90 90 90 90 90 90 113 113 90 113 113 90 90 90 90 113 90 113 90 113 90 90 90 113 113 113
 7976 8576 8939 10376 1.87 1.82 
 113 113 135 113 135 90 90 113 90 113 90 113 113 113 113 113 90 113 113 113 113 113 90 90 90 113 113 113 90 113
 113 135 113 90 113 135 90 90 113 90 90 113 90 90 135 90 90 135 135 90 90 113 90 90 90 113 113 90 90 113
 90 90 113 113 113 113 90 113 135 113 90 113 113 90 90 90 135 113 135 90 113 90 90 113 90 90 113 90 135 90
 90 113 90 135 113 113 113 113 90 113 113 90 135 90 113 113 90 113 113 90 113 90 113 113 113 113 90 113 90 90
 90 90 135 113 90 90 90 90 90 90 113 113 90 113 113 90 90 90 90 113 90 113 90 113 90 90 90 113 113 113
 8030 8630 9169 10430 1.65 1.71 
 68 68 68 68 68 68 68 68 68 68 68 68 68 68 68 68 68 68 68 68 68 68 68 68 68 68 68 68 68 68
 68 68 68 68 68 68 68 68 68 68 68 68 68 68 68 68 68 68 68 68 68 68 68 68 68 68 68 68 68 68
 68 68 68 68 68 68 68 68 68 68 68 68 68 68 68 68 68 68 68 68 68 68 68 68 68 68 68 68 68 68
 68 68 68 68 68 68 68 68 68 68 68 68 68 68 68 68 68 68 68 68 68 68 68 68 68 68 68 68 68 68
 68 68 68 68 68 68 68 68 68 68 68 68 68 68 68 68 68 68 68 68 68 68 68 68 68 68 68 68 68 68
 8092 8692 8803 10492 1.95 1.93 
 90 90 90 68 90 68 68 68 68 90 68 68 90 90 68 68 68 68 68 68 68 68 68 68 68 68 68 90 68 68
 90 90 90 68 68 90 68 68 90 68 68 68 68 68 90 68 68 90 90 68 68 68 68 68 68 68 68 68 68 90
 68 68 90 68 68 90 68 68 90 90 68 68 68 68 68 68 90 68 90 68 90 68 68 68 68 68 90 68 90 68
 68 68 68 90 90 68 90 68 68 90 68 68 90 68 68 90 68 68 68 68 90 68 68 90 90 90 68 68 68 68
 68 68 90 68 68 68 68 68 68 68 68 90 68 90 68 68 68 68 68 90 68 68 68 68 68 68 68 68 90 90
 8180 8780 8891 10580 1.38 1.88 
 68 68 68 68 68 68 68 68 68 68 68 68 68 68 68 68 68 68 68 68 68 68 68 68 68 68 68 68 68 68
 68 68 68 68 68 68 68 68 68 68 68 68 68 68 68 68 68 68 68 68 68 68 68 68 68 68 68 68 68 68
 68 68 68 68 68 68 68 68 68 68 68 68 68 68 68 68 68 68 68 68 68 68 68 68 68 68 68 68 68 68
 68 68 68 68 68 68 68 68 68 68 68 68 68 68 68 68 68 68 68 68 68 68 68 68 68 68 68 68 68 68
 68 68 68 68 68 68 68 68 68 68 68 68 68 68 68 68 68 68 68 68 68 68 68 68 68 68 68 68 68 68
 8311 8911 9231 10711 1.07 1.09 
 113 113 135 113 135 90 90 113 90 113 90 113 113 113 113 113 90 113 113 113 113 113 90 90 90 113 113 113 90 113
 113 135 113 90 113 135 90 90 113 90 90 113 90 90 135 90 90 135 135 90 90 113 90 90 90 113 113 90 90 113
 90 90 113 113 113 113 90 113 135 113 90 113 113 90 90 90 135 113 135 90 113 90 90 113 90 90 113 90 135 90
 90 113 90 135 113 113 113 113 90 113 113 90 135 90 113 113 90 113 113 90 113 90 113 113 113 113 90 113 90 90
 90 90 135 113 90 90 90 90 90 90 113 113 90 113 113 90 90 90 90 113 90 113 90 113 90 90 90 113 113 113
 8390 8990 9271 10790 1.40 1.99 
 68 68 68 68 68 68 68 68 68 68 68 68 68 68 68 68 68 68 68 68 68 68 68 68 68 68 68 68 68 68
 68 68 68 68 68 68 68 68 68 68 68 68 68 68 68 68 68 68 68 68 68 68 68 68 68 68 68 68 68 68
 68 68 68 68 68 68 68 68 68 68 68 68 68 68 68 68 68 68 68 68 68 68 68 68 68 68 68 68 68 68
 68 68 68 68 68 68 68 68 68 68 68 68 68 68 68 68 68 68 68 68 68 68 68 68 68 68 68 68 68 68
 68 68 68 68 68 68 68 68 68 68 68 68 68 68 68 68 68 68 68 68 68 68 68 68 68 68 68 68 68 68
 8404 9004 9362 10804 1.54 1.71 
 113 113 135 113 135 90 90 113 90 113 90 113 113 113 113 113 90 113 113 113 113 113 90 90 90 113 113 113 90 113
 113 135 113 90 113 135 90 90 113 90 90 113 90 90 135 90 90 135 135 90 90 113 90 90 90 113 113 90 90 113
 90 90 113 113 113 113 90 113 135 113 90 113 113 90 90 90 135 113 135 90 113 90 90 113 90 90 113 90 135 90
 90 113 90 135 113 113 113 113 90 113 113 90 135 90 113 113 90 113 113 90 113 90 113 113 113 113 90 113 90 90
 90 90 135 113 90 90 90 90 90 90 113 113 90 113 113 90 90 90 90 113 90 113 90 113 90 90 90 113 113 113
 8705 9305 9722 11105 1.45 1.82 
 113 113 135 113 135 90 90 113 90 113 90 113 113 113 113 113 90 113 113 113 113 113 90 90 90 113 113 113 90 113
 113 135 113 90 113 135 90 90 113 90 90 113 90 90 135 90 90 135 135 90 90 113 90 90 90 113 113 90 90 113
 90 90 113 113 113 113 90 113 135 113 90 113 113 90 90 90 135 113 135 90 113 90 90 113 90 90 113 90 135 90
 90 113 90 135 113 113 113 113 90 113 113 90 135 90 113 113 90 113 113 90 113 90 113 113 113 113 90 113 90 90
 90 90 135 113 90 90 90 90 90 90 113 113 90 113 113 90 90 90 90 113 90 113 90 113 90 90 90 113 113 113
 9305 9905 9997 11705 1.39 1.72 
 90 90 90 68 90 68 68 68 68 90 68 68 90 90 68 68 68 68 68 68 68 68 68 68 68 68 68 90 68 68
 90 90 90 68 68 90 68 68 90 68 68 68 68 68 90 68 68 90 90 68 68 68 68 68 68 68 68 68 68 90
 68 68 90 68 68 90 68 68 90 90 68 68 68 68 68 68 90 68 90 68 90 68 68 68 68 68 90 68 90 68
 68 68 68 90 90 68 90 68 68 90 68 68 90 68 68 90 68 68 68 68 90 68 68 90 90 90 68 68 68 68
 68 68 90 68 68 68 68 68 68 68 68 90 68 90 68 68 68 68 68 90 68 68 68 68 68 68 68 68 90 90
 9375 9975 10252 11775 1.46 1.53 
 113 113 135 113 135 90 90 113 90 113 90 113 113 113 113 113 90 113 113 113 113 113 90 90 90 113 113 113 90 113
 113 135 113 90 113 135 90 90 113 90 90 113 90 90 135 90 90 135 135 90 90 113 90 90 90 113 113 90 90 113
 90 90 113 113 113 113 90 113 135 113 90 113 113 90 90 90 135 113 135 90 113 90 90 113 90 90 113 90 135 90
 90 113 90 135 113 113 113 113 90 113 113 90 135 90 113 113 90 113 113 90 113 90 113 113 113 113 90 113 90 90
 90 90 135 113 90 90 90 90 90 90 113 113 90 113 113 90 90 90 90 113 90 113 90 113 90 90 90 113 113 113
 10188 10788 10995 12588 1.69 1.93 
 113 113 135 113 135 90 90 113 90 113 90 113 113 113 113 113 90 113 113 113 113 113 90 90 90 113 113 113 90 113
 113 135 113 90 113 135 90 90 113 90 90 113 90 90 135 90 90 135 135 90 90 113 90 90 90 113 113 90 90 113
 90 90 113 113 113 113 90 113 135 113 90 113 113 90 90 90 135 113 135 90 113 90 90 113 90 90 113 90 135 90
 90 113 90 135 113 113 113 113 90 113 113 90 135 90 113 113 90 113 113 90 113 90 113 113 113 113 90 113 90 90
 90 90 135 113 90 90 90 90 90 90 113 113 90 113 113 90 90 90 90 113 90 113 90 113 90 90 90 113 113 113
 10204 10804 11104 12604 1.28 1.43 
 68 68 68 68 68 68 68 68 68 68 68 68 68 68 68 68 68 68 68 68 68 68 68 68 68 68 68 68 68 68
 68 68 68 68 68 68 68 68 68 68 68 68 68 68 68 68 68 68 68 68 68 68 68 68 68 68 68 68 68 68
 68 68 68 68 68 68 68 68 68 68 68 68 68 68 68 68 68 68 68 68 68 68 68 68 68 68 68 68 68 68
 68 68 68 68 68 68 68 68 68 68 68 68 68 68 68 68 68 68 68 68 68 68 68 68 68 68 68 68 68 68
 68 68 68 68 68 68 68 68 68 68 68 68 68 68 68 68 68 68 68 68 68 68 68 68 68 68 68 68 68 68
 10529 11129 11513 12929 1.33 1.87 
 113 113 135 113 135 90 90 113 90 113 90 113 113 113 113 113 90 113 113 113 113 113 90 90 90 113 113 113 90 113
 113 135 113 90 113 135 90 90 113 90 90 113 90 90 135 90 90 135 135 90 90 113 90 90 90 113 113 90 90 113
 90 90 113 113 113 113 90 113 135 113 90 113 113 90 90 90 135 113 135 90 113 90 90 113 90 90 113 90 135 90
 90 113 90 135 113 113 113 113 90 113 113 90 135 90 113 113 90 113 113 90 113 90 113 113 113 113 90 113 90 90
 90 90 135 113 90 90 90 90 90 90 113 113 90 113 113 90 90 90 90 113 90 113 90 113 90 90 90 113 113 113
 10529 11129 11523 12929 1.01 1.49 
 68 68 68 68 68 68 68 68 68 68 68 68 68 68 68 68 68 68 68 68 68 68 68 68 68 68 68 68 68 68
 68 68 68 68 68 68 68 68 68 68 68 68 68 68 68 68 68 68 68 68 68 68 68 68 68 68 68 68 68 68
 68 68 68 68 68 68 68 68 68 68 68 68 68 68 68 68 68 68 68 68 68 68 68 68 68 68 68 68 68 68
 68 68 68 68 68 68 68 68 68 68 68 68 68 68 68 68 68 68 68 68 68 68 68 68 68 68 68 68 68 68
 68 68 68 68 68 68 68 68 68 68 68 68 68 68 68 68 68 68 68 68 68 68 68 68 68 68 68 68 68 68
 10827 11427 12019 13227 1.89 1.94 
 113 113 135 113 135 90 90 113 90 113 90 113 113 113 113 113 90 113 113 113 113 113 90 90 90 113 113 113 90 113
 113 135 113 90 113 135 90 90 113 90 90 113 90 90 135 90 90 135 135 90 90 113 90 90 90 113 113 90 90 113
 90 90 113 113 113 113 90 113 135 113 90 113 113 90 90 90 135 113 135 90 113 90 90 113 90 90 113 90 135 90
 90 113 90 135 113 113 113 113 90 113 113 90 135 90 113 113 90 113 113 90 113 90 113 113 113 113 90 113 90 90
 90 90 135 113 90 90 90 90 90 90 113 113 90 113 113 90 90 90 90 113 90 113 90 113 90 90 90 113 113 113
 10957 11557 12133 13357 1.39 1.22 
 113 113 135 113 135 90 90 113 90 113 90 113 113 113 113 113 90 113 113 113 113 113 90 90 90 113 113 113 90 113
 113 135 113 90 113 135 90 90 113 90 90 113 90 90 135 90 90 135 135 90 90 113 90 90 90 113 113 90 90 113
 90 90 113 113 113 113 90 113 135 113 90 113 113 90 90 90 135 113 135 90 113 90 90 113 90 90 113 90 135 90
 90 113 90 135 113 113 113 113 90 113 113 90 135 90 113 113 90 113 113 90 113 90 113 113 113 113 90 113 90 90
 90 90 135 113 90 90 90 90 90 90 113 113 90 113 113 90 90 90 90 113 90 113 90 113 90 90 90 113 113 113
 11303 11903 12432 13703 1.74 1.89 
 90 90 90 68 90 68 68 68 68 90 68 68 90 90 68 68 68 68 68 68 68 68 68 68 68 68 68 90 68 68
 90 90 90 68 68 90 68 68 90 68 68 68 68 68 90 68 68 90 90 68 68 68 68 68 68 68 68 68 68 90
 68 68 90 68 68 90 68 68 90 90 68 68 68 68 68 68 90 68 90 68 90 68 68 68 68 68 90 68 90 68
 68 68 68 90 90 68 90 68 68 90 68 68 90 68 68 90 68 68 68 68 90 68 68 90 90 90 68 68 68 68
 68 68 90 68 68 68 68 68 68 68 68 90 68 90 68 68 68 68 68 90 68 68 68 68 68 68 68 68 90 90
 11411 12011 12515 13811 1.32 1.87 
 113 113 135 113 135 90 90 113 90 113 90 113 113 113 113 113 90 113 113 113 113 113 90 90 90 113 113 113 90 113
 113 135 113 90 113 135 90 90 113 90 90 113 90 90 135 90 90 135 135 90 90 113 90 90 90 113 113 90 90 113
 90 90 113 113 113 113 90 113 135 113 90 113 113 90 90 90 135 113 135 90 113 90 90 113 90 90 113 90 135 90
 90 113 90 135 113 113 113 113 90 113 113 90 135 90 113 113 90 113 113 90 113 90 113 113 113 113 90 113 90 90
 90 90 135 113 90 90 90 90 90 90 113 113 90 113 113 90 90 90 90 113 90 113 90 113 90 90 90 113 113 113
 11623 12223 12599 14023 1.43 1.64 
 68 68 68 68 68 68 68 68 68 68 68 68 68 68 68 68 68 68 68 68 68 68 68 68 68 68 68 68 68 68
 68 68 68 68 68 68 68 68 68 68 68 68 68 68 68 68 68 68 68 68 68 68 68 68 68 68 68 68 68 68
 68 68 68 68 68 68 68 68 68 68 68 68 68 68 68 68 68 68 68 68 68 68 68 68 68 68 68 68 68 68
 68 68 68 68 68 68 68 68 68 68 68 68 68 68 68 68 68 68 68 68 68 68 68 68 68 68 68 68 68 68
 68 68 68 68 68 68 68 68 68 68 68 68 68 68 68 68 68 68 68 68 68 68 68 68 68 68 68 68 68 68
 11782 12382 12469 14182 1.21 1.99 
 68 68 68 68 68 68 68 68 68 68 68 68 68 68 68 68 68 68 68 68 68 68 68 68 68 68 68 68 68 68
 68 68 68 68 68 68 68 68 68 68 68 68 68 68 68 68 68 68 68 68 68 68 68 68 68 68 68 68 68 68
 68 68 68 68 68 68 68 68 68 68 68 68 68 68 68 68 68 68 68 68 68 68 68 68 68 68 68 68 68 68
 68 68 68 68 68 68 68 68 68 68 68 68 68 68 68 68 68 68 68 68 68 68 68 68 68 68 68 68 68 68
 68 68 68 68 68 68 68 68 68 68 68 68 68 68 68 68 68 68 68 68 68 68 68 68 68 68 68 68 68 68
 12064 12664 12909 14464 1.85 1.03 
 90 90 90 68 90 68 68 68 68 90 68 68 90 90 68 68 68 68 68 68 68 68 68 68 68 68 68 90 68 68
 90 90 90 68 68 90 68 68 90 68 68 68 68 68 90 68 68 90 90 68 68 68 68 68 68 68 68 68 68 90
 68 68 90 68 68 90 68 68 90 90 68 68 68 68 68 68 90 68 90 68 90 68 68 68 68 68 90 68 90 68
 68 68 68 90 90 68 90 68 68 90 68 68 90 68 68 90 68 68 68 68 90 68 68 90 90 90 68 68 68 68
 68 68 90 68 68 68 68 68 68 68 68 90 68 90 68 68 68 68 68 90 68 68 68 68 68 68 68 68 90 90
 12352 12952 13309 14752 1.63 1.64 
 68 68 68 68 68 68 68 68 68 68 68 68 68 68 68 68 68 68 68 68 68 68 68 68 68 68 68 68 68 68
 68 68 68 68 68 68 68 68 68 68 68 68 68 68 68 68 68 68 68 68 68 68 68 68 68 68 68 68 68 68
 68 68 68 68 68 68 68 68 68 68 68 68 68 68 68 68 68 68 68 68 68 68 68 68 68 68 68 68 68 68
 68 68 68 68 68 68 68 68 68 68 68 68 68 68 68 68 68 68 68 68 68 68 68 68 68 68 68 68 68 68
 68 68 68 68 68 68 68 68 68 68 68 68 68 68 68 68 68 68 68 68 68 68 68 68 68 68 68 68 68 68
 12369 12969 13203 14769 1.71 1.70 
 90 90 90 68 90 68 68 68 68 90 68 68 90 90 68 68 68 68 68 68 68 68 68 68 68 68 68 90 68 68
 90 90 90 68 68 90 68 68 90 68 68 68 68 68 90 68 68 90 90 68 68 68 68 68 68 68 68 68 68 90
 68 68 90 68 68 90 68 68 90 90 68 68 68 68 68 68 90 68 90 68 90 68 68 68 68 68 90 68 90 68
 68 68 68 90 90 68 90 68 68 90 68 68 90 68 68 90 68 68 68 68 90 68 68 90 90 90 68 68 68 68
 68 68 90 68 68 68 68 68 68 68 68 90 68 90 68 68 68 68 68 90 68 68 68 68 68 68 68 68 90 90
 12509 13109 13483 14909 1.95 1.22 
 113 113 135 113 135 90 90 113 90 113 90 113 113 113 113 113 90 113 113 113 113 113 90 90 90 113 113 113 90 113
 113 135 113 90 113 135 90 90 113 90 90 113 90 90 135 90 90 135 135 90 90 113 90 90 90 113 113 90 90 113
 90 90 113 113 113 113 90 113 135 113 90 113 113 90 90 90 135 113 135 90 113 90 90 113 90 90 113 90 135 90
 90 113 90 135 113 113 113 113 90 113 113 90 135 90 113 113 90 113 113 90 113 90 113 113 113 113 90 113 90 90
 90 90 135 113 90 90 90 90 90 90 113 113 90 113 113 90 90 90 90 113 90 113 90 113 90 90 90 113 113 113
 12577 13177 13617 14977 1.53 1.07 
 68 68 68 68 68 68 68 68 68 68 68 68 68 68 68 68 68 68 68 68 68 68 68 68 68 68 68 68 68 68
 68 68 68 68 68 68 68 68 68 68 68 68 68 68 68 68 68 68 68 68 68 68 68 68 68 68 68 68 68 68
 68 68 68 68 68 68 68 68 68 68 68 68 68 68 68 68 68 68 68 68 68 68 68 68 68 68 68 68 68 68
 68 68 68 68 68 68 68 68 68 68 68 68 68 68 68 68 68 68 68 68 68 68 68 68 68 68 68 68 68 68
 68 68 68 68 68 68 68 68 68 68 68 68 68 68 68 68 68 68 68 68 68 68 68 68 68 68 68 68 68 68
 12596 13196 13547 14996 1.57 1.96 
 90 90 90 68 90 68 68 68 68 90 68 68 90 90 68 68 68 68 68 68 68 68 68 68 68 68 68 90 68 68
 90 90 90 68 68 90 68 68 90 68 68 68 68 68 90 68 68 90 90 68 68 68 68 68 68 68 68 68 68 90
 68 68 90 68 68 90 68 68 90 90 68 68 68 68 68 68 90 68 90 68 90 68 68 68 68 68 90 68 90 68
 68 68 68 90 90 68 90 68 68 90 68 68 90 68 68 90 68 68 68 68 90 68 68 90 90 90 68 68 68 68
 68 68 90 68 68 68 68 68 68 68 68 90 68 90 68 68 68 68 68 90 68 68 68 68 68 68 68 68 90 90
 12608 13208 13611 15008 1.05 1.09 
 113 113 135 113 135 90 90 113 90 113 90 113 113 113 113 113 90 113 113 113 113 113 90 90 90 113 113 113 90 113
 113 135 113 90 113 135 90 90 113 90 90 113 90 90 135 90 90 135 135 90 90 113 90 90 90 113 113 90 90 113
 90 90 113 113 113 113 90 113 135 113 90 113 113 90 90 90 135 113 135 90 113 90 90 113 90 90 113 90 135 90
 90 113 90 135 113 113 113 113 90 113 113 90 135 90 113 113 90 113 113 90 113 90 113 113 113 113 90 113 90 90
 90 90 135 113 90 90 90 90 90 90 113 113 90 113 113 90 90 90 90 113 90 113 90 113 90 90 90 113 113 113
 12655 13255 13502 15055 1.97 1.91 
 68 68 68 68 68 68 68 68 68 68 68 68 68 68 68 68 68 68 68 68 68 68 68 68 68 68 68 68 68 68
 68 68 68 68 68 68 68 68 68 68 68 68 68 68 68 68 68 68 68 68 68 68 68 68 68 68 68 68 68 68
 68 68 68 68 68 68 68 68 68 68 68 68 68 68 68 68 68 68 68 68 68 68 68 68 68 68 68 68 68 68
 68 68 68 68 68 68 68 68 68 68 68 68 68 68 68 68 68 68 68 68 68 68 68 68 68 68 68 68 68 68
 68 68 68 68 68 68 68 68 68 68 68 68 68 68 68 68 68 68 68 68 68 68 68 68 68 68 68 68 68 68
 12856 13456 13745 15256 1.49 1.89 
 113 113 135 113 135 90 90 113 90 113 90 113 113 113 113 113 90 113 113 113 113 113 90 90 90 113 113 113 90 113
 113 135 113 90 113 135 90 90 113 90 90 113 90 90 135 90 90 135 135 90 90 113 90 90 90 113 113 90 90 113
 90 90 113 113 113 113 90 113 135 113 90 113 113 90 90 90 135 113 135 90 113 90 90 113 90 90 113 90 135 90
 90 113 90 135 113 113 113 113 90 113 113 90 135 90 113 113 90 113 113 90 113 90 113 113 113 113 90 113 90 90
 90 90 135 113 90 90 90 90 90 90 113 113 90 113 113 90 90 90 90 113 90 113 90 113 90 90 90 113 113 113
 12861 13461 13809 15261 1.00 1.15 
 90 90 90 68 90 68 68 68 68 90 68 68 90 90 68 68 68 68 68 68 68 68 68 68 68 68 68 90 68 68
 90 90 90 68 68 90 68 68 90 68 68 68 68 68 90 68 68 90 90 68 68 68 68 68 68 68 68 68 68 90
 68 68 90 68 68 90 68 68 90 90 68 68 68 68 68 68 90 68 90 68 90 68 68 68 68 68 90 68 90 68
 68 68 68 90 90 68 90 68 68 90 68 68 90 68 68 90 68 68 68 68 90 68 68 90 90 90 68 68 68 68
 68 68 90 68 68 68 68 68 68 68 68 90 68 90 68 68 68 68 68 90 68 68 68 68 68 68 68 68 90 90
 12932 13532 13837 15332 1.23 1.98 
 68 68 68 68 68 68 68 68 68 68 68 68 68 68 68 68 68 68 68 68 68 68 68 68 68 68 68 68 68 68
 68 68 68 68 68 68 68 68 68 68 68 68 68 68 68 68 68 68 68 68 68 68 68 68 68 68 68 68 68 68
 68 68 68 68 68 68 68 68 68 68 68 68 68 68 68 68 68 68 68 68 68 68 68 68 68 68 68 68 68 68
 68 68 68 68 68 68 68 68 68 68 68 68 68 68 68 68 68 68 68 68 68 68 68 68 68 68 68 68 68 68
 68 68 68 68 68 68 68 68 68 68 68 68 68 68 68 68 68 68 68 68 68 68 68 68 68 68 68 68 68 68
 12962 13562 14155 15362 1.92 1.28 
 113 113 135 113 135 90 90 113 90 113 90 113 113 113 113 113 90 113 113 113 113 113 90 90 90 113 113 113 90 113
 113 135 113 90 113 135 90 90 113 90 90 113 90 90 135 90 90 135 135 90 90 113 90 90 90 113 113 90 90 113
 90 90 113 113 113 113 90 113 135 113 90 113 113 90 90 90 135 113 135 90 113 90 90 113 90 90 113 90 135 90
 90 113 90 135 113 113 113 113 90 113 113 90 135 90 113 113 90 113 113 90 113 90 113 113 113 113 90 113 90 90
 90 90 135 113 90 90 90 90 90 90 113 113 90 113 113 90 90 90 90 113 90 113 90 113 90 90 90 113 113 113
 13003 13603 13963 15403 1.06 1.78 
 90 90 90 68 90 68 68 68 68 90 68 68 90 90 68 68 68 68 68 68 68 68 68 68 68 68 68 90 68 68
 90 90 90 68 68 90 68 68 90 68 68 68 68 68 90 68 68 90 90 68 68 68 68 68 68 68 68 68 68 90
 68 68 90 68 68 90 68 68 90 90 68 68 68 68 68 68 90 68 90 68 90 68 68 68 68 68 90 68 90 68
 68 68 68 90 90 68 90 68 68 90 68 68 90 68 68 90 68 68 68 68 90 68 68 90 90 90 68 68 68 68
 68 68 90 68 68 68 68 68 68 68 68 90 68 90 68 68 68 68 68 90 68 68 68 68 68 68 68 68 90 90
 13026 13626 13833 15426 1.20 1.17 
 90 90 90 68 90 68 68 68 68 90 68 68 90 90 68 68 68 68 68 68 68 68 68 68 68 68 68 90 68 68
 90 90 90 68 68 90 68 68 90 68 68 68 68 68 90 68 68 90 90 68 68 68 68 68 68 68 68 68 68 90
 68 68 90 68 68 90 68 68 90 90 68 68 68 68 68 68 90 68 90 68 90 68 68 68 68 68 90 68 90 68
 68 68 68 90 90 68 90 68 68 90 68 68 90 68 68 90 68 68 68 68 90 68 68 90 90 90 68 68 68 68
 68 68 90 68 68 68 68 68 68 68 68 90 68 90 68 68 68 68 68 90 68 68 68 68 68 68 68 68 90 90
 13173 13773 13863 15573 1.67 1.36 
 113 113 135 113 135 90 90 113 90 113 90 113 113 113 113 113 90 113 113 113 113 113 90 90 90 113 113 113 90 113
 113 135 113 90 113 135 90 90 113 90 90 113 90 90 135 90 90 135 135 90 90 113 90 90 90 113 113 90 90 113
 90 90 113 113 113 113 90 113 135 113 90 113 113 90 90 90 135 113 135 90 113 90 90 113 90 90 113 90 135 90
 90 113 90 135 113 113 113 113 90 113 113 90 135 90 113 113 90 113 113 90 113 90 113 113 113 113 90 113 90 90
 90 90 135 113 90 90 90 90 90 90 113 113 90 113 113 90 90 90 90 113 90 113 90 113 90 90 90 113 113 113
 13381 13981 14089 15781 1.27 1.24 
 68 68 68 68 68 68 68 68 68 68 68 68 68 68 68 68 68 68 68 68 68 68 68 68 68 68 68 68 68 68
 68 68 68 68 68 68 68 68 68 68 68 68 68 68 68 68 68 68 68 68 68 68 68 68 68 68 68 68 68 68
 68 68 68 68 68 68 68 68 68 68 68 68 68 68 68 68 68 68 68 68 68 68 68 68 68 68 68 68 68 68
 68 68 68 68 68 68 68 68 68 68 68 68 68 68 68 68 68 68 68 68 68 68 68 68 68 68 68 68 68 68
 68 68 68 68 68 68 68 68 68 68 68 68 68 68 68 68 68 68 68 68 68 68 68 68 68 68 68 68 68 68
 13439 14039 14363 15839 1.30 1.26 
 113 113 135 113 135 90 90 113 90 113 90 113 113 113 113 113 90 113 113 113 113 113 90 90 90 113 113 113 90 113
 113 135 113 90 113 135 90 90 113 90 90 113 90 90 135 90 90 135 135 90 90 113 90 90 90 113 113 90 90 113
 90 90 113 113 113 113 90 113 135 113 90 113 113 90 90 90 135 113 135 90 113 90 90 113 90 90 113 90 135 90
 90 113 90 135 113 113 113 113 90 113 113 90 135 90 113 113 90 113 113 90 113 90 113 113 113 113 90 113 90 90
 90 90 135 113 90 90 90 90 90 90 113 113 90 113 113 90 90 90 90 113 90 113 90 113 90 90 90 113 113 113
 13463 14063 14606 15863 1.24 1.40 
 90 90 90 68 90 68 68 68 68 90 68 68 90 90 68 68 68 68 68 68 68 68 68 68 68 68 68 90 68 68
 90 90 90 68 68 90 68 68 90 68 68 68 68 68 90 68 68 90 90 68 68 68 68 68 68 68 68 68 68 90
 68 68 90 68 68 90 68 68 90 90 68 68 68 68 68 68 90 68 90 68 90 68 68 68 68 68 90 68 90 68
 68 68 68 90 90 68 90 68 68 90 68 68 90 68 68 90 68 68 68 68 90 68 68 90 90 90 68 68 68 68
 68 68 90 68 68 68 68 68 68 68 68 90 68 90 68 68 68 68 68 90 68 68 68 68 68 68 68 68 90 90
 13523 14123 14307 15923 1.69 1.61 
 68 68 68 68 68 68 68 68 68 68 68 68 68 68 68 68 68 68 68 68 68 68 68 68 68 68 68 68 68 68
 68 68 68 68 68 68 68 68 68 68 68 68 68 68 68 68 68 68 68 68 68 68 68 68 68 68 68 68 68 68
 68 68 68 68 68 68 68 68 68 68 68 68 68 68 68 68 68 68 68 68 68 68 68 68 68 68 68 68 68 68
 68 68 68 68 68 68 68 68 68 68 68 68 68 68 68 68 68 68 68 68 68 68 68 68 68 68 68 68 68 68
 68 68 68 68 68 68 68 68 68 68 68 68 68 68 68 68 68 68 68 68 68 68 68 68 68 68 68 68 68 68
 13857 14457 14907 16257 1.29 1.06 
 68 68 68 68 68 68 68 68 68 68 68 68 68 68 68 68 68 68 68 68 68 68 68 68 68 68 68 68 68 68
 68 68 68 68 68 68 68 68 68 68 68 68 68 68 68 68 68 68 68 68 68 68 68 68 68 68 68 68 68 68
 68 68 68 68 68 68 68 68 68 68 68 68 68 68 68 68 68 68 68 68 68 68 68 68 68 68 68 68 68 68
 68 68 68 68 68 68 68 68 68 68 68 68 68 68 68 68 68 68 68 68 68 68 68 68 68 68 68 68 68 68
 68 68 68 68 68 68 68 68 68 68 68 68 68 68 68 68 68 68 68 68 68 68 68 68 68 68 68 68 68 68
 13860 14460 14949 16260 1.19 1.45 
 68 68 68 68 68 68 68 68 68 68 68 68 68 68 68 68 68 68 68 68 68 68 68 68 68 68 68 68 68 68
 68 68 68 68 68 68 68 68 68 68 68 68 68 68 68 68 68 68 68 68 68 68 68 68 68 68 68 68 68 68
 68 68 68 68 68 68 68 68 68 68 68 68 68 68 68 68 68 68 68 68 68 68 68 68 68 68 68 68 68 68
 68 68 68 68 68 68 68 68 68 68 68 68 68 68 68 68 68 68 68 68 68 68 68 68 68 68 68 68 68 68
 68 68 68 68 68 68 68 68 68 68 68 68 68 68 68 68 68 68 68 68 68 68 68 68 68 68 68 68 68 68
 13953 14553 14693 16353 1.03 1.25 
 113 113 135 113 135 90 90 113 90 113 90 113 113 113 113 113 90 113 113 113 113 113 90 90 90 113 113 113 90 113
 113 135 113 90 113 135 90 90 113 90 90 113 90 90 135 90 90 135 135 90 90 113 90 90 90 113 113 90 90 113
 90 90 113 113 113 113 90 113 135 113 90 113 113 90 90 90 135 113 135 90 113 90 90 113 90 90 113 90 135 90
 90 113 90 135 113 113 113 113 90 113 113 90 135 90 113 113 90 113 113 90 113 90 113 113 113 113 90 113 90 90
 90 90 135 113 90 90 90 90 90 90 113 113 90 113 113 90 90 90 90 113 90 113 90 113 90 90 90 113 113 113
 14019 14619 14931 16419 1.74 1.39 
 90 90 90 68 90 68 68 68 68 90 68 68 90 90 68 68 68 68 68 68 68 68 68 68 68 68 68 90 68 68
 90 90 90 68 68 90 68 68 90 68 68 68 68 68 90 68 68 90 90 68 68 68 68 68 68 68 68 68 68 90
 68 68 90 68 68 90 68 68 90 90 68 68 68 68 68 68 90 68 90 68 90 68 68 68 68 68 90 68 90 68
 68 68 68 90 90 68 90 68 68 90 68 68 90 68 68 90 68 68 68 68 90 68 68 90 90 90 68 68 68 68
 68 68 90 68 68 68 68 68 68 68 68 90 68 90 68 68 68 68 68 90 68 68 68 68 68 68 68 68 90 90
 14082 14682 15139 16482 1.78 1.11 
 113 113 135 113 135 90 90 113 90 113 90 113 113 113 113 113 90 113 113 113 113 113 90 90 90 113 113 113 90 113
 113 135 113 90 113 135 90 90 113 90 90 113 90 90 135 90 90 135 135 90 90 113 90 90 90 113 113 90 90 113
 90 90 113 113 113 113 90 113 135 113 90 113 113 90 90 90 135 113 135 90 113 90 90 113 90 90 113 90 135 90
 90 113 90 135 113 113 113 113 90 113 113 90 135 90 113 113 90 113 113 90 113 90 113 113 113 113 90 113 90 90
 90 90 135 113 90 90 90 90 90 90 113 113 90 113 113 90 90 90 90 113 90 113 90 113 90 90 90 113 113 113
 14098 14698 15008 16498 1.65 1.42 
 113 113 135 113 135 90 90 113 90 113 90 113 113 113 113 113 90 113 113 113 113 113 90 90 90 113 113 113 90 113
 113 135 113 90 113 135 90 90 113 90 90 113 90 90 135 90 90 135 135 90 90 113 90 90 90 113 113 90 90 113
 90 90 113 113 113 113 90 113 135 113 90 113 113 90 90 90 135 113 135 90 113 90 90 113 90 90 113 90 135 90
 90 113 90 135 113 113 113 113 90 113 113 90 135 90 113 113 90 113 113 90 113 90 113 113 113 113 90 113 90 90
 90 90 135 113 90 90 90 90 90 90 113 113 90 113 113 90 90 90 90 113 90 113 90 113 90 90 90 113 113 113
 14149 14749 14987 16549 1.03 1.46 
 113 113 135 113 135 90 90 113 90 113 90 113 113 113 113 113 90 113 113 113 113 113 90 90 90 113 113 113 90 113
 113 135 113 90 113 135 90 90 113 90 90 113 90 90 135 90 90 135 135 90 90 113 90 90 90 113 113 90 90 113
 90 90 113 113 113 113 90 113 135 113 90 113 113 90 90 90 135 113 135 90 113 90 90 113 90 90 113 90 135 90
 90 113 90 135 113 113 113 113 90 113 113 90 135 90 113 113 90 113 113 90 113 90 113 113 113 113 90 113 90 90
 90 90 135 113 90 90 90 90 90 90 113 113 90 113 113 90 90 90 90 113 90 113 90 113 90 90 90 113 113 113
 14169 14769 14902 16569 1.04 1.29 
 113 113 135 113 135 90 90 113 90 113 90 113 113 113 113 113 90 113 113 113 113 113 90 90 90 113 113 113 90 113
 113 135 113 90 113 135 90 90 113 90 90 113 90 90 135 90 90 135 135 90 90 113 90 90 90 113 113 90 90 113
 90 90 113 113 113 113 90 113 135 113 90 113 113 90 90 90 135 113 135 90 113 90 90 113 90 90 113 90 135 90
 90 113 90 135 113 113 113 113 90 113 113 90 135 90 113 113 90 113 113 90 113 90 113 113 113 113 90 113 90 90
 90 90 135 113 90 90 90 90 90 90 113 113 90 113 113 90 90 90 90 113 90 113 90 113 90 90 90 113 113 113
 14352 14952 15264 16752 2.00 1.50 
 68 68 68 68 68 68 68 68 68 68 68 68 68 68 68 68 68 68 68 68 68 68 68 68 68 68 68 68 68 68
 68 68 68 68 68 68 68 68 68 68 68 68 68 68 68 68 68 68 68 68 68 68 68 68 68 68 68 68 68 68
 68 68 68 68 68 68 68 68 68 68 68 68 68 68 68 68 68 68 68 68 68 68 68 68 68 68 68 68 68 68
 68 68 68 68 68 68 68 68 68 68 68 68 68 68 68 68 68 68 68 68 68 68 68 68 68 68 68 68 68 68
 68 68 68 68 68 68 68 68 68 68 68 68 68 68 68 68 68 68 68 68 68 68 68 68 68 68 68 68 68 68
 14652 15252 15448 17052 1.57 1.44 
 90 90 90 68 90 68 68 68 68 90 68 68 90 90 68 68 68 68 68 68 68 68 68 68 68 68 68 90 68 68
 90 90 90 68 68 90 68 68 90 68 68 68 68 68 90 68 68 90 90 68 68 68 68 68 68 68 68 68 68 90
 68 68 90 68 68 90 68 68 90 90 68 68 68 68 68 68 90 68 90 68 90 68 68 68 68 68 90 68 90 68
 68 68 68 90 90 68 90 68 68 90 68 68 90 68 68 90 68 68 68 68 90 68 68 90 90 90 68 68 68 68
 68 68 90 68 68 68 68 68 68 68 68 90 68 90 68 68 68 68 68 90 68 68 68 68 68 68 68 68 90 90
 14754 15354 15569 17154 1.08 1.05 
 113 113 135 113 135 90 90 113 90 113 90 113 113 113 113 113 90 113 113 113 113 113 90 90 90 113 113 113 90 113
 113 135 113 90 113 135 90 90 113 90 90 113 90 90 135 90 90 135 135 90 90 113 90 90 90 113 113 90 90 113
 90 90 113 113 113 113 90 113 135 113 90 113 113 90 90 90 135 113 135 90 113 90 90 113 90 90 113 90 135 90
 90 113 90 135 113 113 113 113 90 113 113 90 135 90 113 113 90 113 113 90 113 90 113 113 113 113 90 113 90 90
 90 90 135 113 90 90 90 90 90 90 113 113 90 113 113 90 90 90 90 113 90 113 90 113 90 90 90 113 113 113
 14777 15377 15629 17177 1.49 1.22 
 113 113 135 113 135 90 90 113 90 113 90 113 113 113 113 113 90 113 113 113 113 113 90 90 90 113 113 113 90 113
 113 135 113 90 113 135 90 90 113 90 90 113 90 90 135 90 90 135 135 90 90 113 90 90 90 113 113 90 90 113
 90 90 113 113 113 113 90 113 135 113 90 113 113 90 90 90 135 113 135 90 113 90 90 113 90 90 113 90 135 90
 90 113 90 135 113 113 113 113 90 113 113 90 135 90 113 113 90 113 113 90 113 90 113 113 113 113 90 113 90 90
 90 90 135 113 90 90 90 90 90 90 113 113 90 113 113 90 90 90 90 113 90 113 90 113 90 90 90 113 113 113
 14913 15513 15739 17313 1.41 1.49 
 113 113 135 113 135 90 90 113 90 113 90 113 113 113 113 113 90 113 113 113 113 113 90 90 90 113 113 113 90 113
 113 135 113 90 113 135 90 90 113 90 90 113 90 90 135 90 90 135 135 90 90 113 90 90 90 113 113 90 90 113
 90 90 113 113 113 113 90 113 135 113 90 113 113 90 90 90 135 113 135 90 113 90 90 113 90 90 113 90 135 90
 90 113 90 135 113 113 113 113 90 113 113 90 135 90 113 113 90 113 113 90 113 90 113 113 113 113 90 113 90 90
 90 90 135 113 90 90 90 90 90 90 113 113 90 113 113 90 90 90 90 113 90 113 90 113 90 90 90 113 113 113
 15082 15682 15812 17482 1.46 1.73 
 113 113 135 113 135 90 90 113 90 113 90 113 113 113 113 113 90 113 113 113 113 113 90 90 90 113 113 113 90 113
 113 135 113 90 113 135 90 90 113 90 90 113 90 90 135 90 90 135 135 90 90 113 90 90 90 113 113 90 90 113
 90 90 113 113 113 113 90 113 135 113 90 113 113 90 90 90 135 113 135 90 113 90 90 113 90 90 113 90 135 90
 90 113 90 135 113 113 113 113 90 113 113 90 135 90 113 113 90 113 113 90 113 90 113 113 113 113 90 113 90 90
 90 90 135 113 90 90 90 90 90 90 113 113 90 113 113 90 90 90 90 113 90 113 90 113 90 90 90 113 113 113
 15195 15795 15868 17595 1.33 1.74 
 113 113 135 113 135 90 90 113 90 113 90 113 113 113 113 113 90 113 113 113 113 113 90 90 90 113 113 113 90 113
 113 135 113 90 113 135 90 90 113 90 90 113 90 90 135 90 90 135 135 90 90 113 90 90 90 113 113 90 90 113
 90 90 113 113 113 113 90 113 135 113 90 113 113 90 90 90 135 113 135 90 113 90 90 113 90 90 113 90 135 90
 90 113 90 135 113 113 113 113 90 113 113 90 135 90 113 113 90 113 113 90 113 90 113 113 113 113 90 113 90 90
 90 90 135 113 90 90 90 90 90 90 113 113 90 113 113 90 90 90 90 113 90 113 90 113 90 90 90 113 113 113
 15323 15923 16504 17723 1.65 1.69 
 113 113 135 113 135 90 90 113 90 113 90 113 113 113 113 113 90 113 113 113 113 113 90 90 90 113 113 113 90 113
 113 135 113 90 113 135 90 90 113 90 90 113 90 90 135 90 90 135 135 90 90 113 90 90 90 113 113 90 90 113
 90 90 113 113 113 113 90 113 135 113 90 113 113 90 90 90 135 113 135 90 113 90 90 113 90 90 113 90 135 90
 90 113 90 135 113 113 113 113 90 113 113 90 135 90 113 113 90 113 113 90 113 90 113 113 113 113 90 113 90 90
 90 90 135 113 90 90 90 90 90 90 113 113 90 113 113 90 90 90 90 113 90 113 90 113 90 90 90 113 113 113
 15349 15949 16510 17749 1.23 1.04 
 90 90 90 68 90 68 68 68 68 90 68 68 90 90 68 68 68 68 68 68 68 68 68 68 68 68 68 90 68 68
 90 90 90 68 68 90 68 68 90 68 68 68 68 68 90 68 68 90 90 68 68 68 68 68 68 68 68 68 68 90
 68 68 90 68 68 90 68 68 90 90 68 68 68 68 68 68 90 68 90 68 90 68 68 68 68 68 90 68 90 68
 68 68 68 90 90 68 90 68 68 90 68 68 90 68 68 90 68 68 68 68 90 68 68 90 90 90 68 68 68 68
 68 68 90 68 68 68 68 68 68 68 68 90 68 90 68 68 68 68 68 90 68 68 68 68 68 68 68 68 90 90
 15413 16013 16238 17813 1.34 1.12 
 68 68 68 68 68 68 68 68 68 68 68 68 68 68 68 68 68 68 68 68 68 68 68 68 68 68 68 68 68 68
 68 68 68 68 68 68 68 68 68 68 68 68 68 68 68 68 68 68 68 68 68 68 68 68 68 68 68 68 68 68
 68 68 68 68 68 68 68 68 68 68 68 68 68 68 68 68 68 68 68 68 68 68 68 68 68 68 68 68 68 68
 68 68 68 68 68 68 68 68 68 68 68 68 68 68 68 68 68 68 68 68 68 68 68 68 68 68 68 68 68 68
 68 68 68 68 68 68 68 68 68 68 68 68 68 68 68 68 68 68 68 68 68 68 68 68 68 68 68 68 68 68
 15443 16043 16404 17843 1.43 1.82 
 113 113 135 113 135 90 90 113 90 113 90 113 113 113 113 113 90 113 113 113 113 113 90 90 90 113 113 113 90 113
 113 135 113 90 113 135 90 90 113 90 90 113 90 90 135 90 90 135 135 90 90 113 90 90 90 113 113 90 90 113
 90 90 113 113 113 113 90 113 135 113 90 113 113 90 90 90 135 113 135 90 113 90 90 113 90 90 113 90 135 90
 90 113 90 135 113 113 113 113 90 113 113 90 135 90 113 113 90 113 113 90 113 90 113 113 113 113 90 113 90 90
 90 90 135 113 90 90 90 90 90 90 113 113 90 113 113 90 90 90 90 113 90 113 90 113 90 90 90 113 113 113
 16049 16649 17142 18449 1.22 1.79 
 68 68 68 68 68 68 68 68 68 68 68 68 68 68 68 68 68 68 68 68 68 68 68 68 68 68 68 68 68 68
 68 68 68 68 68 68 68 68 68 68 68 68 68 68 68 68 68 68 68 68 68 68 68 68 68 68 68 68 68 68
 68 68 68 68 68 68 68 68 68 68 68 68 68 68 68 68 68 68 68 68 68 68 68 68 68 68 68 68 68 68
 68 68 68 68 68 68 68 68 68 68 68 68 68 68 68 68 68 68 68 68 68 68 68 68 68 68 68 68 68 68
 68 68 68 68 68 68 68 68 68 68 68 68 68 68 68 68 68 68 68 68 68 68 68 68 68 68 68 68 68 68
 16084 16684 17151 18484 1.27 1.82 
 90 90 90 68 90 68 68 68 68 90 68 68 90 90 68 68 68 68 68 68 68 68 68 68 68 68 68 90 68 68
 90 90 90 68 68 90 68 68 90 68 68 68 68 68 90 68 68 90 90 68 68 68 68 68 68 68 68 68 68 90
 68 68 90 68 68 90 68 68 90 90 68 68 68 68 68 68 90 68 90 68 90 68 68 68 68 68 90 68 90 68
 68 68 68 90 90 68 90 68 68 90 68 68 90 68 68 90 68 68 68 68 90 68 68 90 90 90 68 68 68 68
 68 68 90 68 68 68 68 68 68 68 68 90 68 90 68 68 68 68 68 90 68 68 68 68 68 68 68 68 90 90
 16234 16834 17173 18634 1.06 1.78 
 113 113 135 113 135 90 90 113 90 113 90 113 113 113 113 113 90 113 113 113 113 113 90 90 90 113 113 113 90 113
 113 135 113 90 113 135 90 90 113 90 90 113 90 90 135 90 90 135 135 90 90 113 90 90 90 113 113 90 90 113
 90 90 113 113 113 113 90 113 135 113 90 113 113 90 90 90 135 113 135 90 113 90 90 113 90 90 113 90 135 90
 90 113 90 135 113 113 113 113 90 113 113 90 135 90 113 113 90 113 113 90 113 90 113 113 113 113 90 113 90 90
 90 90 135 113 90 90 90 90 90 90 113 113 90 113 113 90 90 90 90 113 90 113 90 113 90 90 90 113 113 113
 16240 16840 17311 18640 1.02 1.94 
 113 113 135 113 135 90 90 113 90 113 90 113 113 113 113 113 90 113 113 113 113 113 90 90 90 113 113 113 90 113
 113 135 113 90 113 135 90 90 113 90 90 113 90 90 135 90 90 135 135 90 90 113 90 90 90 113 113 90 90 113
 90 90 113 113 113 113 90 113 135 113 90 113 113 90 90 90 135 113 135 90 113 90 90 113 90 90 113 90 135 90
 90 113 90 135 113 113 113 113 90 113 113 90 135 90 113 113 90 113 113 90 113 90 113 113 113 113 90 113 90 90
 90 90 135 113 90 90 90 90 90 90 113 113 90 113 113 90 90 90 90 113 90 113 90 113 90 90 90 113 113 113
 16420 17020 17109 18820 1.44 1.78 
 113 113 135 113 135 90 90 113 90 113 90 113 113 113 113 113 90 113 113 113 113 113 90 90 90 113 113 113 90 113
 113 135 113 90 113 135 90 90 113 90 90 113 90 90 135 90 90 135 135 90 90 113 90 90 90 113 113 90 90 113
 90 90 113 113 113 113 90 113 135 113 90 113 113 90 90 90 135 113 135 90 113 90 90 113 90 90 113 90 135 90
 90 113 90 135 113 113 113 113 90 113 113 90 135 90 113 113 90 113 113 90 113 90 113 113 113 113 90 113 90 90
 90 90 135 113 90 90 90 90 90 90 113 113 90 113 113 90 90 90 90 113 90 113 90 113 90 90 90 113 113 113
 16477 17077 17170 18877 1.15 1.18 
 113 113 135 113 135 90 90 113 90 113 90 113 113 113 113 113 90 113 113 113 113 113 90 90 90 113 113 113 90 113
 113 135 113 90 113 135 90 90 113 90 90 113 90 90 135 90 90 135 135 90 90 113 90 90 90 113 113 90 90 113
 90 90 113 113 113 113 90 113 135 113 90 113 113 90 90 90 135 113 135 90 113 90 90 113 90 90 113 90 135 90
 90 113 90 135 113 113 113 113 90 113 113 90 135 90 113 113 90 113 113 90 113 90 113 113 113 113 90 113 90 90
 90 90 135 113 90 90 90 90 90 90 113 113 90 113 113 90 90 90 90 113 90 113 90 113 90 90 90 113 113 113
 16728 17328 17514 19128 1.37 2.00 
 68 68 68 68 68 68 68 68 68 68 68 68 68 68 68 68 68 68 68 68 68 68 68 68 68 68 68 68 68 68
 68 68 68 68 68 68 68 68 68 68 68 68 68 68 68 68 68 68 68 68 68 68 68 68 68 68 68 68 68 68
 68 68 68 68 68 68 68 68 68 68 68 68 68 68 68 68 68 68 68 68 68 68 68 68 68 68 68 68 68 68
 68 68 68 68 68 68 68 68 68 68 68 68 68 68 68 68 68 68 68 68 68 68 68 68 68 68 68 68 68 68
 68 68 68 68 68 68 68 68 68 68 68 68 68 68 68 68 68 68 68 68 68 68 68 68 68 68 68 68 68 68
 16777 17377 17668 19177 1.31 1.54 
 113 113 135 113 135 90 90 113 90 113 90 113 113 113 113 113 90 113 113 113 113 113 90 90 90 113 113 113 90 113
 113 135 113 90 113 135 90 90 113 90 90 113 90 90 135 90 90 135 135 90 90 113 90 90 90 113 113 90 90 113
 90 90 113 113 113 113 90 113 135 113 90 113 113 90 90 90 135 113 135 90 113 90 90 113 90 90 113 90 135 90
 90 113 90 135 113 113 113 113 90 113 113 90 135 90 113 113 90 113 113 90 113 90 113 113 113 113 90 113 90 90
 90 90 135 113 90 90 90 90 90 90 113 113 90 113 113 90 90 90 90 113 90 113 90 113 90 90 90 113 113 113
 16897 17497 18088 19297 1.08 1.14 
 90 90 90 68 90 68 68 68 68 90 68 68 90 90 68 68 68 68 68 68 68 68 68 68 68 68 68 90 68 68
 90 90 90 68 68 90 68 68 90 68 68 68 68 68 90 68 68 90 90 68 68 68 68 68 68 68 68 68 68 90
 68 68 90 68 68 90 68 68 90 90 68 68 68 68 68 68 90 68 90 68 90 68 68 68 68 68 90 68 90 68
 68 68 68 90 90 68 90 68 68 90 68 68 90 68 68 90 68 68 68 68 90 68 68 90 90 90 68 68 68 68
 68 68 90 68 68 68 68 68 68 68 68 90 68 90 68 68 68 68 68 90 68 68 68 68 68 68 68 68 90 90
 17289 17889 18468 19689 1.61 1.31 
 113 113 135 113 135 90 90 113 90 113 90 113 113 113 113 113 90 113 113 113 113 113 90 90 90 113 113 113 90 113
 113 135 113 90 113 135 90 90 113 90 90 113 90 90 135 90 90 135 135 90 90 113 90 90 90 113 113 90 90 113
 90 90 113 113 113 113 90 113 135 113 90 113 113 90 90 90 135 113 135 90 113 90 90 113 90 90 113 90 135 90
 90 113 90 135 113 113 113 113 90 113 113 90 135 90 113 113 90 113 113 90 113 90 113 113 113 113 90 113 90 90
 90 90 135 113 90 90 90 90 90 90 113 113 90 113 113 90 90 90 90 113 90 113 90 113 90 90 90 113 113 113
 17510 18110 18625 19910 1.87 1.42 
 90 90 90 68 90 68 68 68 68 90 68 68 90 90 68 68 68 68 68 68 68 68 68 68 68 68 68 90 68 68
 90 90 90 68 68 90 68 68 90 68 68 68 68 68 90 68 68 90 90 68 68 68 68 68 68 68 68 68 68 90
 68 68 90 68 68 90 68 68 90 90 68 68 68 68 68 68 90 68 90 68 90 68 68 68 68 68 90 68 90 68
 68 68 68 90 90 68 90 68 68 90 68 68 90 68 68 90 68 68 68 68 90 68 68 90 90 90 68 68 68 68
 68 68 90 68 68 68 68 68 68 68 68 90 68 90 68 68 68 68 68 90 68 68 68 68 68 68 68 68 90 90
 17842 18442 18697 20242 1.03 1.07 
 113 113 135 113 135 90 90 113 90 113 90 113 113 113 113 113 90 113 113 113 113 113 90 90 90 113 113 113 90 113
 113 135 113 90 113 135 90 90 113 90 90 113 90 90 135 90 90 135 135 90 90 113 90 90 90 113 113 90 90 113
 90 90 113 113 113 113 90 113 135 113 90 113 113 90 90 90 135 113 135 90 113 90 90 113 90 90 113 90 135 90
 90 113 90 135 113 113 113 113 90 113 113 90 135 90 113 113 90 113 113 90 113 90 113 113 113 113 90 113 90 90
 90 90 135 113 90 90 90 90 90 90 113 113 90 113 113 90 90 90 90 113 90 113 90 113 90 90 90 113 113 113
 17881 18481 18809 20281 1.08 1.29 
 113 113 135 113 135 90 90 113 90 113 90 113 113 113 113 113 90 113 113 113 113 113 90 90 90 113 113 113 90 113
 113 135 113 90 113 135 90 90 113 90 90 113 90 90 135 90 90 135 135 90 90 113 90 90 90 113 113 90 90 113
 90 90 113 113 113 113 90 113 135 113 90 113 113 90 90 90 135 113 135 90 113 90 90 113 90 90 113 90 135 90
 90 113 90 135 113 113 113 113 90 113 113 90 135 90 113 113 90 113 113 90 113 90 113 113 113 113 90 113 90 90
 90 90 135 113 90 90 90 90 90 90 113 113 90 113 113 90 90 90 90 113 90 113 90 113 90 90 90 113 113 113
 17912 18512 18837 20312 1.52 1.20 
 113 113 135 113 135 90 90 113 90 113 90 113 113 113 113 113 90 113 113 113 113 113 90 90 90 113 113 113 90 113
 113 135 113 90 113 135 90 90 113 90 90 113 90 90 135 90 90 135 135 90 90 113 90 90 90 113 113 90 90 113
 90 90 113 113 113 113 90 113 135 113 90 113 113 90 90 90 135 113 135 90 113 90 90 113 90 90 113 90 135 90
 90 113 90 135 113 113 113 113 90 113 113 90 135 90 113 113 90 113 113 90 113 90 113 113 113 113 90 113 90 90
 90 90 135 113 90 90 90 90 90 90 113 113 90 113 113 90 90 90 90 113 90 113 90 113 90 90 90 113 113 113
 18339 18939 19199 20739 1.95 1.51 
 90 90 90 68 90 68 68 68 68 90 68 68 90 90 68 68 68 68 68 68 68 68 68 68 68 68 68 90 68 68
 90 90 90 68 68 90 68 68 90 68 68 68 68 68 90 68 68 90 90 68 68 68 68 68 68 68 68 68 68 90
 68 68 90 68 68 90 68 68 90 90 68 68 68 68 68 68 90 68 90 68 90 68 68 68 68 68 90 68 90 68
 68 68 68 90 90 68 90 68 68 90 68 68 90 68 68 90 68 68 68 68 90 68 68 90 90 90 68 68 68 68
 68 68 90 68 68 68 68 68 68 68 68 90 68 90 68 68 68 68 68 90 68 68 68 68 68 68 68 68 90 90
 18350 18950 19331 20750 1.85 1.74 
 68 68 68 68 68 68 68 68 68 68 68 68 68 68 68 68 68 68 68 68 68 68 68 68 68 68 68 68 68 68
 68 68 68 68 68 68 68 68 68 68 68 68 68 68 68 68 68 68 68 68 68 68 68 68 68 68 68 68 68 68
 68 68 68 68 68 68 68 68 68 68 68 68 68 68 68 68 68 68 68 68 68 68 68 68 68 68 68 68 68 68
 68 68 68 68 68 68 68 68 68 68 68 68 68 68 68 68 68 68 68 68 68 68 68 68 68 68 68 68 68 68
 68 68 68 68 68 68 68 68 68 68 68 68 68 68 68 68 68 68 68 68 68 68 68 68 68 68 68 68 68 68
 18415 19015 19122 20815 1.75 1.99 
 68 68 68 68 68 68 68 68 68 68 68 68 68 68 68 68 68 68 68 68 68 68 68 68 68 68 68 68 68 68
 68 68 68 68 68 68 68 68 68 68 68 68 68 68 68 68 68 68 68 68 68 68 68 68 68 68 68 68 68 68
 68 68 68 68 68 68 68 68 68 68 68 68 68 68 68 68 68 68 68 68 68 68 68 68 68 68 68 68 68 68
 68 68 68 68 68 68 68 68 68 68 68 68 68 68 68 68 68 68 68 68 68 68 68 68 68 68 68 68 68 68
 68 68 68 68 68 68 68 68 68 68 68 68 68 68 68 68 68 68 68 68 68 68 68 68 68 68 68 68 68 68

