100 4 4
0 173 0
10 47 1
16 147 2
35 160 1
45 214 0
57 191 1
87 254 1
90 276 0
100 234 2
115 261 1
123 259 3
124 309 1
131 308 2
150 301 3
162 313 0
166 345 3
167 359 3
181 327 2
183 367 1
195 371 3
201 383 0
225 390 1
250 391 3
252 381 2
264 390 1
267 435 3
269 459 0
271 466 0
272 387 2
281 474 0
288 479 0
303 491 0
307 478 2
307 500 0
320 456 1
337 473 1
344 453 3
347 465 3
360 547 3
391 580 0
410 581 0
419 538 2
427 506 1
429 562 2
437 576 3
445 585 1
455 623 2
497 632 0
504 644 2
507 684 2
515 595 1
525 659 0
541 709 2
555 681 0
557 665 3
563 695 0
568 617 1
626 823 0
626 810 2
644 827 0
650 686 1
662 829 0
675 740 3
676 816 2
684 834 1
695 893 2
718 893 1
719 911 1
724 852 0
726 871 0
726 857 3
731 919 0
743 911 3
762 952 0
780 964 0
783 913 2
793 920 1
816 929 1
833 1018 0
837 1008 2
839 1032 2
844 998 1
848 1039 2
867 1016 3
901 1085 1
908 1044 0
954 1116 3
965 1153 3
967 1087 1
974 1079 2
981 1112 1
1001 1197 3
1005 1199 3
1010 1203 3
1013 1137 1
1018 1156 1
1022 1131 0
1029 1190 2
1032 1205 3
1038 1196 2
0 2 75 12
40 27 3 167
91 81 10 99
69 69 150 16

