100 4 4
0 139 0
4 175 1
30 146 2
44 204 1
53 156 0
57 209 1
58 231 1
67 198 0
68 193 2
90 259 1
97 231 3
98 265 1
106 292 2
106 240 3
130 276 0
135 271 3
146 331 3
152 329 2
156 307 1
172 351 3
188 277 0
191 337 1
201 393 3
207 353 2
226 349 1
236 420 3
248 352 0
278 418 0
281 372 2
291 467 0
306 488 0
314 504 0
315 510 2
322 515 0
341 523 1
353 544 1
357 545 3
358 551 3
372 559 3
374 563 0
386 563 0
392 526 2
416 549 1
441 556 2
443 611 3
455 581 1
458 566 2
460 592 0
462 659 2
463 661 2
472 647 1
479 628 0
494 661 2
498 645 0
498 622 3
511 703 0
528 656 1
535 723 0
538 706 2
551 741 0
582 712 1
601 766 0
610 640 3
618 769 2
620 774 1
628 770 2
636 820 1
646 831 1
688 859 0
695 888 0
698 852 3
706 897 0
716 865 3
732 916 0
746 934 0
748 849 2
754 832 1
759 879 1
817 948 0
817 1013 2
835 1029 2
841 956 1
853 1033 2
866 1030 3
867 1046 1
875 961 0
886 1079 3
909 1082 3
910 1053 1
915 1073 2
917 1097 1
917 1107 3
922 1111 3
934 1128 3
953 1140 1
971 1168 1
974 1094 0
984 1111 2
1007 1182 3
1024 1186 2
21 120 29 160
120 30 121 40
29 121 21 161
160 40 161 30

