50 4 3
0 124 2
2 189 2
4 57 1
10 62 1
26 281 2
28 155 0
50 197 1
66 243 1
67 297 2
71 308 2
95 248 0
96 359 2
98 114 3
99 346 3
116 300 0
117 380 0
119 316 1
119 353 3
136 365 1
145 380 2
151 384 3
155 385 3
177 437 0
186 445 0
189 450 0
203 455 0
217 405 1
224 458 3
235 443 2
238 497 1
240 489 0
248 496 2
255 498 1
256 518 2
267 510 0
284 524 2
300 513 0
318 520 1
352 486 3
407 667 1
416 586 2
420 681 2
429 688 1
455 563 0
469 612 0
503 691 2
527 727 1
537 766 0
550 792 0
561 813 0
7 167 2 8
129 18 15 34
85 85 23 52
106 93 31 11

