100 4 1
0 594 0
207 505 1
265 349 2
267 825 1
273 958 0
287 930 1
390 939 1
444 1014 0
480 987 2
498 1044 1
502 911 3
539 1147 1
542 1237 2
631 1157 3
659 1160 0
662 1339 3
692 1363 3
693 1439 2
790 1328 1
810 1395 3
855 1402 0
879 1620 1
896 1605 3
959 1566 2
1025 1629 1
1038 1757 3
1080 1439 0
1103 1689 0
1181 1951 2
1223 1808 0
1269 2007 0
1388 2092 0
1399 2129 2
1440 2103 0
1498 1835 1
1532 2096 1
1535 2052 3
1564 2069 3
1641 2096 3
1690 2362 0
1706 2468 0
1711 2492 2
1766 2228 1
1774 2546 2
1820 2548 3
1842 2354 1
1937 2567 2
2039 2803 0
2048 2800 2
2097 2832 2
2111 2886 1
2119 2867 0
2127 2885 2
2131 2922 0
2167 2904 3
2194 2927 0
2252 2923 1
2269 3061 0
2270 2972 2
2321 3091 0
2390 2970 1
2419 3173 0
2430 3103 3
2483 3243 2
2607 3127 1
2683 3343 2
2718 3325 1
2750 3368 1
2759 3329 0
2790 3527 0
2822 3345 3
2862 3602 0
3030 3714 3
3056 3831 0
3068 3835 0
3102 3701 2
3141 3880 1
3205 3957 1
3262 4046 0
3269 3741 2
3295 3829 2
3315 4091 1
3547 4009 2
3549 4132 3
3620 4342 1
3646 4303 0
3696 4413 3
3749 4524 3
3753 4398 1
3786 4215 2
3832 4524 1
3923 4558 3
3929 4651 3
3949 4711 3
3958 4612 1
3959 4651 1
3978 4522 0
4027 4370 2
4102 4786 3
4176 4732 2
45 135 60 97
135 69 93 124
60 93 45 155
97 124 155 72

