50 4 3
0 92 2
3 154 2
97 217 1
130 339 1
151 384 2
187 336 0
231 393 1
245 494 1
254 391 2
272 463 2
284 423 0
292 479 2
314 367 3
316 368 3
330 585 0
372 602 0
398 615 1
399 416 3
402 639 1
422 575 2
427 432 3
435 458 3
448 711 0
456 719 0
464 724 0
466 725 0
468 700 1
474 702 3
490 751 2
492 744 1
514 748 0
530 789 2
531 780 1
535 797 2
559 802 0
560 800 2
562 822 0
563 824 1
580 771 3
581 840 1
583 812 2
583 825 2
600 852 1
609 852 0
615 872 0
619 830 2
641 890 1
650 904 0
653 914 0
667 922 0
18 25 112 108
25 18 137 119
112 137 84 116
108 119 116 81

