100 4 1
0 104 0
6 409 2
101 467 3
109 563 3
146 276 1
187 730 3
224 409 2
267 992 0
279 1070 0
309 1099 0
396 818 3
403 593 1
423 1035 2
443 1185 3
449 1197 0
484 1224 0
515 1304 0
523 1288 3
572 1370 0
618 1328 3
670 1218 2
694 1472 2
731 1494 0
808 1522 2
824 1245 1
852 1416 1
923 1547 0
989 1618 0
993 1730 0
1018 1765 0
1103 1700 2
1210 1870 3
1273 1861 2
1287 1746 1
1307 1997 3
1374 2066 3
1433 2192 3
1438 1951 0
1479 2272 3
1560 1942 1
1561 2009 0
1563 2362 3
1609 2369 3
1819 2447 3
1854 2168 1
1933 2714 0
1945 2726 0
1974 2772 1
1992 2452 3
2015 2290 2
2025 2760 2
2037 2595 3
2085 2861 2
2117 2739 0
2203 2960 2
2362 3054 2
2394 3131 1
2441 2802 0
2442 3194 2
2449 3198 2
2527 2965 0
2529 3293 2
2690 3300 1
2698 3123 3
2785 3505 1
2786 3547 1
2807 3484 0
2837 3542 0
2912 3419 2
2936 3442 3
2947 3570 3
3017 3809 0
3049 3689 1
3058 3671 3
3187 3844 0
3227 4023 0
3273 4036 0
3313 4068 0
3355 3797 3
3419 4218 1
3492 4094 3
3535 4328 2
3566 4287 1
3569 4342 2
3631 4392 2
3669 4444 3
3730 4417 2
3731 4448 0
3759 4538 3
3835 4583 0
3840 4605 3
3881 4403 1
3919 4529 1
3964 4662 1
3966 4734 1
4086 4688 3
4138 4915 0
4162 4719 3
4219 5010 0
4221 4896 3
21 28 123 158
28 21 95 130
123 95 26 35
158 130 35 26

