50 4 3
0 228 0
19 204 1
38 58 2
40 210 1
67 306 0
70 319 1
94 340 1
123 380 0
128 151 2
138 386 1
153 282 3
192 427 1
199 265 2
207 424 3
219 431 0
225 444 3
226 464 3
244 351 2
267 442 1
270 529 3
273 476 0
291 501 1
298 553 3
310 354 2
314 552 1
314 571 3
317 482 0
335 532 0
350 449 2
375 560 0
382 609 0
383 614 0
388 563 2
392 617 0
393 572 1
413 636 1
418 666 3
418 674 3
432 677 3
433 619 0
435 669 0
444 686 2
445 665 1
483 706 2
489 742 3
489 748 1
527 713 2
596 792 0
615 808 2
616 835 2
79 44 24 24
44 24 20 68
49 78 30 72
23 6 72 12

