100 4 4
0 5 0
9 165 2
17 53 3
19 141 3
31 143 1
43 240 3
56 222 2
62 102 0
71 201 0
90 203 0
94 269 3
101 163 1
119 316 2
135 288 3
136 321 0
142 329 0
163 331 0
190 308 3
206 351 0
209 384 3
214 390 2
231 406 2
246 389 0
247 432 2
257 303 1
277 392 1
277 416 0
278 475 0
290 481 0
342 513 0
351 482 2
371 540 3
374 573 2
381 413 1
386 563 3
392 586 3
395 593 3
398 569 0
410 609 3
418 551 1
439 605 0
479 669 3
487 682 3
499 694 3
499 698 1
501 616 0
521 704 0
522 716 1
562 708 3
564 668 2
586 741 2
586 713 3
591 780 2
599 772 0
618 802 2
624 812 2
627 790 1
644 778 0
652 834 2
654 841 2
686 795 0
696 887 2
708 860 1
718 824 3
728 908 1
744 934 1
762 931 0
773 949 0
781 907 2
782 908 3
797 918 3
806 961 0
821 1019 1
821 941 3
828 988 0
847 1000 0
848 1012 0
858 1057 0
867 1048 3
878 1033 1
879 1059 3
909 931 2
922 1036 1
928 1000 2
942 1092 2
942 1068 3
962 1125 2
969 1080 0
977 1071 3
983 1149 0
1001 1130 3
1014 1105 1
1030 1162 1
1045 1190 1
1049 1196 1
1064 1199 3
1065 1246 0
1078 1268 3
1097 1274 0
1112 1300 3
106 24 72 26
24 20 96 2
18 78 24 64
17 50 49 70

