100 4 4
0 96 2
25 147 2
67 205 1
74 210 1
77 265 2
83 248 0
102 282 1
113 289 1
138 276 2
156 351 2
163 338 0
173 369 2
181 239 3
189 335 3
192 344 0
208 397 0
224 365 1
241 416 3
241 397 1
248 443 2
254 441 3
258 444 3
265 448 0
328 495 0
336 533 0
338 533 0
350 478 1
365 561 3
368 455 2
382 526 1
390 557 0
391 469 2
393 541 1
420 540 2
421 582 0
427 604 2
465 615 0
489 684 1
489 570 3
517 689 1
518 700 2
522 711 2
534 717 1
540 676 0
551 744 0
570 729 2
617 732 1
617 759 0
630 780 0
645 832 0
655 747 3
658 793 3
670 861 0
673 794 1
677 873 0
686 858 2
695 867 3
697 838 1
716 867 3
720 877 1
728 878 0
733 880 1
736 872 2
737 899 0
781 899 3
799 974 0
829 1003 0
830 1014 0
831 1015 0
836 1016 0
839 1030 1
865 1023 2
866 1037 1
867 1064 1
882 1026 2
911 1020 0
922 1007 3
944 1084 1
944 1020 0
946 1047 0
951 1126 3
974 1173 3
977 1137 0
979 1136 2
1025 1161 2
1033 1154 1
1043 1165 2
1054 1209 2
1071 1176 3
1100 1227 3
1139 1250 2
1147 1206 1
1156 1252 3
1170 1226 0
1171 1279 1
1173 1264 3
1188 1319 3
1199 1341 0
1231 1380 3
1266 1403 3
29 45 118 42
45 46 163 87
115 118 24 66
39 65 133 2

