100 4 2
0 206 0
2 209 1
17 68 2
18 292 1
66 308 0
76 361 1
99 372 1
111 315 0
119 423 2
150 497 1
183 257 3
189 527 1
210 479 2
221 382 3
260 595 0
281 411 3
304 677 3
364 633 2
370 662 1
391 761 3
420 774 0
437 740 1
438 797 3
452 745 2
491 876 1
515 807 3
523 892 0
525 906 0
553 943 2
557 910 0
580 910 0
591 918 0
639 966 2
690 977 0
695 934 1
719 1060 1
726 1112 3
730 1112 3
734 1121 3
736 1008 0
754 1026 0
767 986 2
796 1170 1
804 1183 2
805 1148 3
831 1186 1
866 1202 2
881 1133 0
886 1281 2
912 1308 2
974 1325 1
1012 1310 0
1030 1364 2
1046 1340 0
1051 1158 3
1067 1452 0
1083 1340 1
1103 1480 0
1187 1402 2
1200 1536 0
1206 1442 1
1223 1603 0
1242 1342 3
1274 1413 2
1303 1563 1
1307 1448 2
1320 1650 1
1330 1698 1
1446 1707 0
1447 1817 0
1483 1526 3
1496 1838 0
1521 1671 3
1548 1935 0
1550 1942 0
1566 1578 2
1589 1825 1
1634 1901 1
1637 2025 0
1647 1683 2
1652 1883 2
1653 1944 1
1663 2024 2
1688 2016 3
1726 2084 1
1763 2150 0
1769 2018 3
1789 2066 3
1834 2156 1
1868 2082 2
1875 2221 1
1878 2143 3
1889 2176 3
1898 2215 3
1936 2297 1
2004 2385 1
2018 2345 0
2110 2295 2
2132 2346 3
2136 2482 2
59 50 67 0
50 81 17 50
1 77 80 16
97 105 122 30

