50 4 4
0 11 0
8 9 1
11 58 2
18 208 1
29 200 0
43 222 1
57 244 1
59 244 0
79 172 2
82 275 1
100 117 3
121 307 1
125 222 2
132 160 3
143 277 0
173 350 3
179 358 3
185 265 2
194 326 1
198 392 3
199 295 0
212 364 1
229 396 3
232 337 2
235 427 1
249 428 3
254 341 0
263 435 0
266 388 2
266 459 0
269 461 0
282 466 0
293 397 2
312 488 0
317 499 1
318 508 1
322 517 3
325 518 3
326 519 3
341 528 0
345 534 0
345 405 2
356 527 1
357 476 2
359 527 3
366 543 1
367 501 2
395 563 0
400 526 2
400 532 2
35 47 47 107
47 35 50 74
47 50 35 60
107 74 60 45

