100 4 4
0 103 0
1 104 1
9 34 2
9 146 1
33 154 0
38 180 1
49 185 1
55 157 0
59 211 2
75 248 1
91 128 3
94 263 1
104 238 2
110 190 3
129 296 0
139 204 3
151 337 3
181 315 2
184 330 1
194 379 3
209 386 0
217 368 1
218 397 3
225 371 2
244 436 1
256 402 3
260 444 0
261 451 0
275 470 2
277 453 0
289 454 0
295 458 0
319 482 2
344 487 0
346 465 1
358 528 1
361 554 3
363 554 3
365 558 3
366 502 0
375 511 0
382 491 2
397 584 1
401 590 2
401 572 3
414 591 1
431 599 2
438 564 0
441 638 2
454 638 2
485 648 1
504 687 0
513 680 2
521 719 0
523 698 3
531 723 0
539 667 1
549 737 0
591 698 2
598 766 0
601 719 1
609 799 0
619 749 3
635 705 2
649 730 1
651 760 2
657 822 1
662 846 1
720 850 0
720 905 0
738 759 3
744 915 0
756 831 3
769 962 0
770 966 0
778 784 2
789 907 1
812 945 1
813 1007 0
818 836 2
820 935 2
820 965 1
825 1005 2
837 1001 3
856 1035 1
874 1067 0
877 1001 3
887 1025 3
910 1071 1
927 1034 2
931 1104 1
933 1065 3
938 1081 3
942 1100 3
961 1141 1
995 1185 1
1002 1165 0
1048 1140 2
1059 1166 3
1061 1234 2
59 50 67 0
50 81 17 50
1 77 80 16
97 105 122 30

