75 4 2
0 123 2
1 296 2
3 274 1
4 340 1
29 315 2
43 396 0
52 397 1
58 411 1
91 336 2
104 387 2
108 459 0
129 475 2
150 235 3
161 292 3
177 568 0
182 572 0
185 535 1
197 540 3
207 599 1
208 500 2
224 603 3
250 640 3
273 647 0
300 673 0
350 716 0
433 767 0
446 637 1
453 698 3
466 643 2
504 746 1
525 810 0
576 805 2
612 766 1
627 839 2
646 817 0
663 1058 2
678 826 0
685 941 1
717 847 3
750 1116 1
783 1144 2
784 1175 2
799 1191 1
811 837 0
819 994 0
833 1188 2
960 1261 1
976 1366 0
981 1368 0
1004 1379 0
1035 1220 3
1041 1311 3
1068 1450 0
1084 1327 1
1087 1453 0
1091 1219 2
1145 1313 3
1147 1383 1
1158 1512 3
1235 1556 1
1283 1518 0
1283 1620 1
1338 1731 2
1339 1683 0
1346 1691 3
1369 1683 0
1381 1705 0
1404 1755 0
1442 1790 0
1536 1904 0
1536 1696 1
1561 1828 2
1592 1708 1
1613 1876 1
1619 1987 2
26 15 4 56
15 21 11 71
81 69 7 52
54 89 111 2

