50 4 3
0 10 3
15 69 1
28 29 0
32 176 3
44 206 3
47 268 3
59 285 1
70 226 0
96 194 2
101 363 0
111 321 1
131 388 0
144 375 3
147 394 0
152 403 0
159 313 2
178 389 2
185 402 2
212 442 3
243 501 2
249 514 2
263 518 2
270 530 2
281 515 3
282 544 2
292 324 1
314 435 0
316 452 0
363 529 1
367 623 0
388 563 2
408 630 2
415 645 0
419 622 3
436 658 0
499 726 1
511 766 2
532 715 0
568 779 1
579 795 1
582 843 2
584 796 3
589 815 3
590 848 3
594 849 3
604 866 2
614 736 0
637 863 3
640 833 1
678 913 1
3 4 20 11
4 5 16 15
14 5 3 1
13 4 1 27

