75 4 2
0 107 0
30 47 1
38 98 2
38 204 1
59 239 0
60 377 1
64 399 1
77 288 0
79 323 2
135 519 1
145 212 3
146 533 1
204 452 2
308 424 3
337 398 0
338 635 3
341 683 3
348 581 2
400 655 1
427 748 3
445 651 0
454 661 1
456 760 3
474 692 2
475 822 1
520 783 3
534 784 0
536 874 0
551 820 2
552 887 0
600 973 0
610 980 0
633 987 2
645 1004 0
653 832 1
684 977 1
717 1102 3
723 1104 3
744 1134 3
755 1034 0
794 1089 0
815 1106 2
838 1001 1
898 1164 2
904 1182 3
925 1254 1
954 1237 2
971 1324 0
972 1291 2
986 1316 2
1025 1264 1
1049 1376 0
1057 1384 2
1059 1400 0
1087 1473 3
1091 1455 0
1114 1370 1
1125 1507 0
1173 1549 2
1224 1566 0
1229 1596 1
1253 1640 0
1260 1532 3
1264 1638 2
1268 1647 1
1270 1665 2
1288 1656 1
1301 1667 1
1330 1665 0
1338 1734 0
1339 1690 3
1365 1750 0
1400 1690 3
1415 1792 0
1420 1800 0
34 20 29 24
20 36 9 44
54 114 24 152
103 64 58 33

