50 4 3
0 207 2
4 169 0
8 241 0
8 193 3
12 227 2
15 267 0
38 274 0
79 304 2
94 263 1
98 291 0
121 280 1
125 283 3
135 369 1
147 403 3
169 399 1
210 474 1
239 451 3
249 494 1
270 485 3
327 516 1
329 402 0
341 435 0
375 562 3
383 590 3
417 676 1
419 519 0
419 677 1
438 484 2
449 633 0
454 690 0
463 716 1
471 719 1
473 509 2
487 646 2
491 725 0
492 726 1
542 781 3
554 673 2
557 771 0
568 806 1
586 822 1
597 772 0
628 687 2
640 816 3
684 780 0
712 825 1
721 955 0
728 972 1
738 984 0
740 991 1
4 32 15 39
72 23 79 162
9 61 13 122
120 72 90 10

