75 4 3
0 81 2
1 197 2
3 183 1
3 227 1
20 210 2
29 263 0
35 264 1
39 274 1
61 224 2
70 258 2
73 306 0
87 317 2
101 158 3
108 195 3
119 379 0
122 381 0
124 356 1
132 360 3
139 400 1
140 334 2
151 403 3
168 427 3
184 433 0
202 450 0
236 479 0
291 513 0
300 427 1
304 466 3
313 430 2
339 500 1
353 542 0
387 539 2
411 513 1
421 562 2
434 548 0
445 707 2
455 553 0
460 630 1
481 567 3
503 746 1
525 765 2
526 786 2
536 797 1
544 561 0
549 665 0
558 794 2
642 842 1
653 912 0
656 913 0
672 921 0
692 815 3
696 875 3
714 968 0
724 885 1
726 969 0
729 814 2
765 877 3
766 923 1
773 1008 3
824 1038 1
856 1012 0
856 1080 1
893 1154 2
894 1123 0
899 1128 3
915 1123 0
923 1139 0
938 1171 0
964 1195 0
1027 1271 0
1027 1133 1
1044 1221 2
1065 1142 1
1079 1254 1
1083 1328 2
78 45 21 24
45 62 24 69
111 75 22 28
26 79 109 5

