50 4 4
0 124 0
1 195 1
6 17 2
14 204 1
17 188 0
24 211 1
35 220 1
49 242 0
63 80 2
65 251 1
85 182 3
88 265 1
106 155 2
127 290 3
131 245 0
138 297 3
149 314 3
179 342 2
185 364 1
191 323 3
200 394 0
204 371 1
205 327 3
218 410 2
235 414 1
238 410 3
241 399 0
255 448 0
260 431 2
269 455 0
272 457 0
272 464 0
275 459 2
288 464 0
299 481 1
318 483 1
323 464 3
324 492 3
328 518 3
331 526 0
332 529 0
347 531 2
351 514 1
351 534 2
362 529 3
363 561 1
365 540 2
372 539 0
373 565 2
401 589 2
8 16 24 11
16 12 22 27
24 22 9 13
11 27 13 8

