100 4 1
0 490 2
34 443 0
50 645 0
78 736 3
102 504 2
107 678 0
148 862 0
161 907 2
163 273 1
313 1018 0
350 953 1
360 784 3
392 998 1
446 842 3
478 1017 1
572 1227 1
608 1240 3
741 1361 1
824 1318 3
852 1557 1
873 1592 0
904 1621 0
909 1620 3
919 1623 3
938 1672 1
943 1684 0
957 1712 1
996 1487 2
1082 1722 0
1134 1727 0
1142 1758 1
1144 1791 1
1159 1761 2
1168 1903 2
1173 1920 0
1231 1850 1
1238 1796 3
1256 1955 2
1288 1968 0
1301 1915 1
1321 1950 1
1342 2082 0
1454 2028 2
1459 2172 3
1504 2086 0
1546 2298 1
1547 2226 0
1567 2352 1
1573 2335 0
1597 2381 1
1597 2394 1
1725 2462 1
1744 2515 0
1817 2504 1
1826 2417 3
1861 2653 0
1940 2640 3
1949 2736 0
1964 2657 3
2063 2763 0
2094 2425 2
2097 2642 1
2105 2748 3
2147 2830 3
2196 2718 1
2227 2787 0
2263 3059 3
2294 2638 2
2408 2982 0
2441 3120 3
2524 3206 0
2538 2733 2
2590 2940 1
2631 3083 1
2717 2968 2
2731 3435 3
2749 3477 0
2838 3589 0
2865 3464 1
2920 3250 2
2930 3728 0
2931 3693 1
2970 3714 1
3030 3436 2
3070 3547 2
3074 3632 2
3075 3650 2
3145 3574 3
3160 3709 3
3212 3801 2
3239 3861 3
3244 3902 0
3288 3964 0
3331 3963 1
3342 4011 3
3391 4179 0
3462 4132 3
3483 4171 1
3499 4248 1
3501 4283 0
51 117 69 153
117 87 186 184
69 186 51 136
153 184 136 102

