50 4 2
0 331 2
7 357 2
38 262 1
43 287 1
184 559 2
233 411 0
264 374 1
319 443 1
385 591 2
407 694 2
421 631 0
448 730 2
466 545 3
477 555 3
510 894 0
513 908 0
534 559 1
597 969 3
636 912 1
637 761 2
642 1037 3
672 1063 3
680 1014 0
692 1030 0
712 1080 0
725 1101 0
737 1067 1
740 1101 3
743 781 2
752 1072 1
776 1105 0
779 1087 2
813 1111 1
838 1190 2
839 1116 0
844 1234 2
880 1230 0
882 1225 1
885 1277 3
886 1265 1
911 1262 2
912 1302 2
914 1288 1
915 1288 0
940 1306 0
954 1349 2
963 1329 1
969 1330 0
1002 1393 0
1015 1407 0
9 13 82 53
13 9 95 58
82 95 30 41
53 58 41 30

