100 4 1
0 366 0
8 462 2
45 175 3
86 309 3
123 280 1
166 349 3
178 721 2
208 393 0
295 1020 0
302 1093 0
322 986 3
342 504 1
348 871 2
383 1086 3
414 1204 0
422 1211 0
471 1236 0
517 1204 3
569 1246 0
593 1391 3
630 1063 2
707 1129 2
723 1433 0
751 1299 2
822 1600 1
888 1651 1
892 1542 0
917 1631 0
1002 1631 0
1109 1846 0
1172 1392 2
1186 1809 3
1206 1764 2
1273 1961 1
1332 1885 3
1337 1940 3
1378 1966 3
1459 2075 0
1460 2207 3
1462 2059 1
1508 2168 0
1718 2306 3
1753 2443 3
1832 2524 3
1844 2603 1
1873 2386 0
1891 2470 0
1914 2707 1
1924 2608 3
1936 2405 2
1984 2783 2
2016 2680 3
2102 2862 2
2261 2594 0
2293 2921 2
2340 3121 2
2341 3122 1
2348 3146 0
2426 3161 2
2428 3204 2
2589 3176 0
2597 3219 2
2684 3195 1
2685 3442 3
2706 3398 1
2736 3473 1
2811 3563 0
2835 3566 0
2846 3230 2
2916 3551 3
2948 3663 3
2957 3669 0
3086 3577 1
3126 3820 3
3172 3764 0
3212 3829 0
3254 3920 0
3318 4067 0
3391 3829 3
3434 3706 1
3465 3875 3
3468 3855 2
3530 3987 1
3568 3858 2
3629 4141 2
3630 4023 3
3658 4422 2
3734 4344 0
3739 4164 3
3780 4500 0
3818 4246 3
3863 4233 1
3865 4446 1
3985 4448 1
4037 4670 1
4061 4822 3
4118 4795 0
4120 4825 3
4201 4824 0
4228 5020 3
43 58 155 192
58 43 97 134
155 97 72 99
192 134 99 74

