75 4 2
0 121 0
42 220 2
43 89 3
68 248 3
83 206 1
109 500 3
127 466 2
132 188 0
190 568 0
192 579 0
227 528 3
227 297 1
271 589 2
294 663 3
341 735 0
342 737 0
369 764 0
387 693 3
394 765 0
467 766 3
557 685 2
592 966 2
597 933 0
620 970 2
623 697 1
671 1024 1
675 935 0
694 937 0
714 991 0
733 1023 0
755 1003 2
761 1005 3
776 1087 2
819 1170 1
822 1109 3
832 1202 3
842 1236 3
845 1227 0
862 1261 3
878 1233 1
882 1271 0
907 1288 3
930 1298 3
956 1300 3
968 1244 1
986 1287 0
1024 1318 0
1032 1340 1
1046 1419 3
1082 1380 2
1115 1445 2
1117 1462 3
1129 1475 2
1172 1551 0
1226 1482 2
1257 1546 2
1264 1512 1
1274 1670 0
1308 1650 2
1338 1737 2
1341 1673 0
1362 1742 2
1402 1568 1
1403 1601 3
1404 1596 1
1427 1622 1
1532 1741 0
1550 1746 0
1589 1903 2
1595 1752 3
1610 2000 3
1619 2009 0
1630 2029 1
1635 2002 3
1641 2029 0
22 30 81 160
30 22 91 130
81 91 60 89
160 130 89 66

