50 4 2
0 76 0
42 407 2
43 259 3
68 350 3
83 324 1
109 459 3
127 515 2
132 511 0
190 581 0
192 586 0
227 576 3
227 371 1
271 649 2
294 678 3
341 612 0
342 704 0
369 764 0
387 719 3
394 789 0
467 773 3
557 928 2
592 966 2
597 933 0
620 970 2
623 697 1
671 1024 1
675 935 0
694 937 0
714 991 0
733 1023 0
755 1003 2
761 1005 3
776 1087 2
819 1170 1
822 1109 3
832 1202 3
842 1236 3
845 1227 0
862 1261 3
878 1233 1
882 1271 0
907 1288 3
930 1298 3
956 1300 3
968 1244 1
986 1287 0
1024 1318 0
1032 1340 1
1046 1419 3
1082 1380 2
21 141 54 157
1 39 29 90
34 68 8 19
103 25 50 66

