100 4 3
0 24 3
3 118 1
41 189 0
84 180 3
105 181 3
177 239 3
185 336 1
201 381 0
211 239 2
227 422 0
251 410 1
267 501 0
274 534 3
276 510 0
278 525 0
285 372 2
298 408 2
298 521 2
319 581 3
333 589 2
336 591 2
349 610 2
349 611 2
351 586 3
359 621 2
360 539 1
387 648 0
394 654 0
412 645 1
415 671 0
445 635 2
457 716 2
479 742 0
507 770 3
508 744 0
515 703 1
532 794 2
556 784 0
569 772 1
572 772 1
604 798 2
620 803 3
647 910 3
666 925 3
676 932 3
684 910 2
697 951 0
711 935 3
714 929 1
716 961 1
716 972 1
716 978 2
718 961 0
742 966 0
764 968 0
817 981 1
820 1033 1
836 1009 0
879 1112 3
905 1106 1
910 1127 1
912 1139 1
923 1175 1
939 1180 1
941 1030 2
959 1200 1
975 1128 3
996 1207 1
1026 1219 1
1034 1158 3
1040 1227 1
1060 1255 3
1061 1321 1
1071 1335 1
1073 1109 0
1083 1100 2
1089 1349 1
1100 1347 0
1106 1362 1
1118 1338 3
1119 1183 2
1121 1296 2
1177 1407 0
1181 1407 2
1185 1450 0
1195 1459 0
1208 1464 2
1234 1447 1
1246 1468 2
1300 1529 1
1304 1545 3
1305 1539 1
1307 1498 0
1345 1582 3
1353 1604 0
1362 1512 2
1384 1616 0
1385 1619 0
1398 1540 2
1411 1642 3
18 24 175 95
24 18 179 99
175 179 60 80
95 99 80 60

