75 4 1
0 290 0
6 256 2
101 396 3
109 478 3
146 884 1
187 496 3
224 397 2
267 1056 0
279 1070 0
309 1099 0
396 694 3
403 1015 1
423 477 2
443 1185 3
449 1197 0
484 1224 0
515 1304 0
523 1288 3
572 1370 0
618 1328 3
670 1218 2
694 1472 2
731 1494 0
808 1522 2
824 1245 1
852 1416 1
923 1547 0
989 1618 0
993 1730 0
1018 1765 0
1103 1700 2
1210 1870 3
1273 1861 2
1287 1746 1
1307 1997 3
1374 2066 3
1433 2192 3
1438 1951 0
1479 2272 3
1560 1942 1
1561 2009 0
1563 2362 3
1609 2369 3
1819 2447 3
1854 2168 1
1933 2714 0
1945 2726 0
1974 2772 1
1992 2452 3
2015 2290 2
2025 2760 2
2037 2595 3
2085 2861 2
2117 2739 0
2203 2960 2
2362 3054 2
2394 3131 1
2441 2802 0
2442 3194 2
2449 3198 2
2527 2965 0
2529 3293 2
2690 3300 1
2698 3123 3
2785 3505 1
2786 3547 1
2807 3484 0
2837 3542 0
2912 3419 2
2936 3442 3
2947 3570 3
3017 3809 0
3049 3689 1
3058 3671 3
3187 3844 0
8 216 200 97
25 66 106 94
74 111 74 16
70 194 95 3

