75 4 3
0 94 2
0 30 0
19 206 0
30 198 3
35 170 2
44 251 0
52 311 0
54 295 2
68 326 1
72 325 0
73 334 1
123 271 3
135 388 1
138 301 3
149 409 1
167 419 1
178 324 3
209 462 1
221 338 3
265 530 1
293 490 0
302 547 0
309 455 3
319 460 3
321 577 1
324 552 0
330 593 1
332 565 2
337 598 0
350 614 0
379 605 1
396 622 1
399 633 2
400 642 2
405 654 0
408 673 1
410 502 3
429 682 2
431 656 0
437 684 1
448 710 1
452 674 0
459 687 2
466 659 3
503 752 0
505 725 1
520 780 0
534 751 1
534 780 0
541 799 1
543 802 1
551 807 1
551 781 0
594 855 1
600 728 3
624 852 0
627 800 3
639 868 0
665 912 3
668 895 0
673 775 2
706 894 1
716 951 3
717 972 3
720 946 1
734 998 0
750 991 3
760 826 2
772 1001 0
782 1017 3
820 1074 0
831 974 2
859 1048 1
864 1105 1
881 1131 2
14 12 108 40
27 69 20 182
52 15 16 112
51 12 9 76

