75 4 3
0 237 3
17 136 1
80 159 0
92 323 3
113 360 3
149 378 3
160 290 1
163 326 0
165 285 2
170 342 0
171 416 1
175 410 0
185 379 3
195 435 0
218 452 0
221 366 2
259 398 2
302 557 2
323 427 3
395 575 2
403 598 2
419 653 2
429 689 2
445 679 3
469 698 2
485 602 1
492 640 0
494 652 0
496 708 1
503 734 0
516 731 2
516 763 2
537 760 0
551 813 3
554 810 0
567 742 1
567 789 2
569 824 0
577 760 1
578 789 1
605 821 2
612 873 3
630 888 3
633 888 3
663 925 3
675 901 2
697 890 0
725 960 3
726 790 1
733 995 1
750 1011 1
774 993 2
787 905 0
790 946 0
822 1060 0
838 1056 1
865 1108 1
884 1073 0
894 1094 3
902 1148 1
915 1175 1
929 1185 1
932 1191 1
934 1197 1
934 1197 2
934 1197 1
936 1152 3
960 1219 1
982 1238 1
1035 1261 3
1038 1292 1
1054 1278 3
1097 1312 1
1123 1368 1
1128 1232 0
10 30 14 75
30 31 44 45
109 128 16 184
43 72 2 41

