75 4 4
0 32 2
18 177 0
49 209 0
60 197 3
63 79 2
80 264 0
83 278 0
90 165 2
99 143 1
116 297 0
147 341 1
168 202 3
175 352 1
191 256 3
234 385 1
236 426 1
245 367 3
271 435 1
277 377 3
302 444 1
303 481 0
303 489 0
317 437 3
326 502 3
330 480 1
337 500 0
343 501 1
344 499 2
354 530 0
357 536 0
358 518 1
396 575 1
405 582 2
408 584 2
416 599 0
429 586 1
437 546 3
461 646 2
470 600 0
503 691 1
524 707 1
531 717 0
536 690 2
544 628 3
545 719 0
547 717 1
552 737 0
553 731 1
557 745 0
567 736 1
589 742 1
602 771 1
604 775 0
605 783 1
609 682 3
611 807 0
612 723 3
626 816 0
628 751 3
632 828 0
640 720 2
643 833 1
648 758 3
653 805 3
681 871 1
682 881 0
693 841 3
703 758 2
703 887 0
708 900 3
709 907 0
715 890 2
715 911 1
747 920 1
752 927 2
28 38 90 123
38 28 128 151
90 128 45 61
123 151 61 45

