75 4 2
0 389 3
17 416 1
18 357 0
32 404 3
65 409 3
69 437 3
139 492 1
145 438 0
176 463 2
205 500 0
215 577 1
220 573 0
246 464 3
341 725 0
359 750 0
391 743 2
445 789 2
461 808 2
465 661 3
469 841 2
477 871 2
479 872 2
484 873 2
499 707 3
514 893 2
549 887 1
554 938 0
611 1005 0
676 1016 1
708 1062 0
815 911 2
827 1221 2
851 1121 0
866 1259 3
890 1220 0
926 1104 1
950 1308 2
960 1288 0
964 1116 1
967 1332 1
978 1348 2
998 1319 3
998 1321 3
1030 1339 3
1052 1444 3
1057 1408 2
1077 1417 0
1078 1463 3
1081 1368 1
1093 1482 1
1094 1490 1
1134 1529 2
1145 1464 0
1172 1475 0
1176 1518 0
1221 1515 1
1238 1593 1
1271 1554 0
1314 1467 3
1315 1709 1
1326 1722 1
1352 1742 1
1388 1773 1
1408 1791 1
1413 1641 2
1462 1799 1
1486 1810 3
1526 1895 1
1554 1903 1
1568 1847 3
1580 1965 1
1599 1994 3
1620 1966 1
1624 1990 1
1627 1759 0
21 28 41 72
28 21 43 84
41 43 30 113
72 84 113 54

