100 4 1
0 368 3
21 333 1
61 498 0
61 749 3
125 764 3
168 863 3
177 569 1
217 863 0
218 262 2
224 968 0
248 581 1
251 1039 0
332 1104 3
354 1047 0
408 1077 0
416 1101 2
506 1273 2
541 1327 2
606 1243 3
691 1373 2
693 1471 2
715 1473 2
766 1534 2
838 1627 3
878 1559 2
887 1467 1
984 1427 0
1032 1740 0
1113 1901 1
1169 1956 0
1198 1859 2
1222 1939 2
1260 1990 0
1302 1633 3
1310 2050 0
1316 1959 1
1317 1963 2
1317 2101 0
1324 2026 1
1397 2077 1
1464 2234 2
1624 2198 3
1633 2412 3
1682 2474 3
1810 2601 3
1888 2527 2
1904 2510 0
1909 2619 3
1941 2507 1
1989 2777 1
1995 2788 1
2049 2699 2
2096 2877 0
2159 2929 0
2250 2930 0
2273 3039 1
2290 3061 1
2350 3140 0
2353 3022 3
2384 3076 1
2390 3122 1
2419 3122 1
2438 3122 1
2470 3229 1
2487 3075 2
2522 3247 1
2525 3252 3
2530 3314 1
2698 3375 1
2710 3396 3
2723 3410 1
2754 3550 3
2794 3492 1
2872 3656 1
2909 3654 0
3071 3842 2
3083 3746 1
3087 3781 0
3092 3772 1
3207 3655 3
3231 4030 2
3257 4051 2
3322 4092 0
3324 4080 2
3362 4100 0
3401 4132 0
3496 4252 2
3529 4218 1
3552 4305 2
3593 4298 1
3643 4410 3
3701 4467 1
3723 4337 0
3739 4437 3
3828 4369 0
3840 4530 2
3860 4560 0
3865 4650 0
3866 4634 2
3871 4635 3
8 23 145 163
23 23 122 140
52 73 2 94
13 4 73 20

