50 4 4
0 21 0
11 111 1
41 226 2
47 140 1
53 246 0
62 182 1
66 197 1
67 253 0
80 257 2
97 260 1
100 163 3
103 262 1
117 258 2
122 287 3
131 294 0
134 313 3
134 328 3
137 289 2
150 308 1
161 328 3
180 302 0
185 377 1
186 365 3
190 362 2
193 386 1
194 365 3
209 325 0
213 340 0
213 373 2
224 361 0
225 367 0
227 379 0
234 407 2
235 404 0
263 397 1
268 435 1
268 454 3
297 482 3
349 526 3
363 429 0
363 440 0
365 516 2
369 520 1
395 574 2
409 555 3
418 610 1
422 606 2
423 527 0
432 608 2
433 615 2
26 15 18 16
15 8 33 31
64 74 10 0
17 40 25 9

