75 4 3
0 42 2
23 235 0
64 278 0
79 261 3
83 105 2
106 351 0
110 369 0
120 220 2
132 191 1
154 395 0
195 453 1
224 270 3
234 470 1
255 342 3
312 513 1
314 567 1
326 489 3
360 578 1
368 501 3
402 592 1
404 641 0
404 652 0
423 582 3
434 668 3
439 639 1
448 665 0
456 666 1
458 664 2
472 706 0
476 715 0
477 691 1
527 765 1
539 775 2
542 776 2
553 797 0
571 780 1
582 727 3
613 859 2
625 799 0
669 920 1
697 941 1
706 954 0
713 919 2
723 836 3
725 957 0
728 954 1
734 980 0
736 973 1
741 991 0
754 980 1
783 987 1
800 1024 1
803 1031 0
804 1041 1
809 906 3
812 1073 0
814 962 3
833 1086 0
835 998 3
841 1101 0
852 959 2
856 1108 1
863 1009 3
870 1072 3
907 1160 1
909 1174 0
924 1121 3
938 1012 2
938 1183 0
945 1201 3
947 1210 0
955 1188 2
955 1216 1
998 1228 1
1004 1236 2
21 29 87 107
29 21 116 134
87 116 43 58
107 134 58 43

