75 4 3
0 188 0
7 226 1
19 236 2
23 261 1
23 198 0
26 285 1
44 299 1
59 198 0
84 322 2
91 320 1
92 254 3
97 354 1
101 328 2
102 257 3
122 291 0
127 260 3
127 340 3
141 330 2
142 373 1
144 369 3
153 332 0
154 377 1
192 440 3
198 376 2
198 392 1
236 482 3
305 409 0
324 435 0
325 560 2
327 528 0
332 533 0
366 605 0
384 579 2
396 652 0
402 477 1
403 597 1
415 579 3
416 661 3
446 680 3
455 697 0
456 709 0
466 725 2
466 619 1
498 732 2
505 717 3
520 694 1
528 747 2
534 752 0
555 772 2
577 803 2
581 837 1
595 837 0
603 812 2
629 883 0
643 893 3
658 885 0
698 942 1
702 959 0
716 897 2
735 983 0
746 998 1
747 983 0
757 899 3
783 961 2
799 1022 1
804 971 2
806 1069 1
824 1069 1
827 1044 0
842 1085 0
849 1072 3
881 1144 0
915 1148 3
918 1174 0
934 1184 0
23 66 57 31
66 23 31 57
57 31 23 50
31 57 50 23

