75 4 4
0 169 3
7 39 1
23 60 0
25 185 3
60 195 3
63 241 3
79 168 1
94 153 0
99 273 2
102 154 0
115 177 1
163 204 0
172 284 3
188 319 0
215 401 0
223 314 2
225 397 2
227 411 2
231 407 3
232 413 2
235 427 2
242 437 2
249 446 2
266 459 3
269 460 2
297 434 1
329 405 0
345 461 0
399 558 1
405 490 0
417 525 2
425 550 2
437 600 0
455 568 3
467 663 0
472 631 1
474 644 2
476 670 0
481 670 1
491 683 1
491 688 2
507 599 3
518 603 3
520 690 3
530 707 3
530 727 2
531 727 0
537 716 3
538 702 1
558 740 1
564 749 1
577 737 2
579 729 0
601 762 0
610 764 0
626 822 1
647 822 1
648 818 0
653 845 3
666 860 1
684 882 1
694 891 1
696 893 1
720 918 1
732 803 2
752 947 1
766 958 3
773 964 1
779 971 1
788 985 3
799 972 1
801 990 3
802 972 1
802 983 1
802 869 0
21 49 29 50
49 36 78 59
29 78 21 71
50 59 71 37

