50 4 4
0 122 3
7 173 1
22 192 0
31 148 3
33 230 3
36 230 3
41 240 1
55 224 0
60 92 2
80 240 0
103 281 1
108 282 0
118 230 3
123 309 0
131 315 0
132 308 2
139 320 2
155 331 2
157 266 3
192 384 2
195 390 2
211 397 2
226 423 2
231 282 3
234 427 2
247 300 1
295 385 0
304 435 0
320 354 1
347 514 0
355 488 2
357 530 2
359 526 0
363 534 3
364 555 0
367 504 1
374 533 2
381 577 0
398 557 1
401 571 1
429 541 2
461 574 3
477 584 3
531 607 3
537 643 3
549 615 2
557 671 0
569 696 3
587 781 1
599 788 1
6 9 30 109
9 10 21 118
30 48 6 150
15 24 29 25

