75 4 3
0 23 2
8 271 2
10 26 1
12 259 1
18 281 2
34 109 0
36 260 1
58 292 1
74 303 2
75 310 2
79 242 0
103 336 2
104 334 3
106 366 3
107 329 0
124 349 0
125 370 1
127 377 3
127 386 1
144 376 2
153 381 3
159 420 3
163 357 0
185 366 0
194 367 0
197 400 0
211 463 1
225 459 3
232 440 2
243 502 1
246 495 0
248 496 2
256 518 1
263 506 2
264 504 0
275 535 2
292 553 0
308 530 1
326 523 3
360 574 1
415 651 2
424 683 2
428 616 1
437 586 0
463 663 0
477 706 2
511 753 1
535 787 0
545 788 0
558 815 0
569 780 3
579 828 3
584 838 0
605 766 1
627 870 0
649 734 2
650 885 3
660 874 1
668 892 3
673 934 1
682 911 0
766 995 1
777 964 2
780 912 0
796 997 3
816 1024 0
820 1036 0
838 1071 0
848 1079 0
850 1094 0
853 1030 1
889 966 2
890 1065 1
897 1142 1
948 1133 2
45 137 78 61
137 102 215 198
78 215 21 29
61 198 29 21

