50 4 3
0 121 0
0 219 2
10 87 3
12 95 3
19 90 1
35 181 3
40 219 2
46 179 0
48 291 0
52 310 0
71 323 3
72 155 1
100 295 2
101 361 3
117 342 0
127 378 0
144 401 0
156 367 3
160 405 0
199 461 3
200 331 2
224 456 2
224 476 0
253 508 2
268 302 1
299 433 1
299 479 0
317 558 0
329 592 0
333 595 0
381 521 2
441 504 3
464 667 2
467 485 1
482 728 3
484 732 3
516 739 3
519 676 0
531 764 3
545 594 1
557 792 0
571 777 3
575 808 3
585 831 3
614 675 1
616 801 0
623 885 0
630 884 1
632 860 3
644 675 2
3 22 24 138
22 16 2 116
10 10 6 52
184 164 76 4

