100 4 1
0 452 0
71 774 2
137 386 3
141 931 3
166 464 1
251 993 3
358 957 2
421 678 0
435 1183 0
455 1195 0
522 1078 3
581 1370 1
586 1351 2
627 1140 3
708 1395 0
709 1507 0
711 1510 0
757 1289 3
967 1631 0
1002 1762 3
1081 1414 2
1093 1490 2
1122 1750 0
1140 1921 2
1163 1944 1
1173 1971 1
1185 1920 0
1233 2009 0
1265 2022 0
1351 2043 0
1510 2247 2
1542 1903 3
1589 2341 2
1590 2243 1
1597 2133 3
1675 2273 3
1677 2281 3
1838 2569 0
1846 2363 3
1933 2568 1
1934 2649 0
1955 2515 3
1985 2697 3
2060 2754 3
2084 2676 1
2095 2712 0
2165 2831 0
2197 2771 1
2206 2955 3
2335 2773 2
2375 2785 2
2421 3185 3
2461 3071 2
2503 2928 0
2567 3287 2
2640 3401 2
2683 3360 1
2714 3264 0
2717 3422 2
2779 3571 2
2817 3299 0
2878 3674 2
2879 3604 1
2907 3433 3
2983 3606 1
2988 3630 1
3029 3749 0
3067 3794 0
3112 3875 2
3114 3532 3
3234 3943 3
3286 4041 0
3310 3752 1
3367 4166 3
3369 4162 0
3450 4171 0
3477 4177 0
3508 4281 0
3531 4216 3
3604 4157 1
3655 4259 3
3720 4406 2
3779 4259 1
3794 4499 2
3852 4613 2
3856 4631 3
3909 4626 2
3983 4467 0
4041 4820 3
4186 4506 0
4196 4944 3
4264 4599 1
4284 4938 1
4307 5072 1
4307 5075 1
4314 5091 3
4378 4935 0
4465 5256 3
4482 5157 0
4515 5279 3
35 33 106 22
18 22 73 75
110 20 23 65
112 52 121 10

