50 4 1
0 167 0
10 163 1
65 646 2
85 365 1
121 571 0
132 414 1
132 732 1
142 888 0
195 733 2
240 949 1
315 514 3
335 990 1
339 795 2
353 991 3
365 931 0
369 1029 3
429 1083 3
444 1160 2
444 1223 1
486 1096 3
489 1123 0
496 1264 1
523 1239 3
526 1217 2
639 1273 1
658 1432 3
659 1155 0
774 1368 0
981 1279 2
1039 1597 0
1041 1726 0
1047 1742 0
1061 1587 2
1164 1841 0
1218 1756 1
1254 1925 1
1272 1533 3
1276 2022 3
1313 2054 3
1316 2025 0
1405 2124 0
1433 1792 2
1436 2022 1
1466 2236 2
1467 2205 3
1564 2125 1
1584 2288 2
1629 2359 0
1653 2316 2
1670 2342 2
13 14 51 18
11 14 62 50
130 107 18 49
93 134 33 17

