75 4 1
0 93 0
49 63 2
79 439 3
130 912 3
165 844 1
176 933 3
293 307 2
297 944 0
368 1142 0
368 1157 0
456 1155 3
502 1259 1
595 634 2
596 1364 3
651 1194 0
688 1413 0
701 1492 0
846 1510 3
1026 1549 0
1095 1547 3
1105 1808 2
1151 1941 2
1157 1579 0
1252 1994 2
1260 1607 1
1297 1896 1
1338 1595 0
1375 2123 0
1418 2125 0
1430 2132 0
1460 2034 2
1547 2287 3
1554 2110 2
1574 2363 1
1594 2359 3
1600 2398 3
1635 2413 3
1666 2429 0
1674 2421 3
1723 2383 1
1769 2459 0
1821 2513 3
1845 2604 3
1882 2675 3
1959 2407 1
1975 2659 0
2003 2802 0
2074 2606 1
2140 2804 3
2144 2904 2
2169 2950 2
2254 3035 3
2361 3159 2
2424 2884 0
2438 3173 2
2458 3234 2
2525 2758 1
2584 3068 0
2589 3346 2
2630 3367 2
2711 3072 0
2712 3464 2
2714 2994 1
2760 3413 3
2970 3506 1
3005 3603 1
3084 3688 0
3096 3827 0
3125 3509 2
3143 3660 3
3166 3801 3
3176 3891 0
3188 3748 1
3236 3948 3
3268 3962 0
60 80 146 84
80 49 66 138
146 66 49 174
84 138 174 63

