75 4 4
0 178 3
13 102 1
61 120 0
70 244 3
86 272 3
113 285 3
121 218 1
123 245 0
125 215 2
129 258 0
130 314 1
133 309 0
140 286 3
147 328 0
164 340 0
167 276 2
195 299 2
227 419 2
243 321 3
297 432 2
303 450 2
315 491 2
323 518 2
335 511 3
353 525 2
365 453 1
370 481 0
372 490 0
374 533 1
379 552 0
389 550 2
389 575 2
405 573 0
416 613 3
418 611 0
428 559 1
428 595 2
429 620 0
435 572 1
436 595 1
456 619 2
462 658 3
475 669 3
477 669 3
499 696 3
508 678 2
524 669 0
545 722 3
546 743 1
551 747 1
564 749 1
582 742 2
592 725 0
594 744 0
618 779 0
630 756 1
650 804 1
664 860 0
671 752 3
677 852 1
686 856 1
697 889 1
699 893 1
700 898 1
700 897 2
700 898 1
702 773 3
720 915 1
737 929 1
777 787 3
779 949 1
791 982 3
823 955 1
842 970 1
846 1014 0
15 45 17 70
45 46 62 25
114 142 23 195
47 91 6 61

