50 4 4
0 89 2
2 54 0
17 107 0
42 61 3
51 131 2
54 153 0
91 209 0
99 190 2
110 287 1
117 273 0
120 295 1
127 266 3
130 320 1
133 270 3
133 325 1
136 334 1
138 297 3
156 340 1
187 348 3
198 340 1
201 342 0
218 344 0
221 376 3
228 423 3
237 418 1
254 448 0
285 424 1
306 359 2
313 490 0
329 519 0
372 494 1
374 522 1
383 547 2
409 551 2
415 593 0
440 626 1
441 468 3
441 561 2
455 631 0
464 627 1
468 644 1
475 654 0
481 570 2
482 532 3
492 671 0
495 672 1
496 672 0
534 717 1
543 700 0
546 731 1
16 2 6 26
2 44 4 24
75 91 19 8
54 80 28 27

