50 4 3
0 28 0
15 148 1
54 300 2
61 185 1
69 326 0
81 241 1
87 261 1
88 336 0
106 341 2
129 346 1
132 215 3
135 347 1
153 341 2
160 379 3
172 389 0
176 414 3
176 435 3
179 382 2
197 407 1
212 467 3
237 475 0
244 473 1
245 502 3
250 415 2
254 481 1
255 503 3
275 521 0
280 536 0
280 474 2
294 539 0
295 548 0
297 556 0
306 492 2
307 563 0
345 587 1
351 605 1
351 601 3
389 616 3
458 702 3
477 734 0
478 741 0
480 581 2
485 730 1
519 736 2
537 780 3
549 772 1
555 741 2
556 756 0
568 831 2
569 831 2
26 15 18 16
15 8 33 31
64 74 10 0
17 40 25 9

