100 4 3
0 197 0
69 168 1
88 115 2
89 274 1
91 318 0
96 309 1
130 312 1
148 337 0
160 328 2
166 347 1
167 303 3
179 381 1
180 411 2
210 385 3
219 385 0
220 445 3
230 453 3
230 478 2
262 440 1
269 463 3
284 465 0
292 538 1
298 533 3
319 520 2
341 542 1
345 584 3
359 478 0
367 562 0
393 649 2
407 601 0
422 667 0
462 696 0
466 708 2
480 700 0
499 611 1
510 697 1
511 683 3
521 689 3
547 698 3
563 786 0
568 821 0
570 829 2
588 741 1
591 847 2
606 848 3
613 783 1
645 854 2
679 933 0
682 932 2
698 942 2
703 960 1
706 954 0
709 961 2
710 973 0
722 967 3
731 974 0
750 973 1
756 1019 0
756 989 2
773 1029 0
796 989 1
806 1056 0
810 1033 3
828 1080 2
869 1042 1
894 1113 2
906 1108 1
917 1122 1
920 1109 0
930 1175 0
941 1115 3
954 1200 0
1010 1237 3
1019 1277 0
1023 1278 0
1034 1233 2
1047 1293 1
1068 1318 1
1087 1347 0
1089 1246 2
1098 1275 2
1105 1363 1
1182 1335 2
1183 1376 3
1207 1447 1
1216 1434 0
1233 1471 3
1251 1508 3
1252 1466 1
1263 1405 2
1278 1508 1
1308 1519 3
1310 1550 3
1317 1570 3
1320 1537 1
1320 1550 1
1326 1507 0
1342 1456 2
1367 1594 3
1392 1577 2
45 135 60 97
135 69 93 124
60 93 45 155
97 124 155 72

