100 4 3
0 125 2
3 248 2
5 213 1
13 263 1
20 260 2
21 46 0
32 266 1
49 308 1
65 297 2
83 311 2
117 378 0
172 366 2
181 362 3
185 388 3
194 446 0
220 454 0
234 442 1
268 527 3
292 541 1
302 392 2
315 563 3
326 569 3
336 493 0
341 563 0
362 624 0
384 627 0
406 646 1
407 615 3
417 630 2
425 685 1
430 691 0
439 630 2
523 745 1
534 637 2
537 734 0
553 713 2
573 787 0
577 813 1
595 628 3
605 864 1
607 715 2
610 753 2
646 875 1
647 889 0
654 906 0
705 867 2
737 980 1
737 918 0
774 1031 0
775 1036 0
780 1009 3
796 1025 3
804 1037 0
819 1008 1
845 1076 0
908 1152 2
908 1085 3
925 1100 1
946 1191 3
960 1145 1
964 1204 0
980 1235 1
984 1194 2
989 1207 0
1001 1229 3
1013 1275 0
1015 1280 0
1040 1284 0
1046 1294 0
1057 1297 0
1064 1280 1
1068 1285 2
1070 1303 1
1129 1317 1
1152 1306 2
1192 1299 0
1194 1314 3
1196 1418 1
1203 1386 0
1208 1417 0
1242 1331 3
1244 1499 3
1246 1471 0
1267 1365 2
1306 1387 2
1321 1545 1
1351 1432 2
1351 1492 2
1353 1611 3
1359 1616 3
1389 1577 2
1394 1628 1
1396 1655 3
1458 1650 0
1469 1630 1
1483 1660 3
1497 1723 3
1519 1705 0
1558 1790 3
1611 1835 3
24 32 57 89
32 18 25 59
57 25 18 38
89 59 38 28

