75 4 4
0 61 2
1 148 2
2 137 1
2 170 1
15 158 2
22 198 0
27 199 1
30 206 1
46 168 2
53 194 2
55 230 0
65 238 2
76 118 3
82 147 3
90 285 0
92 287 0
93 268 1
99 270 3
104 300 1
105 251 2
113 302 3
126 321 3
138 325 0
151 337 0
176 359 0
218 385 0
225 320 1
228 350 3
234 322 2
253 374 1
264 406 0
289 403 2
307 384 1
314 420 2
324 409 0
332 529 2
340 414 0
343 471 1
359 424 3
375 558 1
392 572 2
392 587 2
399 595 1
405 418 0
409 496 0
416 593 2
479 629 1
487 682 0
489 682 0
501 688 0
516 608 3
519 654 3
533 724 0
541 662 1
542 725 0
544 608 2
571 655 3
572 690 1
578 755 3
616 776 1
640 757 0
640 808 1
668 864 2
669 841 0
673 845 3
685 842 0
691 853 0
702 877 0
721 895 0
768 952 0
768 848 1
781 914 2
796 854 1
806 937 1
809 993 2
26 15 4 56
15 21 11 71
81 69 7 52
54 89 111 2

