75 4 2
0 46 0
25 32 2
40 220 3
66 457 3
84 423 1
89 467 3
147 154 2
149 472 0
184 571 0
184 578 0
228 577 3
251 629 1
298 317 2
299 683 3
326 597 0
344 706 0
351 746 0
424 756 3
514 775 0
549 775 3
554 905 2
577 972 2
580 791 0
628 999 2
632 805 1
651 950 1
671 799 0
690 1064 0
712 1065 0
718 1069 0
733 1020 2
776 1146 3
779 1057 2
789 1183 1
799 1181 3
802 1201 3
819 1208 3
835 1216 0
839 1212 3
864 1194 1
887 1232 0
913 1259 3
925 1304 3
943 1339 3
981 1205 1
989 1331 0
1003 1402 0
1039 1305 1
1072 1404 3
1074 1454 2
1086 1476 2
1129 1519 3
1183 1582 2
1214 1444 0
1221 1588 2
1231 1619 2
1265 1381 1
1295 1537 0
1298 1676 2
1319 1687 2
1359 1539 0
1360 1736 2
1361 1501 1
1384 1710 3
1489 1757 1
1507 1806 1
1546 1848 0
1552 1917 0
1567 1759 2
1576 1834 3
1587 1904 3
1592 1949 0
1598 1878 1
1622 1978 3
1638 1985 0
73 112 136 98
112 31 42 68
136 42 31 110
98 68 110 51

