100 4 2
0 37 3
5 178 1
62 285 0
127 271 3
159 273 3
266 360 3
278 506 1
302 573 0
317 360 2
341 635 0
377 617 1
401 753 0
411 802 3
415 767 0
418 790 0
429 560 2
449 615 2
449 785 2
481 875 3
503 889 2
508 891 2
528 921 2
529 923 2
532 886 3
544 938 2
545 815 1
585 978 0
596 988 0
623 974 1
627 1012 0
672 959 2
689 1078 2
722 1118 0
765 1160 3
766 1121 0
777 1060 1
803 1197 2
839 1182 0
859 1164 1
864 1164 1
913 1204 2
937 1213 3
977 1373 3
1005 1395 3
1019 1404 3
1031 1371 2
1050 1433 0
1071 1408 3
1075 1399 1
1078 1447 1
1079 1464 1
1079 1474 2
1082 1448 0
1118 1455 0
1151 1459 0
1231 1478 1
1235 1555 1
1259 1520 0
1323 1674 3
1362 1664 1
1370 1696 1
1372 1714 1
1388 1767 1
1412 1774 1
1415 1549 2
1442 1805 1
1465 1696 3
1496 1813 1
1541 1831 1
1553 1739 3
1561 1843 1
1591 1884 3
1592 1984 1
1608 2006 1
1611 1665 0
1625 1651 2
1635 2027 1
1651 2023 0
1660 2045 1
1677 2008 3
1679 1775 2
1681 1945 2
1765 2112 0
1771 2111 2
1778 2177 0
1793 2190 0
1813 2198 2
1852 2173 1
1870 2204 2
1951 2295 1
1957 2319 3
1959 2311 1
1961 2249 0
2019 2376 3
2031 2409 0
2044 2269 2
2077 2427 0
2078 2430 0
2097 2310 2
2117 2465 3
18 24 175 95
24 18 179 99
175 179 60 80
95 99 80 60

