100 4 2
0 61 0
1 64 1
59 356 2
163 312 1
192 234 0
193 472 1
196 538 1
203 436 0
255 510 2
282 603 1
300 506 3
309 613 1
311 529 2
329 676 3
330 593 0
375 713 3
389 724 3
391 764 2
406 675 1
407 777 3
455 611 0
465 819 1
488 791 3
500 802 2
508 867 1
539 832 3
572 957 0
578 959 0
599 989 2
610 963 0
649 968 0
670 1000 0
693 1020 2
753 1080 0
759 1046 1
780 1121 1
809 1195 3
826 1208 3
827 1214 3
841 1113 0
880 1152 0
904 1123 2
912 1148 1
914 1288 2
942 1321 3
946 1289 1
969 1305 2
980 1250 0
1028 1309 2
1079 1434 2
1084 1297 1
1108 1377 0
1115 1451 2
1119 1383 0
1123 1518 3
1125 1493 0
1143 1470 1
1156 1522 0
1185 1520 2
1193 1589 0
1194 1545 1
1220 1605 0
1255 1545 3
1270 1533 2
1275 1652 1
1301 1637 2
1363 1743 1
1401 1769 1
1419 1680 0
1435 1689 0
1440 1667 3
1456 1705 0
1472 1842 3
1492 1834 0
1576 1963 0
1589 1897 2
1595 1778 1
1612 1964 1
1631 2014 0
1663 1962 2
1692 2061 2
1696 1968 1
1709 2085 2
1719 1921 3
1835 1991 1
1836 2076 0
1872 2082 3
1885 2148 3
1910 2302 1
1937 2173 2
1939 2327 1
1955 2186 3
1978 2269 3
2023 2384 3
2026 2354 1
2036 2394 1
2041 2143 0
2042 2214 2
2052 2439 3
2077 2326 2
30 90 44 41
90 36 54 49
44 54 26 35
41 49 35 26

