100 4 4
0 135 3
8 29 1
20 167 0
38 158 3
50 226 3
55 250 3
57 233 1
59 168 0
64 236 2
74 185 0
74 233 1
90 263 0
101 262 3
103 289 0
113 310 0
113 238 2
114 307 2
120 311 2
121 280 3
141 337 2
147 341 2
160 349 2
162 354 2
184 381 3
193 363 2
209 354 1
230 340 0
231 408 0
236 433 1
249 445 0
267 432 2
277 456 2
279 461 0
303 385 3
315 465 0
335 463 1
349 476 2
356 475 0
362 547 1
371 567 1
382 557 2
384 554 3
385 577 3
385 579 3
385 583 3
387 584 2
405 564 0
422 593 3
462 609 1
464 641 1
476 673 1
508 679 2
527 575 0
531 628 0
532 684 0
540 690 1
552 697 1
553 691 0
566 764 3
578 740 1
594 789 1
617 809 1
623 814 1
627 819 1
642 839 2
643 826 1
651 768 3
652 827 1
659 830 1
664 795 3
672 861 1
676 823 3
685 866 1
686 867 1
687 763 0
729 844 2
732 890 1
735 821 0
743 939 1
753 839 3
772 941 2
781 952 2
821 980 0
824 981 2
825 996 0
826 1025 0
855 1029 2
861 996 1
867 1063 2
883 1069 1
883 1075 3
892 1091 1
902 1100 0
926 1118 3
934 1101 0
940 1112 2
950 1131 0
963 1139 0
977 1121 2
983 1161 3
16 47 179 199
47 46 132 152
101 143 4 0
101 143 0 8

