100 4 4
0 97 2
24 200 0
33 209 0
66 245 3
87 176 2
94 254 0
99 278 0
107 284 2
108 240 1
110 286 0
115 298 1
116 273 3
120 305 1
130 318 3
152 312 1
165 313 1
167 321 3
168 329 1
172 322 3
174 357 1
175 361 0
189 363 0
191 361 3
195 380 3
203 381 1
206 394 0
211 382 1
216 369 2
244 422 0
245 441 0
256 446 1
266 462 1
266 456 2
271 461 2
272 471 0
278 462 1
278 388 3
310 502 2
315 486 0
333 480 1
335 497 1
344 502 0
364 562 2
366 541 3
370 566 0
395 539 1
403 576 0
404 579 1
406 576 0
417 616 1
429 616 1
437 636 1
446 636 0
454 640 1
482 583 3
490 637 0
511 666 3
514 678 0
527 696 3
537 695 0
559 628 2
562 729 1
567 764 3
589 776 3
596 732 1
610 776 0
612 807 3
612 723 2
622 785 0
637 821 3
647 841 0
648 773 2
648 827 1
665 843 1
669 832 2
682 852 3
689 878 0
690 885 0
701 867 1
712 904 2
715 888 0
727 923 1
745 930 1
750 920 2
754 930 2
754 946 2
759 957 2
766 916 3
774 955 3
777 967 2
779 960 3
786 974 0
803 1000 0
813 994 1
816 964 3
817 1004 0
818 981 3
838 1002 1
843 1036 1
866 1048 0
24 11 23 50
11 12 12 39
105 109 22 36
166 141 83 18

