75 4 1
0 435 2
12 807 0
13 810 0
25 617 3
33 770 2
103 874 0
227 914 0
271 862 2
282 620 1
351 999 0
362 636 1
391 697 3
427 1059 1
493 701 3
616 1408 1
702 1489 1
731 1307 3
795 1495 1
966 1331 3
972 1517 1
1009 1434 0
1111 1487 0
1135 1778 3
1236 1919 3
1242 1764 1
1242 1604 0
1300 1860 1
1334 1728 2
1350 1834 0
1378 2174 0
1402 1976 1
1407 2086 1
1448 1891 2
1461 2143 2
1463 2191 0
1613 2364 1
1650 2249 3
1660 2226 2
1692 2490 0
1746 2508 1
1778 2522 1
1872 2494 0
1908 2360 2
2041 2401 3
2124 2782 0
2152 2828 1
2173 2805 0
2204 2873 1
2209 2997 0
2219 2889 1
2238 2926 1
2243 2992 1
2257 3039 0
2296 3035 1
2382 2891 3
2434 3212 0
2442 2942 3
2444 3224 0
2459 3123 3
2468 3239 0
2473 2572 2
2531 3224 1
2538 3323 3
2556 3324 3
2588 3269 1
2601 3396 0
2621 3347 3
2642 2840 2
2754 3444 0
2759 3467 3
2804 3567 0
2846 3278 2
2847 3416 1
2867 3592 1
2873 3625 2
31 76 42 56
76 57 118 132
42 118 10 14
56 132 14 10

