50 4 3
0 165 0
1 259 1
8 22 2
18 271 1
23 251 0
33 272 1
47 296 1
66 312 0
85 209 2
87 344 1
114 137 3
117 365 1
141 270 2
170 208 3
175 354 0
185 420 3
200 438 3
239 346 2
246 382 1
254 513 3
266 394 0
272 475 1
273 528 3
291 430 2
314 552 1
317 546 3
320 482 0
338 548 0
345 602 2
357 554 0
361 588 0
361 592 0
364 612 2
382 628 0
397 632 1
422 661 1
429 548 3
430 625 3
435 691 3
439 633 0
440 685 0
460 646 2
465 699 1
465 707 2
479 699 3
480 703 1
482 735 2
491 750 0
492 748 2
530 772 2
12 31 36 17
31 23 37 48
36 37 20 27
17 48 27 12

