50 4 4
0 41 0
3 41 1
17 162 2
22 92 1
31 143 0
34 104 1
34 184 1
37 223 0
50 184 2
61 238 1
80 129 3
85 248 1
86 200 2
90 249 3
93 234 0
94 259 3
109 272 3
113 292 2
113 307 1
124 276 3
125 283 0
127 319 1
134 313 3
135 307 2
163 321 1
168 361 3
168 292 0
197 345 0
249 323 2
263 402 0
263 434 0
265 438 0
269 400 2
295 464 0
309 443 1
318 485 1
322 387 3
323 509 3
332 517 3
333 510 0
355 534 0
362 451 2
363 509 1
371 563 2
371 517 3
395 518 1
400 584 2
411 551 0
417 593 2
421 603 2
13 14 51 18
11 14 62 50
130 107 18 49
93 134 33 17

