75 4 3
0 206 0
19 215 2
20 101 3
48 166 3
49 80 1
65 184 3
75 335 2
92 317 0
104 355 0
108 365 0
147 305 3
148 272 1
172 372 2
172 383 3
201 446 0
216 478 0
247 479 0
247 499 3
265 520 0
277 518 3
281 488 2
329 491 2
389 538 0
412 675 2
415 635 1
430 663 1
432 694 0
464 710 0
467 715 0
479 725 0
493 678 2
505 767 3
519 773 2
523 693 1
533 798 3
562 798 3
564 822 3
571 824 0
578 823 3
580 787 1
592 840 0
602 831 3
605 835 3
621 873 3
636 806 1
653 845 0
661 924 0
673 822 1
699 926 3
704 860 2
713 978 2
737 957 3
759 1011 2
760 968 0
768 1027 2
796 1055 2
832 1097 1
853 1006 0
858 1102 2
865 1123 2
887 1048 0
907 1158 2
909 1139 1
923 1032 3
950 1195 1
950 1200 1
951 1168 0
966 1209 0
1036 1163 2
1048 1220 3
1074 1285 3
1078 1219 0
1088 1238 1
1094 1331 3
1102 1225 0
33 44 107 112
44 33 123 128
107 123 20 27
112 128 27 20

