75 4 4
0 194 3
8 207 1
9 178 0
16 194 3
32 206 3
34 220 3
69 241 1
72 194 0
88 178 2
103 232 0
108 292 1
111 287 0
124 270 3
172 315 0
181 328 0
197 378 2
224 400 2
232 424 2
234 312 3
236 431 2
240 437 2
241 437 2
244 438 2
251 355 3
258 447 2
275 444 1
278 470 0
306 503 0
338 508 1
354 531 0
408 456 2
414 611 2
426 561 0
434 630 3
446 611 0
464 553 1
476 655 2
481 645 0
483 559 1
485 667 1
490 675 2
500 660 3
500 661 3
516 670 3
527 723 3
529 704 2
539 709 0
539 731 3
540 683 1
546 740 1
547 745 1
567 764 2
573 732 0
586 737 0
588 759 0
610 757 1
619 796 1
635 776 0
656 732 3
657 854 1
662 860 1
675 870 1
693 885 1
703 894 1
705 819 2
729 897 1
741 903 3
761 945 1
775 949 1
782 921 3
788 980 1
797 994 3
808 981 1
810 993 1
811 877 0
21 28 41 72
28 21 43 84
41 43 30 113
72 84 113 54

