100 4 2
0 193 2
50 294 2
133 409 1
146 419 1
153 529 2
166 496 0
204 565 1
225 577 1
276 553 2
312 702 2
327 677 0
346 738 2
363 480 3
378 670 3
385 690 0
417 796 0
450 733 1
483 834 3
484 797 1
499 889 2
511 885 3
519 892 3
533 899 0
660 994 0
676 1071 0
681 1072 0
704 961 1
735 1127 3
741 916 2
768 1056 1
784 1118 0
787 943 2
791 1087 1
845 1086 2
847 1169 0
858 1213 2
935 1236 0
983 1373 1
983 1146 3
1038 1382 1
1039 1403 2
1046 1425 2
1069 1435 1
1081 1354 0
1104 1491 0
1142 1460 2
1236 1466 1
1236 1521 0
1261 1562 0
1292 1667 0
1313 1498 3
1319 1589 3
1343 1725 0
1349 1592 1
1357 1750 0
1376 1720 2
1394 1739 3
1397 1679 1
1435 1749 3
1443 1743 1
1460 1754 0
1471 1744 1
1478 1750 2
1480 1804 0
1569 1805 3
1604 1955 0
1664 2012 0
1667 2035 0
1669 2037 0
1679 2039 0
1686 2069 1
1737 2053 2
1740 2082 1
1743 2137 1
1774 2063 2
1833 2052 0
1855 2025 3
1900 2180 1
1900 2052 0
1904 2106 0
1914 2265 3
1959 2358 3
1966 2286 0
1969 2284 2
2061 2333 2
2077 2320 1
2098 2342 2
2120 2431 2
2154 2364 3
2212 2466 3
2291 2514 2
2306 2424 1
2324 2517 3
2352 2465 0
2354 2571 1
2359 2541 3
2390 2653 3
2413 2697 0
2477 2775 3
2548 2822 3
29 45 118 42
45 46 163 87
115 118 24 66
39 65 133 2

