75 4 4
0 179 0
0 80 1
3 105 2
16 148 1
27 221 0
46 198 1
51 209 1
52 244 0
56 160 2
59 238 1
60 147 3
75 247 1
79 201 2
79 237 3
90 283 0
91 239 3
93 264 3
100 216 2
101 261 1
129 266 3
134 286 0
134 307 1
163 294 3
215 340 2
229 398 1
229 363 3
231 311 0
235 402 0
261 447 2
275 409 0
284 430 0
288 473 0
289 466 2
298 477 0
299 445 1
321 513 1
328 384 3
329 475 3
337 521 3
337 477 0
361 481 0
366 468 2
377 553 1
383 565 2
387 552 3
403 571 1
419 609 2
422 617 0
432 625 2
438 629 2
457 645 1
467 638 0
479 662 2
509 702 0
512 553 3
522 709 0
537 726 1
545 716 0
546 665 2
553 721 0
572 749 1
584 752 0
588 714 3
589 697 2
603 800 1
605 789 2
617 800 1
623 821 1
647 822 0
672 839 0
674 763 3
686 878 0
689 817 3
691 879 0
693 883 0
23 14 39 26
14 24 25 12
91 130 16 30
61 100 30 42

