100 4 3
0 122 3
7 110 1
20 165 0
20 249 3
41 253 3
55 286 3
58 188 1
71 286 0
71 85 2
73 320 0
81 191 1
82 344 0
109 365 3
116 346 0
134 356 0
137 364 2
167 422 2
179 440 2
201 413 3
229 455 2
230 488 2
237 489 2
254 509 2
278 540 3
291 517 2
294 487 1
326 473 0
342 577 0
369 631 1
388 649 0
398 617 2
406 644 2
419 662 0
433 543 3
436 682 0
438 651 1
438 652 2
438 698 0
440 673 1
464 690 1
486 742 2
539 729 3
542 801 3
558 821 3
601 864 3
627 839 2
632 833 0
634 870 3
645 833 1
661 923 1
663 926 1
681 897 2
697 956 0
718 974 0
748 974 0
756 1010 1
762 1018 1
782 1044 0
783 1005 3
793 1023 1
795 1038 1
805 1038 1
811 1038 1
822 1074 1
828 1023 2
840 1081 1
841 1082 3
843 1103 1
899 1124 1
903 1131 3
907 1135 1
917 1181 3
930 1162 1
956 1216 1
968 1215 0
1022 1278 2
1026 1246 1
1027 1257 0
1029 1255 1
1067 1216 3
1075 1340 2
1084 1348 2
1106 1362 0
1107 1348 2
1120 1371 0
1133 1374 0
1165 1410 2
1176 1393 1
1184 1427 2
1198 1449 1
1215 1444 3
1234 1456 1
1241 1491 0
1246 1480 3
1276 1531 0
1280 1430 2
1287 1541 0
1289 1550 0
1289 1544 2
1291 1545 3
16 47 179 201
47 46 132 154
43 85 4 92
25 8 83 40

