100 4 2
0 188 2
5 373 2
8 321 1
20 396 1
30 391 2
31 69 0
47 399 1
73 463 1
96 446 2
123 466 2
173 565 0
256 548 2
269 542 3
276 581 3
289 668 0
327 678 0
348 661 1
399 789 3
435 809 1
450 585 2
469 842 3
486 852 3
501 737 0
508 842 0
540 935 0
573 939 0
606 967 1
607 920 3
622 943 2
634 1025 1
642 1034 0
656 944 2
783 1117 1
799 955 2
804 1100 0
827 1068 2
858 1180 0
864 1219 1
891 942 3
907 1297 1
910 1073 2
914 1129 2
968 1312 1
970 1334 0
981 1360 0
1058 1302 2
1106 1472 1
1106 1379 0
1161 1548 0
1162 1555 0
1169 1513 3
1192 1537 3
1204 1555 0
1227 1512 1
1265 1613 0
1359 1727 2
1359 1626 3
1384 1647 1
1415 1783 3
1436 1714 1
1442 1802 0
1466 1849 1
1472 1788 2
1480 1807 0
1499 1841 3
1517 1911 0
1520 1919 0
1558 1926 0
1566 1939 0
1583 1944 0
1594 1919 1
1601 1928 2
1603 1953 1
1692 1975 1
1727 1959 2
1787 1944 0
1790 1952 3
1792 2126 1
1802 2078 0
1809 2123 0
1860 1994 3
1863 2246 3
1866 2205 0
1897 2044 2
1956 2078 2
1978 2315 1
2023 2145 2
2023 2236 2
2027 2415 3
2037 2424 3
2082 2365 2
2089 2441 1
2092 2482 3
2184 2472 0
2200 2442 1
2221 2488 3
2243 2583 3
2277 2558 0
2335 2685 3
2414 2751 3
37 50 70 108
50 18 24 58
70 24 18 38
108 58 38 28

