100 4 1
0 313 3
29 329 1
99 173 0
109 455 3
222 669 3
352 808 3
416 958 1
631 717 0
655 1243 2
704 1184 0
734 1439 1
782 1565 0
854 1558 3
902 1590 0
922 1617 0
929 1321 2
935 1581 2
956 1586 2
996 1740 3
996 1668 2
1060 1848 2
1103 1875 2
1112 1879 2
1152 1788 3
1153 1939 2
1159 1796 1
1183 1865 0
1186 1964 0
1267 2025 1
1289 1965 0
1343 2111 2
1351 2140 2
1441 2122 0
1476 2056 3
1541 2249 0
1626 2414 1
1628 2169 2
1650 2437 0
1701 2418 1
1773 2430 1
1813 2543 2
1822 2153 3
1919 2385 3
1967 2442 3
2048 2617 3
2104 2707 2
2133 2646 0
2157 2668 3
2195 2674 1
2237 2977 1
2245 3029 1
2251 2953 2
2252 2932 0
2252 3022 0
2259 3038 0
2332 3124 1
2399 3190 1
2559 3198 0
2568 3174 3
2617 3301 1
2745 3334 1
2823 3533 1
2839 3627 1
2844 3637 1
2876 3162 2
2924 3705 1
2930 3700 3
2984 3750 1
3031 3769 1
3094 3793 3
3185 3956 1
3208 3998 3
3225 3957 1
3285 3960 1
3288 3475 0
3319 3935 2
3325 3966 1
3354 3483 0
3373 4076 1
3405 4010 3
3422 4075 2
3457 4141 2
3460 3987 0
3465 4224 2
3633 4221 0
3645 4325 0
3658 4266 2
3689 4414 1
3729 4456 2
3807 4441 1
3844 4188 3
4006 4586 1
4018 4391 0
4022 4587 3
4027 4614 0
4142 4926 2
4166 4843 0
4192 4878 0
4257 4944 2
4259 4647 3
54 72 247 215
72 54 259 227
247 259 45 60
215 227 60 45

