50 4 2
0 224 2
66 310 2
88 463 1
102 486 1
129 320 2
147 369 0
158 505 1
191 518 1
194 551 2
215 610 2
278 650 0
317 712 2
318 431 3
323 464 3
353 689 0
361 714 0
373 718 1
393 746 3
406 757 1
418 764 2
421 812 3
424 814 3
433 783 0
457 800 0
460 852 0
494 873 0
519 802 1
520 871 3
525 838 2
561 951 1
563 937 0
566 939 2
567 962 1
592 958 2
593 954 0
595 986 2
596 988 0
621 976 1
635 936 3
644 1034 1
650 994 2
683 1047 2
696 1075 1
700 1066 0
721 1108 0
742 1060 2
753 1128 1
769 1151 0
774 1167 0
777 1171 0
21 74 18 21
74 48 56 95
121 185 6 77
44 108 77 6

