100 4 2
0 244 2
10 13 0
13 316 0
20 218 3
39 308 2
82 409 0
108 424 0
112 422 2
113 153 1
120 472 0
125 484 1
127 306 3
156 514 1
159 514 3
168 520 1
184 551 1
190 560 3
200 577 1
210 577 3
266 639 1
269 578 0
292 641 0
313 653 3
314 684 3
324 680 1
327 703 0
339 682 1
339 449 2
403 710 0
413 769 0
450 721 1
455 847 1
473 696 2
512 893 2
516 872 0
524 916 1
574 735 3
590 970 2
592 896 0
596 976 1
617 1015 1
641 937 0
656 1024 2
674 894 3
689 1074 0
746 1089 1
762 1086 0
803 1119 1
810 1206 0
836 1186 1
857 1250 1
900 1250 1
907 1228 0
916 1257 1
961 1222 3
974 1254 0
1002 1244 3
1007 1405 0
1007 1294 3
1026 1425 0
1056 1195 2
1076 1457 1
1078 1348 3
1079 1405 3
1114 1486 1
1121 1432 0
1147 1476 3
1161 1279 2
1163 1501 0
1185 1501 3
1207 1541 0
1213 1419 2
1238 1632 1
1274 1648 1
1285 1485 2
1293 1517 3
1294 1566 0
1304 1636 0
1317 1708 1
1334 1557 2
1340 1667 0
1344 1713 1
1358 1747 1
1392 1642 2
1411 1769 2
1418 1775 2
1420 1799 2
1421 1771 3
1461 1789 3
1471 1803 2
1517 1809 3
1531 1765 0
1534 1924 0
1540 1872 1
1589 1974 3
1635 1981 0
1648 2040 3
1660 2004 1
1680 2025 1
1687 2058 0
19 7 167 23
147 18 89 80
44 12 16 34
27 92 101 36

