50 4 1
0 662 2
14 715 2
76 525 1
86 574 1
368 1119 2
467 824 0
530 751 1
639 887 1
771 1183 2
814 1389 2
841 1261 0
894 1458 2
930 1089 3
953 1109 3
1018 1787 0
1023 1814 0
1065 1115 1
1191 1935 3
1270 1823 1
1272 1520 2
1282 2073 3
1342 2125 3
1358 2027 0
1381 2058 0
1420 2157 0
1445 2198 0
1470 2131 1
1476 2198 3
1482 1558 2
1500 2140 1
1548 2207 0
1554 2170 2
1621 2218 1
1670 2375 2
1672 2227 0
1683 2463 2
1756 2456 0
1759 2445 1
1765 2549 3
1767 2525 1
1817 2520 2
1819 2600 2
1824 2573 1
1825 2571 0
1876 2609 0
1904 2694 2
1923 2656 1
1936 2659 0
2002 2785 0
2028 2813 0
28 38 142 77
38 28 180 93
142 180 95 127
77 93 127 57

