50 4 1
0 394 2
8 450 0
21 718 0
143 431 3
149 720 2
239 991 0
252 1012 0
287 838 2
316 952 1
333 1044 0
342 1021 1
401 911 3
502 1082 1
540 1020 3
552 1256 1
699 1469 1
730 1210 3
773 1568 1
800 1291 3
813 1593 1
840 1143 0
852 1147 0
864 1589 3
865 1641 3
877 1640 1
885 1375 0
955 1669 1
1079 1825 2
1123 1603 0
1134 1839 0
1203 1806 1
1214 1820 1
1243 1898 2
1279 1911 2
1345 1965 0
1468 1962 1
1554 2032 3
1583 2288 2
1647 2366 0
1818 2177 1
1824 2467 1
1861 2578 0
1963 2674 2
1987 2515 3
2088 2617 0
2094 2798 1
2094 2828 0
2152 2893 1
2186 2941 0
2202 2937 1
78 106 105 110
106 20 27 84
105 27 20 73
110 84 73 54

