75 4 3
0 16 2
2 249 2
8 192 1
24 287 1
26 250 2
48 88 0
64 298 1
65 300 1
69 257 2
93 326 2
94 324 0
96 356 2
97 319 3
114 339 3
115 360 0
117 367 0
117 336 1
134 374 3
143 355 1
149 368 2
153 387 3
175 434 3
184 416 0
187 448 0
201 453 0
215 474 0
222 471 1
233 481 3
236 479 2
238 500 1
246 489 0
253 493 2
254 514 1
265 526 2
282 504 0
298 534 2
316 516 0
350 609 1
405 513 3
414 614 1
418 647 2
427 669 2
453 705 1
467 629 0
501 744 0
525 706 2
535 792 1
548 759 0
559 759 0
569 818 0
574 697 3
595 774 3
617 871 0
639 800 1
640 883 0
650 735 2
658 815 3
663 898 1
672 886 3
756 912 1
767 991 0
770 1031 1
786 1015 2
806 1035 0
810 997 3
828 1036 0
838 1037 0
840 1056 0
843 1076 0
879 1110 0
880 1124 1
887 1064 2
938 1183 1
970 1210 1
970 1225 2
23 46 109 31
46 34 155 77
109 155 58 78
31 77 78 23

