75 4 3
0 71 0
20 31 1
25 64 2
25 135 1
39 159 0
40 250 1
42 264 1
51 191 0
52 214 2
90 345 1
96 140 3
96 353 1
134 299 2
203 280 3
222 262 0
223 420 3
225 452 3
230 385 2
264 433 1
282 495 3
294 431 0
300 438 1
301 503 3
313 458 2
314 545 1
344 519 3
353 519 0
354 579 0
364 543 2
364 587 0
396 644 0
403 649 0
418 653 2
426 665 0
432 551 1
453 648 1
475 731 3
479 732 3
493 752 3
501 687 0
527 723 0
541 734 2
556 664 1
596 773 2
600 785 3
614 833 1
633 821 2
644 878 0
645 857 2
655 874 2
681 840 1
697 915 0
702 919 2
704 930 0
722 978 3
725 967 0
740 910 1
747 1001 0
779 1029 2
813 1040 0
816 1060 1
832 1089 0
837 1018 3
840 1088 2
843 1095 1
844 1107 2
856 1101 1
865 1108 1
884 1107 0
890 1153 0
890 1123 3
907 1163 0
930 1123 3
940 1190 0
944 1196 0
11 7 48 43
7 12 41 50
98 118 8 129
95 82 34 11

