50 4 4
0 91 0
0 164 2
8 66 3
10 73 3
15 69 1
27 137 3
31 166 2
36 136 0
37 219 0
40 234 0
54 243 3
55 117 1
76 223 2
77 272 3
89 258 0
97 286 0
110 303 0
119 278 3
122 306 0
151 348 3
152 250 2
170 344 2
170 359 0
192 384 2
203 229 1
226 326 1
226 361 0
240 421 0
249 446 0
252 449 0
288 393 2
333 380 3
350 503 2
352 365 1
363 548 3
364 551 3
388 556 3
390 508 0
399 574 3
409 446 1
418 594 0
429 574 3
432 587 3
439 614 3
461 604 1
463 648 0
468 665 0
473 664 1
475 646 3
484 507 2
6 46 54 157
46 31 8 111
1 42 12 44
192 153 87 8

