50 4 1
0 695 3
42 479 1
64 807 0
97 757 3
100 856 3
129 907 3
194 993 1
201 880 0
342 471 2
354 997 0
416 1128 1
475 1171 0
495 944 3
506 1250 0
557 1293 0
747 1454 2
783 1507 2
847 1553 2
954 998 3
987 1755 2
995 1778 2
1002 1790 2
1017 1803 2
1021 1658 3
1032 1810 2
1062 1205 1
1091 1507 0
1161 1549 0
1171 1627 1
1284 2042 0
1414 2090 2
1478 2246 2
1693 2482 0
1717 1738 3
1766 2554 0
1796 2337 1
1844 2631 2
1916 2577 0
1964 2435 1
1984 2701 1
1991 2648 2
1997 2190 3
2018 2323 3
2058 2788 3
2058 2798 3
2122 2765 2
2165 2698 0
2174 2820 3
2214 2720 1
2215 2833 1
11 107 30 10
22 7 36 107
15 20 0 39
130 73 69 32

