100 4 4
0 148 0
52 126 1
66 87 2
66 205 1
68 239 0
72 232 1
98 235 1
112 254 0
121 247 2
125 261 1
126 228 3
135 287 1
136 309 2
158 289 3
165 290 0
166 335 3
174 341 3
174 360 2
198 332 1
203 349 3
214 350 0
220 405 1
224 401 3
240 391 2
256 407 1
259 438 3
269 358 0
275 421 0
294 486 2
304 450 0
316 500 0
346 522 0
349 531 2
359 524 0
374 458 1
382 523 1
383 512 3
390 516 3
409 522 3
421 589 0
425 615 0
426 621 2
440 555 1
442 635 2
454 636 3
460 588 1
484 641 2
509 700 0
511 699 2
523 706 2
526 719 1
528 715 0
530 719 2
531 728 0
540 724 3
547 730 0
562 729 1
566 764 0
566 741 2
579 771 0
596 741 1
603 791 0
606 774 3
619 809 2
650 780 1
669 834 2
678 829 1
686 840 1
688 830 0
696 880 0
704 834 3
714 899 0
756 927 3
763 956 0
766 957 0
774 923 2
784 968 1
800 988 1
814 1010 0
816 934 2
822 955 2
827 1021 1
885 1000 2
885 1030 3
903 1083 1
909 1073 0
921 1100 3
934 1127 3
935 1096 1
943 1050 2
954 1127 1
977 1135 3
978 1158 3
983 1173 3
985 1148 1
985 1158 1
990 1126 0
1002 1087 2
1021 1192 3
1039 1178 2
22 45 30 97
45 14 19 106
30 19 14 125
97 106 125 72

