100 4 2
0 226 0
36 387 2
69 193 3
71 466 3
83 232 1
126 497 3
180 479 2
211 339 0
218 592 0
228 598 0
262 540 3
292 686 1
295 677 2
316 572 3
356 699 0
357 756 0
358 757 0
381 647 3
486 818 0
504 884 3
543 709 2
549 747 2
564 878 0
573 963 2
584 974 1
589 988 1
595 962 0
619 1007 0
635 1013 0
678 1024 0
758 1126 2
774 954 3
797 1173 2
797 1123 1
800 1068 3
839 1138 3
840 1142 3
920 1285 0
924 1182 3
968 1285 1
969 1326 0
979 1259 3
994 1350 3
1031 1378 3
1043 1339 1
1049 1357 0
1084 1417 0
1100 1387 1
1105 1479 3
1169 1388 2
1189 1394 2
1212 1594 3
1232 1537 2
1253 1465 0
1285 1645 2
1321 1701 2
1342 1680 1
1357 1632 0
1359 1711 2
1390 1786 2
1409 1650 0
1440 1838 2
1440 1802 1
1454 1717 3
1492 1803 1
1495 1816 1
1515 1875 0
1534 1897 0
1556 1937 2
1557 1766 3
1617 1971 3
1643 2020 0
1655 1876 1
1684 2083 3
1685 2081 0
1726 2086 0
1740 2090 0
1756 2142 0
1767 2109 3
1803 2079 1
1829 2131 3
1862 2205 2
1891 2131 1
1899 2251 2
1928 2308 2
1930 2317 3
1956 2314 2
1993 2235 0
2022 2411 3
2094 2254 0
2099 2473 3
2133 2300 1
2143 2470 1
2154 2536 1
2154 2538 1
2158 2546 3
2190 2468 0
2234 2629 3
2242 2579 0
2259 2641 3
106 39 72 26
18 65 64 71
77 6 70 64
130 46 89 30

