50 4 1
0 153 0
85 816 2
88 521 3
137 701 3
167 650 1
218 918 3
253 1030 2
264 1022 0
381 1163 0
385 1174 0
456 1155 3
456 744 1
544 1301 2
590 1358 3
683 1226 0
684 1409 0
739 1530 0
776 1440 3
789 1579 0
934 1546 3
1114 1856 2
1183 1931 2
1193 1865 0
1239 1940 2
1245 1394 1
1340 2047 1
1348 1869 0
1385 1871 0
1426 1980 0
1463 2043 0
1506 2002 2
1518 2007 3
1548 2170 2
1635 2337 1
1642 2216 3
1662 2402 3
1682 2471 3
1688 2453 0
1723 2521 3
1754 2464 1
1762 2540 0
1811 2574 3
1857 2594 3
1909 2597 3
1933 2486 1
1970 2573 0
2047 2635 0
2063 2679 1
2091 2838 3
2162 2759 2
11 122 24 138
10 19 49 99
1 57 4 45
107 34 37 33

