50 4 4
0 84 2
7 142 0
46 144 0
48 158 3
51 225 2
81 153 0
83 225 0
106 294 2
109 113 1
118 272 0
125 214 1
129 181 3
131 221 1
146 226 3
171 270 1
180 298 1
183 274 3
220 397 1
228 384 3
239 414 1
246 385 0
249 411 0
256 446 3
259 451 3
262 434 1
262 460 0
265 449 1
267 428 2
285 480 0
316 497 0
327 521 1
330 526 1
347 458 2
350 540 2
357 535 0
366 562 1
383 463 3
414 604 2
435 545 0
442 594 1
458 648 1
501 589 0
503 630 2
512 564 3
538 606 0
544 743 1
569 717 0
570 754 1
570 762 0
584 755 1
19 26 93 66
26 19 67 56
93 67 50 75
66 56 75 42

