50 4 1
0 85 0
46 448 1
164 905 2
186 560 1
211 984 0
247 728 1
264 789 1
266 1012 0
320 1029 2
388 1043 1
398 650 3
408 1046 1
463 1029 2
483 1143 3
519 1173 0
530 1246 3
530 1309 3
540 1150 2
593 1227 1
638 1406 3
713 1429 0
733 1424 1
737 1511 3
751 1247 2
763 1448 1
767 1513 3
827 1568 0
842 1612 0
842 1427 2
884 1622 0
887 1649 0
894 1675 0
921 1480 2
924 1696 0
1037 1765 1
1056 1820 1
1057 1809 3
1172 1856 3
1379 2114 3
1437 2212 0
1439 2230 0
1445 1751 2
1459 2196 1
1562 2216 2
1616 2349 3
1652 2323 1
1670 2231 2
1674 2275 0
1711 2503 2
1714 2504 2
53 29 2 6
29 16 27 35
50 69 20 31
11 57 24 18

