100 4 3
0 180 3
10 38 1
26 221 0
50 209 3
66 300 3
73 333 3
75 309 1
77 222 0
84 313 2
97 245 0
97 309 1
118 349 0
132 347 3
135 382 0
148 410 0
148 314 2
150 406 2
158 413 2
159 370 3
186 447 2
193 451 2
211 463 2
214 469 2
244 506 3
256 482 2
278 471 1
306 453 0
307 542 0
314 576 1
331 592 0
355 574 2
368 606 2
371 614 0
403 513 3
419 619 0
446 616 1
465 606 2
475 645 0
483 642 1
496 742 1
510 723 2
513 570 3
515 692 3
515 714 3
515 729 3
517 777 2
541 649 0
563 796 3
616 842 1
619 875 1
635 894 1
678 785 2
704 755 0
709 789 0
711 800 0
722 909 1
738 919 1
740 1003 0
758 1021 3
774 986 1
795 996 1
825 1052 1
833 1069 1
839 1101 1
859 879 2
860 1123 1
870 1086 3
872 1131 1
882 1138 1
888 1114 3
899 1153 1
905 1129 3
917 1162 1
918 1174 1
920 1182 0
976 1198 2
980 1210 1
984 1227 0
994 1218 1
1007 1211 3
1033 1246 2
1045 1278 2
1099 1300 0
1103 1320 2
1104 1331 0
1106 1358 0
1144 1339 2
1152 1223 1
1161 1387 2
1183 1325 1
1184 1351 3
1197 1349 1
1210 1412 0
1242 1483 3
1253 1494 0
1261 1414 2
1275 1535 0
1292 1556 0
1311 1466 2
1318 1550 3
8 23 145 156
23 23 122 133
109 130 2 1
110 131 1 4

