100 4 4
0 113 0
18 193 2
34 96 3
35 232 3
41 115 1
62 247 3
89 238 2
105 169 0
108 295 0
113 298 0
130 269 3
145 342 1
146 337 2
156 284 3
176 347 0
176 375 0
177 375 0
189 284 3
241 412 0
250 367 3
270 469 2
273 472 2
280 463 0
285 479 2
291 349 1
294 415 1
297 486 0
309 493 0
317 505 0
338 520 0
378 507 2
386 544 3
398 510 2
398 576 1
400 578 3
420 593 3
421 608 3
461 570 0
463 654 3
485 637 1
485 591 0
490 670 3
498 688 3
517 693 3
523 649 1
526 652 0
543 664 0
551 706 1
553 751 3
585 705 2
595 755 2
607 760 3
617 755 2
627 762 0
643 758 2
661 825 2
672 735 1
680 818 0
681 828 2
696 840 2
705 904 0
720 901 2
720 851 1
727 882 3
746 899 1
747 907 1
757 937 0
766 947 0
777 967 2
778 882 3
808 985 3
821 1009 0
827 937 1
841 1040 3
841 1039 0
861 1041 0
868 1043 0
876 1069 0
882 1053 3
900 1038 1
913 1064 3
929 1100 2
944 1064 1
948 1124 2
963 1153 2
964 1157 3
977 1156 2
996 1117 0
1011 1205 3
1047 1127 0
1049 1236 3
1066 1149 1
1071 1234 1
1077 1268 1
1077 1269 1
1079 1273 3
1095 1234 0
1117 1314 3
1121 1289 0
1129 1320 3
71 35 88 25
17 43 69 73
94 14 46 65
121 48 104 20

