50 4 1
0 701 2
109 860 2
241 598 1
284 696 1
311 886 2
364 784 0
400 783 1
423 797 1
488 1052 2
493 1262 2
535 917 0
661 1292 2
740 990 3
742 1348 3
752 957 0
812 1177 0
828 1522 1
851 1505 3
890 1605 1
915 1376 2
940 1731 3
946 1737 3
952 1178 0
970 1253 0
1018 1611 0
1024 1614 0
1091 1633 1
1140 1813 3
1142 1669 2
1153 1726 1
1226 1932 0
1229 1919 2
1235 1941 1
1237 1939 2
1287 1980 0
1289 2072 2
1294 2031 0
1295 2048 1
1346 2007 3
1374 2096 1
1393 2098 2
1406 2186 2
1472 2172 1
1498 2184 0
1506 2290 0
1547 2305 2
1589 2292 1
1611 2392 0
1643 2392 0
1653 2399 0
34 46 81 140
46 34 103 94
81 103 60 111
140 94 111 70

