100 4 2
0 65 0
20 131 2
39 117 3
61 152 3
67 338 1
82 174 3
125 487 2
128 234 0
138 450 0
148 543 0
151 483 3
168 429 1
184 535 2
188 583 3
213 584 0
236 610 0
262 612 0
274 627 3
292 643 0
330 700 3
338 569 2
352 630 2
388 782 0
421 803 2
423 583 1
435 691 1
478 821 0
532 870 0
563 962 0
570 966 0
580 804 2
614 781 3
644 986 2
647 881 1
668 1067 3
708 1088 3
709 1099 3
710 1100 0
733 1132 3
838 1068 1
856 1223 0
895 1174 3
901 1189 3
916 1245 3
925 1214 1
936 1324 0
941 1337 0
947 1267 1
971 1277 3
987 1204 2
1030 1219 2
1110 1347 3
1126 1324 2
1149 1426 0
1149 1420 2
1152 1480 2
1191 1317 1
1192 1468 0
1272 1551 2
1276 1571 2
1320 1609 0
1321 1719 2
1331 1341 1
1346 1366 3
1383 1394 1
1395 1757 1
1401 1664 0
1436 1747 0
1452 1759 2
1457 1632 3
1521 1808 3
1541 1752 0
1564 1885 1
1584 1944 3
1605 1813 0
1637 1865 0
1673 1973 0
1694 2021 0
1709 2042 3
1711 1969 1
1742 2105 3
1761 2142 2
1792 2001 1
1792 2146 2
1806 2183 2
1844 2243 3
1847 2243 2
1867 2185 0
1886 2246 3
1908 2258 0
1909 2295 3
1969 2311 1
1995 2338 1
2007 2359 1
2036 2416 1
2037 2424 3
2078 2421 0
2092 2450 3
2108 2497 0
2119 2493 3
54 77 72 152
77 17 23 75
72 23 17 80
152 75 80 56

