75 4 3
0 226 3
10 53 1
32 82 0
34 247 3
81 260 3
85 322 3
106 225 1
126 205 0
133 364 2
137 206 0
154 236 1
217 272 0
229 378 3
250 425 0
286 533 0
297 419 2
300 529 2
302 547 2
307 542 3
308 548 2
312 567 2
322 582 2
332 594 2
355 611 3
358 613 2
396 579 1
439 541 0
460 615 0
532 743 1
540 654 0
556 700 2
566 733 2
582 798 0
606 757 3
622 883 0
629 841 1
631 857 2
633 891 0
640 892 1
653 908 1
653 915 2
674 796 3
688 801 3
691 917 3
704 939 3
704 966 2
706 967 0
714 952 3
715 933 1
742 985 1
749 995 1
767 980 2
770 969 0
800 1014 0
812 1017 0
834 1094 1
862 1095 1
863 1089 0
870 1126 3
887 1146 1
911 1174 1
924 1187 1
927 1189 1
959 1222 1
975 1070 2
1002 1261 1
1021 1277 3
1031 1285 1
1039 1295 1
1052 1314 3
1066 1296 1
1069 1321 3
1071 1297 1
1071 1312 1
1071 1160 0
21 49 29 50
49 36 78 59
29 78 21 71
50 59 71 37

