100 4 3
0 121 0
3 154 2
15 58 3
29 103 3
41 93 1
55 116 3
59 239 2
69 130 0
98 339 0
100 363 0
107 327 3
114 168 1
116 290 2
128 361 3
138 400 0
141 403 0
157 411 0
172 400 3
189 414 0
197 462 3
209 353 2
235 375 2
240 476 0
249 431 2
273 531 1
295 548 1
296 512 0
304 541 0
332 541 0
368 613 0
389 462 2
394 601 3
401 586 2
423 651 1
443 626 3
445 645 3
459 654 3
486 690 0
486 734 3
487 685 1
502 721 0
572 767 3
584 813 3
610 840 3
614 866 1
624 794 0
630 822 0
638 901 1
641 868 3
645 801 2
661 926 2
672 892 3
701 953 2
754 865 0
765 973 2
781 1040 2
781 1040 1
783 1048 0
809 1053 2
810 1068 2
864 1059 0
867 1073 2
896 1066 1
896 1147 3
903 1133 1
913 1158 1
938 1188 0
946 1189 0
950 1077 2
973 1184 3
984 1221 3
987 1224 0
1030 1193 1
1043 1273 3
1058 1255 0
1071 1276 0
1085 1306 0
1106 1355 0
1130 1275 3
1144 1234 1
1154 1290 3
1155 1283 2
1176 1328 1
1189 1285 2
1209 1379 2
1209 1339 3
1218 1472 2
1243 1445 0
1245 1386 3
1259 1498 0
1272 1414 3
1287 1410 1
1288 1481 1
1328 1482 1
1345 1555 1
1353 1606 3
1372 1597 0
1373 1607 3
1400 1607 0
1409 1672 3
43 58 155 192
58 43 97 134
155 97 72 99
192 134 99 74

