50 4 3
0 131 2
3 150 0
7 238 0
48 143 3
50 240 2
80 330 0
84 336 0
96 279 2
106 317 1
112 348 0
115 340 1
135 304 3
169 362 1
182 341 3
186 420 1
235 491 1
245 404 3
259 523 1
268 431 3
272 531 1
281 381 0
285 383 0
289 530 3
289 547 3
293 546 1
296 459 0
319 556 1
360 608 2
375 534 0
379 613 0
402 602 1
406 607 1
416 633 2
428 638 2
450 656 0
491 655 1
520 679 3
530 764 2
551 790 0
608 727 1
610 824 1
622 860 0
656 892 2
664 839 3
698 874 0
700 934 1
700 944 0
719 965 1
730 981 0
735 979 1
79 129 111 106
129 31 42 87
111 42 31 65
106 87 65 48

