100 4 4
0 98 3
20 181 1
26 37 0
39 146 3
41 166 3
63 212 3
72 229 1
88 150 0
109 295 2
110 175 0
115 283 1
128 325 0
146 237 3
156 349 0
158 349 0
182 319 2
194 353 2
214 377 2
228 341 3
235 431 2
241 435 2
250 439 2
261 453 2
263 460 3
264 461 2
264 399 1
264 460 0
266 462 0
284 459 1
301 471 0
341 533 2
343 537 2
355 495 0
387 513 3
406 524 0
410 527 1
411 547 2
419 617 0
431 628 1
432 629 1
445 616 2
457 554 3
473 559 3
496 648 3
502 652 3
506 651 2
521 659 0
522 720 3
530 634 1
531 693 1
538 733 1
543 735 2
551 721 0
555 746 0
564 748 0
565 739 1
566 758 1
608 805 0
611 778 3
614 787 1
622 805 1
632 807 1
651 814 1
660 831 1
700 831 2
703 892 1
704 851 3
705 901 1
734 903 1
740 871 3
746 917 1
762 921 3
762 919 1
771 942 1
781 878 0
805 855 2
813 1012 1
819 935 0
829 1025 1
842 1028 3
856 1048 2
862 1061 2
866 974 0
888 1086 2
891 992 0
896 1088 0
897 1086 2
897 1072 1
898 1087 2
906 1078 1
915 1082 3
921 1109 1
922 1098 0
930 1121 3
936 1127 0
948 1101 2
954 1128 0
959 1131 0
961 1136 2
962 1125 3
10 4 116 179
105 36 211 171
64 55 40 26
79 88 5 34

