75 4 4
0 91 3
7 179 1
24 121 0
27 149 3
55 184 3
87 271 3
103 279 1
157 159 0
163 309 2
175 318 0
183 330 1
195 376 0
213 389 3
225 417 0
230 425 0
232 408 2
234 420 2
239 436 2
249 442 3
249 440 2
265 461 2
276 470 2
278 470 2
288 485 3
288 485 2
289 424 1
295 491 0
296 492 0
316 491 1
322 492 0
335 527 2
337 531 2
359 499 0
368 494 3
384 502 0
405 522 1
406 542 2
411 609 0
424 621 1
442 639 1
452 623 2
454 502 3
478 575 3
490 576 3
510 662 3
524 627 2
531 681 0
537 682 3
546 684 1
557 755 1
559 756 1
560 727 2
560 733 0
560 743 0
562 751 0
580 761 1
597 778 1
637 752 0
639 740 3
651 809 1
683 828 1
702 843 1
706 852 1
707 903 1
715 779 2
727 926 1
728 755 3
741 937 1
753 939 1
769 961 3
792 957 1
798 971 3
802 972 1
817 1016 1
818 926 0
15 33 34 40
42 23 150 38
23 126 23 42
144 198 225 28

