75 4 2
0 221 2
34 429 2
59 172 1
60 201 1
65 456 2
101 435 0
103 349 1
106 389 1
107 475 2
132 508 2
133 463 0
135 525 2
136 189 3
161 511 3
175 518 0
184 576 0
190 482 1
223 528 3
236 615 1
240 591 2
261 574 3
282 672 3
293 667 0
309 682 0
314 709 0
317 709 0
329 617 1
339 673 3
340 636 2
356 678 1
382 737 0
405 706 2
432 822 1
482 765 2
565 790 0
578 879 2
585 929 0
598 962 1
636 1015 3
657 1023 1
708 981 2
744 1131 2
759 1077 1
778 1008 0
795 1080 0
810 1185 2
817 1087 1
849 1129 0
882 1264 0
915 1281 0
916 1044 3
931 1099 3
943 1297 0
951 1272 1
965 1302 0
1092 1485 2
1108 1452 3
1113 1458 1
1136 1460 3
1167 1518 1
1173 1315 0
1200 1548 1
1216 1584 2
1219 1379 0
1223 1490 3
1277 1393 0
1279 1542 0
1290 1658 0
1367 1727 0
1415 1798 0
1415 1731 1
1470 1649 2
1471 1798 1
1478 1820 1
1501 1785 2
26 15 4 6
15 21 11 9
114 102 7 1
113 101 1 13

