100 4 2
0 279 0
7 349 1
59 292 2
86 407 1
104 310 0
113 417 1
115 462 1
133 396 0
134 384 2
179 517 1
193 462 3
195 530 1
210 583 2
211 480 3
259 551 0
269 542 3
292 662 3
304 658 2
312 615 1
343 702 3
376 555 0
382 675 1
403 788 3
414 706 2
453 700 1
474 843 3
497 706 0
557 837 0
563 745 2
584 936 0
613 978 0
630 1011 0
631 1021 2
645 1031 0
684 1048 1
708 1090 1
716 1092 3
718 1105 3
746 1120 3
750 1129 0
773 1168 0
784 1152 2
832 1159 1
883 1249 2
888 1223 3
912 1192 1
919 1315 2
923 1274 0
927 1319 2
929 1324 2
947 1201 1
960 1311 0
989 1352 2
997 1356 0
998 1327 3
1024 1371 0
1059 1445 1
1074 1406 0
1079 1427 2
1105 1425 0
1167 1477 1
1205 1562 0
1223 1330 3
1239 1536 2
1244 1630 1
1260 1604 2
1276 1673 1
1296 1677 1
1380 1703 0
1393 1752 0
1399 1796 3
1416 1776 0
1435 1824 3
1467 1826 0
1496 1859 0
1500 1846 2
1513 1744 1
1523 1755 1
1639 1958 0
1640 1919 2
1676 2009 2
1689 1977 1
1714 2090 2
1741 2035 3
1743 2098 1
1759 2014 0
1782 2160 3
1827 2172 3
1830 2141 1
1840 2119 2
1845 2159 1
1846 2208 3
1856 2234 3
1881 2248 3
1919 2214 1
1956 2225 1
1962 2169 0
1982 2210 2
2027 2366 3
2061 2432 2
19 106 26 142
106 27 116 36
26 116 19 152
142 36 152 27

