75 4 4
0 155 0
14 161 2
15 75 3
36 125 3
37 60 1
49 139 3
57 252 2
70 239 0
79 268 0
82 275 0
111 229 3
112 205 1
130 280 2
130 289 3
152 336 0
163 360 0
186 360 0
186 375 3
200 392 0
209 390 3
212 368 2
248 370 2
293 405 0
310 507 2
312 478 1
323 498 1
324 521 0
348 533 0
350 537 0
359 544 0
369 508 2
378 575 3
389 580 2
392 520 1
399 598 3
421 598 3
423 617 3
428 618 0
433 617 3
435 590 1
444 630 0
452 617 3
454 626 3
466 639 3
478 667 1
491 635 0
497 695 0
506 677 1
525 642 3
529 728 2
536 731 2
554 749 3
570 769 2
571 754 0
577 771 2
598 787 2
625 798 1
641 825 0
644 832 2
649 836 2
666 857 0
681 861 2
682 827 1
692 767 3
712 827 1
712 870 1
713 903 0
725 923 0
777 897 2
786 877 3
806 891 3
809 969 0
816 925 1
821 974 3
827 991 0
22 30 81 95
30 22 91 95
81 91 13 18
95 95 18 13

