75 4 1
0 774 0
93 568 2
94 468 3
149 582 3
186 788 1
199 835 3
344 634 2
524 774 0
593 888 0
603 972 0
649 1387 3
655 826 1
750 1059 2
758 1547 3
795 1189 0
836 1535 0
873 1630 0
916 1684 3
928 1653 0
958 1749 3
1045 1709 2
1052 1755 2
1072 1862 0
1092 1834 2
1098 1445 1
1133 1732 1
1164 1912 0
1172 1912 0
1221 2010 0
1267 2032 0
1319 2006 2
1343 1867 3
1380 2057 2
1457 2255 1
1473 1906 3
1501 1923 3
1572 2282 3
1638 2186 0
1642 2420 3
1667 2430 1
1752 2402 0
1859 2573 3
1922 2659 3
1936 2683 3
1956 2553 1
2023 2683 0
2082 2772 0
2087 2636 1
2128 2820 3
2209 2968 2
2210 3003 2
2212 2896 3
2258 3057 2
2468 3000 0
2503 3167 2
2582 3342 2
2594 2927 1
2623 3020 0
2641 3422 2
2664 3445 2
2674 3472 0
2686 3462 2
2734 2967 1
2766 3250 3
2852 3439 1
3011 3633 1
3043 3554 0
3090 3847 0
3091 3783 2
3098 3428 3
3176 3913 3
3178 3930 0
3339 3992 1
3347 3945 3
3434 4038 0
27 10 180 73
10 9 170 63
3 31 20 81
86 113 8 3

