100 4 1
0 413 0
3 418 1
33 136 2
34 583 1
131 616 0
151 721 1
196 742 1
220 629 0
237 845 2
300 995 1
366 515 3
379 1056 1
421 959 2
444 767 3
522 1193 0
564 825 3
610 1356 3
729 1267 2
740 1325 1
781 1522 3
839 1548 0
873 1480 1
876 1595 3
905 1491 2
982 1752 1
1031 1616 3
1047 1785 0
1052 1814 0
1107 1888 2
1115 1821 0
1161 1821 0
1183 1838 0
1278 1932 2
1380 1955 0
1389 1867 1
1438 2120 1
1452 2224 3
1460 2224 3
1468 2243 3
1472 2016 0
1508 2052 0
1535 1973 2
1593 2341 1
1610 2368 2
1611 2298 3
1662 2373 1
1731 2404 2
1760 2265 0
1771 2562 2
1824 2616 2
1948 2650 1
2024 2621 0
2059 2727 2
2091 2680 0
2100 2314 3
2131 2901 0
2163 2678 1
2203 2957 0
2371 2802 2
2397 3070 0
2409 2882 1
2443 3203 0
2482 2682 3
2546 2824 2
2603 3123 1
2610 2893 2
2636 3296 1
2656 3393 1
2888 3411 0
2890 3630 0
2961 3048 3
2987 3671 0
3037 3338 3
3090 3865 0
3094 3878 0
3127 3151 2
3173 3645 1
3264 3798 1
3270 4046 0
3290 3362 2
3299 3761 2
3300 3883 1
3319 4041 2
3368 4025 3
3443 4160 1
3517 4292 0
3529 4027 3
3568 4123 3
3658 4303 1
3726 4155 2
3740 4432 1
3746 4277 3
3768 4343 3
3786 4421 3
3863 4585 1
3998 4760 1
4026 4680 0
4210 4580 2
4253 4681 3
4262 4954 2
39 34 72 5
34 54 38 39
19 71 53 7
86 92 103 20

