75 4 2
0 323 2
62 201 0
105 223 0
120 304 3
152 336 2
237 260 0
240 415 0
259 543 2
310 420 1
322 464 0
373 655 1
376 629 3
376 687 1
405 795 3
422 784 1
430 818 1
444 799 3
456 837 1
459 816 3
479 852 1
486 541 0
487 727 0
562 914 3
580 932 3
585 944 1
601 780 0
628 949 1
644 1002 2
691 1046 0
709 1061 0
776 1143 1
817 1187 1
831 1015 2
842 1064 2
858 1119 0
860 1237 1
865 1110 3
875 1195 2
878 1146 0
885 1252 1
904 1277 1
947 1256 0
973 1252 2
977 1186 3
978 1327 0
985 1325 1
990 1360 0
992 1348 1
1021 1397 0
1024 1363 1
1033 1371 1
1049 1392 1
1055 1411 0
1065 1457 1
1075 1298 3
1131 1512 0
1134 1380 3
1157 1513 0
1178 1411 3
1179 1571 0
1189 1350 2
1192 1572 1
1204 1424 3
1204 1508 3
1268 1648 1
1278 1676 0
1315 1611 3
1320 1431 2
1338 1706 0
1377 1762 3
1381 1724 0
1389 1538 2
1439 1734 1
1455 1779 1
1457 1594 2
16 25 125 58
25 32 150 83
20 30 29 5
121 160 88 10

