100 4 1
0 387 2
101 589 2
267 819 1
293 840 1
306 1059 2
332 993 0
409 1131 1
452 1157 1
554 1109 2
627 1407 2
656 1356 0
695 1479 2
728 963 3
758 1342 3
772 1382 0
836 1594 0
901 1467 1
967 1670 3
969 1595 1
999 1780 2
1023 1772 3
1039 1785 3
1067 1800 0
1320 1988 0
1352 2142 0
1361 2144 0
1408 1922 1
1469 2254 3
1480 1831 2
1534 2110 1
1565 2234 0
1571 1883 2
1579 2171 1
1688 2170 2
1692 2336 0
1714 2425 2
1868 2471 0
1964 2744 1
1964 2290 3
2075 2764 1
2078 2806 2
2093 2851 2
2140 2872 1
2164 2710 0
2210 2985 0
2287 2924 2
2476 2937 1
2476 3046 0
2526 3129 0
2588 3338 0
2629 3000 3
2641 3181 3
2688 3453 0
2700 3187 1
2716 3503 0
2753 3442 2
2790 3480 3
2797 3361 1
2872 3500 3
2889 3489 1
2922 3510 0
2943 3490 1
2956 3501 2
2961 3610 0
3138 3611 3
3208 3910 0
3328 4025 0
3334 4070 0
3339 4076 0
3359 4080 0
3373 4140 1
3475 4107 2
3480 4165 1
3486 4274 1
3548 4126 2
3665 4104 0
3710 4051 3
3800 4361 1
3801 4106 0
3808 4212 0
3827 4529 3
3918 4716 3
3932 4572 0
3939 4569 2
4124 4669 2
4157 4644 1
4198 4687 2
4241 4863 2
4308 4729 3
4424 4932 3
4582 5029 2
4612 4849 1
4649 5036 3
4706 4932 0
4709 5143 1
4719 5084 3
4781 5307 3
4826 5395 0
4955 5551 3
5096 5644 3
44 69 109 29
69 69 178 98
108 112 36 73
32 70 140 3

