100 4 1
0 223 0
37 194 2
80 263 3
92 635 3
122 307 1
209 934 3
216 429 2
236 360 0
256 443 0
262 886 0
297 1088 3
328 992 1
336 498 2
385 1088 3
431 1221 0
483 1225 0
507 1255 0
544 1216 3
621 1322 0
637 1344 3
665 1072 2
736 1257 2
802 1356 0
806 1386 2
831 1327 1
916 1405 1
1023 1422 0
1086 1708 0
1100 1802 0
1120 1860 0
1187 1650 2
1246 1660 3
1251 1807 2
1292 2081 1
1373 2138 3
1374 2172 3
1376 2175 3
1422 1954 0
1632 2296 3
1667 2427 1
1746 2079 0
1758 2386 3
1787 2568 3
1805 2586 3
1828 2626 1
1838 2298 0
1850 2585 0
1898 2674 1
1930 2687 3
2016 2162 2
2175 2867 2
2207 2944 3
2254 3006 2
2255 2908 0
2262 3011 2
2340 3104 2
2342 2952 1
2503 2928 0
2511 3231 2
2598 3231 2
2599 3360 0
2620 3297 2
2650 3200 1
2725 3230 3
2749 3454 1
2760 3552 1
2830 3470 0
2862 3475 0
2871 3306 2
3000 3379 3
3040 3514 3
3086 3482 0
3126 3680 1
3168 3711 3
3232 3692 0
3305 3962 0
3348 4144 0
3379 4178 0
3382 3984 3
3444 4237 1
3482 4119 3
3543 4144 2
3544 4265 1
3572 4272 2
3648 4421 2
3653 4338 3
3694 4455 2
3732 4507 0
3777 4464 3
3779 4558 0
3899 4647 3
3951 4286 1
3975 4629 1
4032 4797 1
4034 4802 1
4115 4717 3
4142 4919 0
4173 4730 3
4196 4987 0
4269 4944 3
71 16 88 101
16 13 104 117
86 126 16 52
138 178 52 12

