100 4 3
0 74 0
12 64 2
26 87 3
30 210 3
40 101 1
69 310 3
71 142 2
78 119 0
85 147 0
87 294 0
99 362 3
109 329 1
112 166 2
128 390 3
143 346 0
160 406 0
168 416 0
180 403 3
206 439 0
211 446 3
220 355 2
244 417 2
266 450 0
267 459 2
275 440 1
303 465 1
339 471 0
360 566 0
365 598 0
372 618 0
394 548 2
414 551 3
416 601 2
430 692 1
457 711 3
457 722 3
458 723 3
473 650 0
543 763 3
555 807 1
581 692 0
585 793 3
595 854 3
601 860 3
609 874 1
612 765 0
616 860 0
632 890 1
643 894 3
672 720 2
725 955 2
736 981 3
752 1002 2
752 969 0
754 1003 2
780 1034 2
781 983 1
835 976 0
838 1077 2
867 1077 2
867 1120 0
874 1099 2
884 1067 1
909 1077 3
917 1151 1
921 1184 1
944 1156 0
955 1158 0
958 1102 2
1001 1127 3
1014 1171 3
1029 1160 0
1042 1226 1
1056 1236 3
1077 1230 0
1101 1319 0
1115 1379 0
1125 1390 0
1126 1326 3
1147 1410 1
1160 1371 3
1180 1379 2
1180 1419 1
1189 1421 2
1214 1471 2
1216 1443 3
1230 1483 2
1243 1500 0
1258 1486 3
1259 1518 0
1299 1547 3
1316 1427 1
1324 1541 1
1343 1597 1
1344 1599 1
1371 1571 3
1380 1638 0
1390 1575 3
1398 1661 0
1422 1646 3
35 8 106 112
8 7 114 120
112 132 8 27
139 159 27 6

