75 4 3
0 144 2
4 268 0
4 269 0
8 205 3
11 256 2
34 290 0
75 303 0
90 286 2
94 206 1
117 332 0
121 212 1
131 232 3
143 353 1
165 234 3
206 469 1
235 496 1
245 436 3
266 496 1
323 555 3
325 506 1
337 478 0
371 496 0
379 592 3
413 640 3
415 588 1
415 535 0
434 620 1
445 576 2
450 611 0
459 723 0
467 657 1
469 695 1
483 630 2
487 713 2
488 730 0
538 787 1
550 749 3
553 741 2
564 829 0
582 835 1
593 840 1
624 830 0
636 786 2
680 799 3
708 926 0
717 941 1
724 934 0
734 956 1
736 998 0
739 961 1
745 973 1
747 996 1
752 1012 0
765 1011 1
794 963 3
811 1069 0
814 980 3
815 1074 0
820 1041 3
823 1079 0
825 858 2
844 1074 1
846 1107 3
852 1107 3
863 1089 1
867 1131 0
874 1115 3
881 947 2
918 1147 0
920 1155 3
935 1189 0
949 1092 2
949 1138 1
956 1197 1
958 1208 2
18 25 46 51
25 18 71 76
46 71 3 5
51 76 5 3

