75 4 3
0 238 0
0 107 1
3 139 2
21 196 1
36 295 0
61 264 1
68 278 1
69 324 0
74 213 2
78 316 1
79 195 3
99 328 1
104 266 2
104 314 3
118 375 0
119 316 3
121 348 3
130 285 2
131 344 1
169 351 3
175 377 0
175 406 1
213 388 3
282 448 2
301 526 1
302 481 3
304 411 0
309 532 0
343 591 2
361 539 0
373 567 0
379 625 0
380 615 2
392 631 0
393 588 1
423 679 1
432 507 3
433 627 3
443 688 3
443 677 0
475 717 0
482 702 2
497 684 1
505 728 2
511 764 3
532 791 1
554 740 2
558 754 0
572 765 2
580 765 2
606 825 1
620 808 0
635 869 2
675 835 0
679 839 3
693 905 0
712 886 1
723 919 0
724 909 2
734 953 0
760 919 1
776 994 0
781 939 3
783 1000 2
801 992 1
804 1030 2
819 1075 1
826 1080 1
858 1108 0
892 1119 0
895 1139 3
911 1168 0
916 1164 3
919 1171 0
922 1185 0
34 20 29 10
20 36 9 10
84 144 24 46
38 98 46 63

