100 4 4
0 30 0
0 31 1
29 177 2
81 155 1
95 116 0
95 234 1
97 268 1
101 217 0
127 254 2
141 301 1
150 253 3
154 306 1
155 264 2
164 337 3
165 296 0
187 356 3
194 361 3
195 381 2
203 337 1
203 388 3
227 305 0
232 409 1
243 394 3
249 400 2
253 432 1
269 415 3
285 477 0
288 478 0
298 493 2
304 480 0
323 482 0
333 498 0
345 508 2
375 538 0
378 521 1
388 558 1
403 596 3
411 602 3
412 605 3
419 555 0
438 574 0
450 559 2
454 572 1
455 642 2
469 658 3
471 642 1
483 651 2
489 624 0
513 653 2
538 715 2
540 646 1
552 686 0
555 723 2
557 689 0
559 756 3
560 744 0
569 732 1
576 759 0
591 758 2
595 793 0
595 770 1
608 800 0
625 770 3
632 763 2
635 823 1
648 816 2
679 869 1
698 882 1
707 837 0
715 842 0
717 830 3
725 849 0
733 918 3
743 914 0
785 978 0
792 946 2
795 886 1
803 979 1
813 1004 0
829 978 2
843 1027 2
845 981 1
851 1039 2
856 957 3
914 992 1
914 1034 0
932 1037 3
938 1069 3
950 1146 1
963 1081 2
964 1158 1
972 1087 3
983 1128 3
1006 1186 3
1007 1171 1
1012 1191 1
1014 1065 0
1014 1100 2
1019 1212 3
1031 1155 2
37 135 60 50
135 63 93 85
60 93 40 54
50 85 54 37

