75 4 4
0 8 2
3 125 0
5 164 0
23 106 3
54 81 2
65 225 0
68 252 0
85 246 2
88 157 1
95 290 0
104 179 1
121 165 3
152 225 1
173 354 3
180 374 1
196 386 1
239 361 3
241 389 1
250 414 3
276 418 1
282 460 0
307 493 0
308 428 3
308 484 3
322 472 1
331 494 0
335 493 1
342 497 2
348 524 0
349 528 0
359 519 1
362 541 1
363 540 2
401 577 2
410 593 0
413 570 1
421 530 3
434 619 2
442 630 0
466 588 1
475 635 1
508 642 0
529 633 2
536 604 3
541 663 0
549 644 1
550 668 0
552 673 1
557 705 0
558 712 1
562 723 1
572 755 1
594 780 0
607 761 1
609 693 3
610 784 0
614 698 3
616 786 0
617 770 3
631 788 0
633 743 2
637 768 1
645 797 3
648 833 3
653 796 1
658 836 0
686 874 3
687 856 2
698 851 0
708 877 3
708 879 0
713 866 2
714 892 1
720 916 1
720 910 2
32 51 43 87
51 38 94 138
43 94 32 82
87 138 82 61

