50 4 4
0 7 3
11 51 1
20 20 0
23 131 3
32 154 3
34 200 3
43 213 1
51 168 0
70 143 2
74 271 0
81 239 1
96 289 0
105 278 3
107 292 0
110 299 0
115 230 2
129 288 2
134 297 2
154 327 3
177 371 2
182 381 2
192 384 2
197 392 2
205 381 3
206 392 2
213 278 1
229 312 0
231 399 0
266 463 1
269 462 0
285 416 2
300 467 2
305 478 0
308 461 3
321 488 0
369 540 1
378 569 2
394 531 0
421 580 1
429 592 1
431 627 2
433 592 3
437 607 3
438 632 3
441 633 3
448 645 2
455 547 0
472 642 3
475 620 1
503 680 1
9 13 39 55
13 14 26 68
12 15 9 4
8 19 4 81

