50 4 2
0 189 3
18 209 1
42 111 0
51 360 3
76 408 3
77 417 3
99 333 1
118 265 0
124 519 2
143 278 0
148 465 1
166 314 0
183 570 3
222 569 0
230 601 0
244 574 2
274 652 2
293 682 2
298 697 3
305 689 2
315 706 2
343 715 2
353 747 2
393 779 3
440 774 2
449 516 1
470 736 0
481 827 0
498 593 1
499 833 0
513 855 2
546 929 2
550 868 0
620 791 3
626 877 0
657 983 1
686 1079 2
696 1014 0
701 1042 1
727 1116 1
822 1201 2
840 1178 3
872 1256 3
926 1320 3
942 1336 3
946 1216 2
950 1343 0
958 1350 3
960 1123 1
965 1316 1
18 25 65 49
25 18 90 48
65 90 48 78
49 48 78 36

