100 4 3
0 240 2
11 245 2
21 205 1
26 285 1
47 279 2
69 297 0
91 352 1
92 354 1
102 345 2
110 350 2
115 323 0
124 384 2
208 254 3
219 389 3
222 483 0
238 497 0
258 366 1
262 405 3
280 409 1
290 478 2
292 441 3
295 495 3
331 560 0
332 574 0
339 591 0
390 633 0
422 500 1
422 603 3
459 545 2
460 717 1
465 676 0
481 634 2
489 738 1
504 683 2
530 716 0
593 743 2
593 847 0
610 771 1
631 874 3
645 802 1
649 884 2
665 889 2
669 930 1
674 903 0
686 915 0
698 899 2
700 933 1
725 956 0
731 975 0
742 987 0
749 934 3
753 993 3
755 1010 0
814 1024 1
837 1055 0
877 1027 2
879 1107 3
881 1070 1
888 1150 3
893 1085 1
927 1073 0
929 1115 1
931 1032 2
952 1086 0
991 1224 3
1006 1271 0
1036 1280 0
1036 1284 0
1038 1293 0
1044 1302 0
1074 1130 1
1079 1235 2
1081 1136 1
1143 1155 1
1154 1337 2
1168 1322 0
1182 1233 3
1204 1444 1
1243 1414 0
1296 1445 0
1306 1434 3
1318 1506 3
1337 1556 0
1338 1380 2
1341 1402 2
1362 1536 1
1377 1433 2
1420 1646 2
1467 1676 3
1477 1706 3
1503 1753 2
1510 1567 1
1515 1772 3
1520 1708 0
1521 1636 1
1524 1783 3
1546 1792 3
1555 1776 0
1634 1831 3
1643 1887 3
25 10 126 53
121 5 74 132
70 64 1 113
20 53 79 5

