50 4 3
0 147 2
4 235 0
45 235 0
47 297 3
77 182 2
81 286 0
93 328 0
103 310 2
109 274 1
112 345 0
132 317 1
166 381 3
179 431 1
183 394 3
232 468 1
242 476 1
256 512 3
265 495 1
269 533 3
278 523 1
282 497 0
286 545 0
286 544 3
290 551 3
293 546 1
316 553 0
357 617 1
372 479 2
376 628 0
399 652 0
403 668 1
413 669 1
425 560 2
447 675 2
488 684 0
517 732 1
527 618 3
548 758 2
605 868 0
607 840 1
619 880 1
653 883 0
661 893 2
695 805 3
697 910 0
697 924 1
716 980 0
727 953 1
732 981 0
741 1006 1
16 2 6 47
2 44 4 45
71 55 19 28
99 83 28 36

