75 4 2
0 298 0
58 229 1
162 313 2
191 272 1
192 527 0
195 406 1
202 446 1
254 638 0
281 348 2
299 508 1
308 423 3
310 668 1
328 503 2
329 457 3
374 719 0
388 633 3
390 707 3
405 792 2
406 703 1
454 733 3
464 806 0
487 720 1
499 754 3
507 828 2
538 744 1
571 778 3
577 851 0
598 883 0
609 862 2
648 921 0
669 973 0
692 1039 0
752 1015 2
758 1096 0
779 1048 1
808 1143 1
825 829 3
826 956 3
840 1213 3
879 1148 0
903 1195 0
911 1184 2
913 1283 1
941 1295 2
945 1248 3
968 1327 1
979 1364 2
1027 1319 0
1078 1447 2
1083 1448 2
1107 1438 1
1114 1396 0
1118 1454 2
1122 1503 0
1124 1514 3
1142 1528 0
1155 1519 1
1184 1566 0
1192 1568 2
1193 1580 0
1219 1593 1
1254 1633 0
1269 1612 3
1274 1610 2
1300 1655 1
1362 1631 2
1400 1666 1
1418 1754 1
1434 1686 0
1439 1703 0
1455 1850 3
1471 1839 0
1491 1857 3
1575 1910 0
1588 1984 0
4 124 37 22
131 31 68 169
4 151 22 23
38 53 163 46

