50 4 2
0 206 2
63 350 2
102 312 1
103 385 1
108 492 2
138 329 0
146 413 1
158 473 1
178 525 2
191 548 2
203 433 0
206 601 2
209 234 3
218 590 3
242 518 0
245 640 0
279 575 1
304 599 3
305 576 1
310 646 2
346 609 3
348 634 3
351 704 0
352 705 0
377 728 0
378 769 0
380 714 1
381 664 3
406 744 2
420 788 1
429 805 0
435 765 2
468 829 1
481 801 2
485 814 0
506 814 2
527 825 0
538 890 1
554 831 3
559 949 1
562 912 2
574 917 2
584 976 1
585 877 0
601 906 0
627 1006 2
650 1001 1
677 990 0
727 1117 0
810 1184 0
14 50 8 7
50 32 42 43
119 161 4 15
20 10 3 15

