75 4 4
0 12 2
1 187 2
6 144 1
18 215 1
20 188 2
37 67 0
49 225 1
50 226 1
53 194 2
71 246 2
72 245 0
74 269 2
75 242 3
87 256 3
88 272 0
89 277 0
89 254 1
102 282 3
109 269 1
114 278 2
117 293 3
133 328 3
140 315 0
142 338 0
152 341 0
163 358 0
169 356 1
177 363 3
179 362 2
180 377 1
186 369 0
191 371 2
192 387 1
200 396 2
213 380 0
225 402 2
238 388 0
263 458 1
305 386 3
312 462 1
315 487 2
321 503 2
340 529 1
351 473 0
376 559 0
394 530 2
401 594 1
411 570 0
419 606 0
427 618 0
430 551 3
446 629 3
462 639 0
479 639 1
479 647 0
486 682 2
492 664 3
496 668 1
503 665 3
566 684 1
574 749 0
576 718 1
588 762 2
603 787 0
606 686 3
620 804 0
628 808 0
629 820 0
631 828 0
658 833 0
659 858 1
665 825 2
703 860 1
727 863 1
727 848 2
48 137 78 65
137 94 215 126
78 215 58 89
65 126 89 48

