75 4 2
0 387 0
47 284 2
48 235 3
75 291 3
93 394 1
100 418 3
173 318 2
263 388 0
298 445 0
303 487 0
326 695 3
329 414 1
377 531 2
381 775 3
400 597 0
420 769 0
439 817 0
461 845 3
467 829 0
482 877 3
525 857 2
528 879 2
538 933 0
548 919 2
551 724 1
568 867 1
584 958 0
588 958 0
613 1007 0
636 1018 0
662 1005 2
674 936 3
692 1030 2
730 1129 1
738 954 3
752 963 3
788 1143 3
821 1095 0
823 1212 3
835 1216 1
878 1203 0
932 1289 3
963 1331 3
970 1343 3
980 1278 1
1014 1344 0
1044 1389 0
1047 1321 1
1068 1414 3
1108 1487 2
1109 1505 2
1110 1452 3
1133 1532 2
1238 1504 0
1256 1588 2
1295 1675 2
1301 1467 1
1316 1514 0
1325 1715 2
1336 1726 2
1341 1740 0
1347 1735 2
1371 1487 1
1387 1629 3
1430 1723 1
1510 1821 1
1526 1781 0
1549 1927 0
1549 1895 2
1552 1717 3
1591 1959 3
1592 1968 0
1672 1998 1
1676 1975 3
1720 2022 0
27 10 180 73
10 9 170 63
3 31 20 81
86 113 8 3

