50 4 4
0 112 2
33 155 2
44 231 1
51 243 1
64 159 2
73 184 0
79 252 1
95 258 1
96 274 2
106 303 2
138 324 0
158 355 2
158 214 3
161 231 3
176 324 0
180 327 0
186 321 1
196 274 3
202 370 1
208 384 2
210 382 3
211 387 3
216 338 0
228 369 0
230 405 0
247 420 0
259 454 1
260 427 3
263 386 2
281 465 1
282 438 0
284 406 2
285 473 1
297 462 2
298 478 0
299 463 2
299 494 0
312 487 1
319 490 3
324 520 1
327 473 2
343 479 2
350 539 1
352 527 0
362 557 0
373 560 2
379 565 1
387 570 0
389 586 0
390 586 0
21 74 18 21
74 48 56 95
121 185 6 77
44 108 77 6

