100 4 3
0 40 0
0 42 1
38 235 2
107 206 1
126 153 0
127 312 1
129 356 1
134 289 0
168 337 2
186 399 1
198 335 3
204 406 1
205 350 2
217 448 3
218 393 0
248 473 3
257 480 3
258 506 2
268 446 1
268 514 3
300 404 0
307 542 1
322 523 3
330 531 2
336 575 1
357 552 3
379 635 0
383 636 0
397 656 2
405 639 0
431 643 0
445 664 0
460 678 2
500 717 0
504 695 1
518 744 1
537 793 3
548 802 3
549 806 3
559 740 0
585 766 0
601 746 2
606 763 1
608 856 2
626 878 3
629 857 1
644 867 2
651 830 0
683 870 2
717 953 2
720 862 1
736 914 0
741 964 2
744 919 0
747 1010 3
748 993 0
760 977 1
769 1012 0
788 1011 2
794 1057 0
794 1027 1
811 1067 0
834 1027 3
844 1019 2
848 1098 1
866 1089 2
907 1159 1
932 1177 1
944 1118 0
955 1124 0
958 1109 3
968 1134 0
979 1225 3
992 1219 0
1048 1306 0
1057 1262 2
1061 1183 1
1072 1306 1
1085 1340 0
1106 1305 2
1125 1371 2
1127 1308 1
1136 1386 2
1143 1277 3
1220 1324 1
1221 1381 0
1245 1385 3
1254 1429 3
1271 1531 1
1289 1446 2
1290 1548 1
1301 1454 3
1316 1509 3
1346 1586 3
1348 1566 1
1355 1593 1
1358 1426 0
1358 1472 2
1364 1621 3
1380 1545 2
22 45 30 34
45 8 19 11
30 19 13 18
34 11 18 8

