75 4 1
0 214 0
60 95 1
75 195 2
75 407 1
117 478 0
120 754 1
127 797 1
154 576 0
157 645 2
270 1038 1
289 424 3
290 1064 1
405 901 2
612 845 3
670 792 0
672 1266 3
678 1363 3
692 1159 2
795 1305 1
849 1492 3
885 1298 0
903 1318 1
907 1515 3
944 1381 2
947 1642 1
1036 1562 3
1064 1565 0
1067 1744 0
1097 1635 2
1098 1769 0
1195 1941 0
1215 1956 0
1260 1969 2
1284 2003 0
1301 1660 1
1364 1950 1
1430 2200 3
1443 2205 3
1485 2266 3
1508 2067 0
1586 2177 0
1628 2210 2
1674 2001 1
1793 2326 2
1804 2360 3
1845 2503 1
1903 2469 2
1937 2643 0
1940 2579 2
1969 2629 2
2046 2525 1
2095 2750 0
2111 2765 2
2116 2798 0
2171 2943 3
2179 2907 0
2225 2737 1
2247 3011 0
2342 3094 2
2444 3128 0
2453 3188 1
2502 3277 0
2516 3060 3
2524 3272 2
2532 3290 1
2536 3327 2
2572 3309 1
2599 3332 1
2657 3328 0
2674 3466 0
2675 3377 3
2726 3496 0
2795 3549 3
2824 3497 0
2835 3595 0
34 20 29 24
20 36 9 44
54 114 24 152
103 64 58 33

