75 4 1
0 653 3
42 735 1
64 842 0
97 896 3
100 896 3
129 913 3
194 939 1
201 972 0
342 579 2
354 1017 0
416 944 1
475 1169 0
495 1175 3
506 1305 0
557 1351 0
747 907 2
783 951 2
847 1058 2
954 1175 3
987 1392 2
995 1765 2
1002 1769 2
1017 1783 2
1021 1635 3
1032 1817 2
1062 1449 1
1091 1486 0
1161 1929 0
1171 1935 1
1284 2058 0
1414 2050 2
1478 2269 2
1693 2334 0
1717 2295 3
1766 2468 0
1796 2286 1
1844 2635 2
1916 2492 0
1964 2727 1
1984 2760 1
1991 2647 2
1997 2360 3
2018 2689 3
2058 2745 3
2058 2770 3
2122 2693 2
2165 2871 0
2174 2926 3
2214 2969 1
2215 2990 1
2221 2992 1
2245 2994 2
2248 3042 0
2329 3098 0
2351 3143 0
2405 3178 1
2413 3181 1
2503 3195 0
2538 3220 3
2603 3372 1
2688 3450 1
2690 3456 1
2712 3467 1
2763 3470 1
2835 3461 2
2875 3535 1
2884 3585 3
2981 3695 1
3029 3800 1
3110 3889 3
3166 3898 1
3195 3914 3
3219 3979 1
3257 3998 1
3299 3908 0
12 28 41 16
28 21 43 44
41 43 23 31
16 44 31 12

