75 4 2
0 326 3
21 367 1
32 421 0
49 448 3
50 448 3
64 456 3
97 469 1
101 486 0
171 289 2
177 508 0
208 472 1
237 584 0
247 587 3
252 651 0
278 675 0
373 453 2
391 475 2
423 528 2
477 587 3
493 695 2
497 882 2
501 884 2
509 892 2
511 818 3
516 908 2
531 724 1
546 743 0
581 965 0
586 968 1
643 1030 0
708 1026 2
740 1135 2
847 1167 0
859 1148 3
883 1234 0
898 1143 1
922 1317 2
958 1246 0
982 1363 1
992 1380 1
996 1324 2
999 1180 3
1010 1345 3
1030 1373 3
1030 1386 3
1062 1347 2
1084 1437 0
1089 1465 3
1109 1486 1
1110 1497 1
1113 1498 1
1125 1499 2
1126 1523 0
1166 1550 0
1177 1573 0
1204 1590 1
1208 1592 1
1253 1599 0
1270 1611 3
1303 1687 1
1346 1727 1
1347 1730 1
1358 1735 1
1384 1737 1
1420 1733 2
1440 1770 1
1445 1795 3
1494 1851 1
1518 1903 1
1558 1947 3
1586 1952 1
1600 1959 3
1612 1992 1
1631 2001 1
1652 1956 0
12 28 41 16
28 21 43 44
41 43 23 31
16 44 31 12

