50 4 1
0 379 3
36 419 1
84 223 0
101 720 3
152 817 3
153 834 3
197 666 1
235 529 0
246 1036 2
283 554 0
292 926 1
328 625 0
362 1137 3
440 1135 0
456 1199 0
485 1145 2
546 1302 2
584 1362 2
594 1393 3
608 1376 2
628 1411 2
684 1428 2
704 1492 2
785 1557 3
879 1548 2
898 1033 1
940 1473 0
962 1655 0
995 1186 1
998 1667 0
1027 1712 2
1092 1859 2
1099 1735 0
1240 1583 3
1252 1754 0
1314 1966 1
1373 2159 2
1393 2030 0
1404 2086 1
1455 2233 1
1645 2403 2
1681 2357 3
1745 2513 3
1852 2641 3
1885 2673 3
1893 2434 2
1900 2687 0
1915 2699 3
1919 2245 1
1930 2632 1
18 25 65 49
25 18 90 48
65 90 48 78
49 48 78 36

