75 4 4
0 149 0
29 114 1
81 156 2
95 135 1
95 262 0
97 202 1
101 223 1
127 319 0
141 174 2
150 254 1
154 211 3
155 334 1
164 251 2
165 229 3
187 359 0
194 316 3
195 353 3
203 396 2
203 351 1
227 366 3
232 403 0
243 359 1
249 376 3
253 413 2
269 372 1
285 388 3
288 425 0
298 440 0
304 430 2
323 459 0
333 485 0
345 518 0
375 506 2
378 547 0
388 522 1
403 570 1
411 413 3
412 477 3
419 605 3
438 572 0
450 596 0
454 590 2
455 640 1
469 646 2
471 622 3
483 662 1
489 681 2
513 659 0
538 722 2
540 722 2
552 717 1
555 696 0
557 725 2
559 749 0
560 755 3
569 762 0
576 758 1
591 782 0
595 783 2
595 788 0
608 795 1
625 814 0
632 803 3
635 803 2
648 825 1
679 813 2
698 831 1
707 875 1
715 841 0
717 849 0
725 922 3
733 917 0
743 926 3
785 952 0
792 990 0
2 127 34 7
117 16 49 159
13 138 11 8
12 75 176 23

