50 4 3
0 84 0
15 244 2
17 41 3
31 249 3
43 147 1
67 264 3
105 331 2
112 275 0
113 341 0
117 360 0
141 285 3
154 185 1
156 343 2
180 340 3
223 455 0
286 544 0
307 559 0
307 390 3
317 577 0
319 544 3
326 363 2
342 593 2
347 604 0
353 598 2
355 412 1
359 461 1
378 640 0
379 642 0
407 669 0
408 670 0
424 678 2
434 604 3
451 679 2
463 494 1
467 641 3
506 731 3
507 772 3
531 675 0
531 789 3
560 813 1
575 791 0
606 843 3
606 851 3
624 852 3
636 819 1
640 840 0
688 846 0
748 943 1
771 887 3
774 978 2
27 37 98 156
37 27 135 193
98 135 43 58
156 193 58 43

