50 4 4
0 94 3
9 104 1
21 55 0
25 179 3
38 204 3
38 208 3
49 166 1
58 131 0
61 258 2
70 137 0
72 230 1
81 155 0
89 282 3
108 281 0
112 297 0
119 284 2
134 323 2
143 337 2
145 344 3
148 340 2
153 348 2
167 353 2
172 369 2
192 385 3
215 382 2
220 253 1
230 363 0
235 408 0
243 290 1
244 411 0
251 422 2
267 458 2
269 428 0
304 389 3
307 432 0
323 486 1
338 534 2
343 502 0
346 516 1
359 553 1
407 596 2
416 585 3
432 624 3
459 656 3
467 664 3
469 604 2
471 667 0
475 671 3
476 557 1
479 654 1
18 25 65 49
25 18 90 48
65 90 48 78
49 48 78 36

