75 4 4
0 163 0
3 182 1
3 83 2
6 200 1
19 171 0
30 222 1
49 228 1
54 226 0
55 177 2
59 252 1
62 186 3
63 255 1
78 224 2
82 205 3
82 266 0
93 233 3
94 270 3
96 278 2
103 268 1
104 272 3
132 322 0
137 332 1
137 276 3
166 313 2
218 363 1
232 313 3
232 365 0
234 373 0
238 402 2
264 405 0
278 454 0
287 457 0
291 484 2
292 474 0
301 429 1
302 459 1
324 515 3
331 519 3
332 525 3
340 476 0
340 476 0
364 551 2
369 558 1
380 551 2
386 525 3
390 558 1
406 583 2
422 502 0
425 593 2
435 632 2
441 625 1
460 623 0
470 653 2
482 649 0
512 577 3
515 655 0
525 675 1
540 738 0
548 723 2
549 741 0
556 684 1
575 763 0
587 647 3
591 759 2
592 710 1
606 796 2
608 738 1
620 785 1
626 777 0
650 804 0
675 711 3
677 819 0
689 732 3
692 824 0
694 878 0
39 65 58 52
65 42 57 109
58 57 39 52
52 109 52 39

