75 4 1
0 647 2
123 401 0
209 445 0
238 607 3
302 670 2
473 519 0
479 830 0
516 1085 2
618 838 1
642 926 0
743 1308 1
749 1255 3
749 1372 1
807 1587 3
841 1566 1
857 1633 1
885 1596 3
909 1672 1
914 1628 3
955 1701 1
968 1078 0
970 1450 0
1120 1825 3
1157 1862 3
1167 1886 1
1199 1558 0
1253 1896 1
1285 2002 2
1379 2090 0
1415 2119 0
1548 2282 1
1631 2372 1
1659 2028 2
1680 2125 2
1711 2234 0
1716 2471 1
1726 2217 3
1745 2385 2
1750 2287 0
1764 2499 1
1803 2550 1
1889 2508 0
1941 2499 2
1949 2368 3
1951 2650 0
1966 2646 1
1975 2715 0
1980 2693 1
2038 2790 0
2045 2724 1
2063 2739 1
2095 2782 1
2108 2821 0
2128 2913 1
2149 2596 3
2261 3023 0
2266 2758 3
2311 3024 0
2353 2820 3
2354 3138 0
2374 2697 2
2380 3140 1
2404 2844 3
2404 3013 3
2532 3292 1
2551 3348 0
2624 3216 3
2633 2855 2
2668 3405 0
2747 3518 3
2756 3443 0
2771 3070 2
2870 3461 1
2901 3549 1
2904 3178 2
25 38 108 40
38 48 146 78
27 43 43 2
108 168 86 16

