100 4 2
0 347 0
21 95 1
32 295 2
71 321 1
92 430 0
115 384 1
175 510 1
181 554 0
202 471 2
231 523 1
248 521 3
249 619 1
263 617 2
302 605 3
326 628 0
334 693 3
336 721 3
364 656 2
368 737 1
391 743 3
402 767 0
450 781 1
501 783 3
506 764 2
530 782 1
537 873 3
541 922 0
545 935 0
547 778 2
565 951 0
578 960 0
607 983 0
615 957 2
616 983 0
642 1029 1
677 1051 1
692 1071 3
697 1092 3
723 1119 3
785 1136 0
823 1157 0
841 1020 2
857 1115 1
862 1112 2
878 1119 3
894 1188 1
914 1162 2
998 1383 0
1011 1268 2
1017 1307 2
1034 1297 1
1053 1430 0
1085 1421 2
1114 1494 0
1118 1218 3
1131 1499 0
1141 1402 1
1257 1511 0
1258 1485 2
1294 1543 0
1307 1677 1
1332 1674 0
1359 1509 3
1361 1748 2
1377 1685 1
1400 1752 2
1445 1828 1
1448 1840 1
1458 1694 0
1463 1730 0
1464 1760 3
1474 1862 0
1499 1790 3
1537 1898 0
1574 1902 0
1580 1938 2
1600 1987 1
1645 1991 1
1679 1944 0
1686 1973 2
1689 2006 2
1700 2061 1
1709 2090 2
1747 1871 3
1815 2142 1
1829 2014 0
1921 2135 3
1943 2289 3
1947 2219 1
1960 2131 2
1973 2315 1
2014 2292 3
2022 2364 3
2032 2410 3
2039 2327 1
2048 2436 1
2056 2076 0
2069 2444 2
2074 2469 3
2086 2449 2
59 7 70 23
131 80 153 25
75 29 30 87
62 38 147 47

