50 4 1
0 449 2
132 620 2
175 926 1
202 971 1
255 637 2
291 735 0
314 1008 1
379 1033 1
384 1099 2
426 1217 2
552 1296 0
631 1422 2
633 859 3
643 926 3
703 1296 0
719 1309 0
742 1284 1
781 1096 3
806 1479 1
831 1537 2
837 1527 3
843 1549 3
861 1352 0
909 1476 0
915 1617 0
982 1675 0
1031 1814 1
1033 1702 3
1044 1610 2
1117 1854 1
1120 1746 0
1126 1614 2
1128 1881 1
1178 1839 2
1180 1902 0
1185 1844 2
1186 1966 0
1237 1937 1
1265 1951 3
1284 2068 1
1297 1881 2
1363 1909 2
1389 2147 1
1397 2100 0
1438 2219 0
1480 2229 2
1502 2248 1
1534 2267 0
1544 2334 0
1549 2334 0
7 25 2 15
25 16 27 40
90 111 2 25
65 86 25 2

