75 4 2
0 183 3
15 359 1
50 245 0
55 300 3
112 371 3
177 545 3
209 562 1
316 321 0
328 621 2
352 639 0
367 662 1
391 753 0
427 780 3
451 835 0
461 852 0
465 817 2
468 840 2
479 873 2
499 885 3
499 882 2
531 924 2
553 942 2
558 942 2
578 972 3
579 973 2
582 852 1
594 987 0
595 987 0
635 986 1
646 1031 0
673 1062 2
677 1073 2
722 1117 0
739 1058 3
772 1127 0
815 1098 1
816 1210 2
827 1170 0
853 1158 1
889 1189 1
909 1305 2
914 1122 3
963 1288 3
987 1377 3
1027 1412 3
1055 1395 2
1069 1452 0
1081 1418 3
1100 1424 1
1121 1490 1
1125 1510 1
1128 1523 2
1129 1463 0
1129 1475 0
1132 1498 0
1168 1519 1
1201 1527 1
1281 1623 0
1285 1548 3
1309 1688 1
1373 1713 1
1412 1716 1
1420 1782 1
1422 1785 1
1438 1590 2
1462 1854 1
1465 1594 3
1492 1890 1
1515 1907 1
1546 1918 3
1591 1976 1
1603 1934 3
1611 2010 1
1641 2038 1
1642 1722 0
5 25 20 23
48 8 163 26
17 120 8 17
80 151 169 9

