50 4 1
0 496 0
3 779 1
25 69 2
55 816 1
69 755 0
98 817 1
141 890 1
198 939 0
254 628 2
260 1033 1
341 412 3
351 1097 1
422 810 2
508 623 3
523 1061 0
553 1262 3
599 1315 3
717 1040 2
739 1149 1
764 1543 3
800 1185 0
817 1427 1
819 1587 3
873 1292 2
941 1657 1
951 1642 3
961 1451 0
1016 1650 0
1036 1810 2
1072 1666 0
1083 1768 0
1083 1778 0
1093 1839 2
1146 1887 0
1191 1900 1
1266 1985 1
1286 1645 3
1290 1876 3
1304 2074 3
1316 1901 0
1320 2058 0
1380 1941 2
1395 2099 1
1395 2125 2
1437 2100 3
1440 2112 1
1447 2209 2
1474 2255 0
1477 2249 2
1590 2318 2
8 16 24 11
16 12 22 27
24 22 9 13
11 27 13 8

