100 4 2
0 195 2
47 399 0
65 417 0
132 491 3
173 352 2
187 508 0
198 556 0
214 569 2
216 480 1
221 573 0
231 598 1
234 548 3
241 611 1
260 637 3
303 623 1
329 625 1
333 641 3
334 657 1
341 642 3
346 713 1
348 721 0
377 726 0
380 720 3
389 759 3
405 761 1
411 787 0
421 764 1
431 738 2
487 843 0
490 882 0
513 894 1
534 926 1
535 915 2
545 925 2
548 946 0
560 928 1
560 780 3
624 1009 2
634 977 0
671 966 1
676 1000 1
694 1010 0
733 1129 2
737 1087 3
745 1138 0
795 1083 1
811 1157 0
813 1163 1
817 1158 0
838 1236 1
862 1237 1
877 1276 1
895 1276 0
910 1282 1
967 1170 3
983 1277 0
1024 1335 3
1031 1360 0
1057 1395 3
1078 1394 0
1121 1260 2
1128 1462 1
1137 1531 3
1182 1556 3
1195 1467 1
1223 1555 0
1228 1619 3
1228 1451 2
1247 1574 0
1277 1646 3
1297 1686 0
1299 1549 2
1300 1658 1
1335 1692 1
1342 1669 2
1368 1708 3
1382 1761 0
1384 1774 0
1406 1738 1
1428 1813 2
1434 1780 0
1459 1851 1
1495 1866 1
1506 1847 2
1514 1867 2
1515 1899 2
1525 1922 2
1538 1839 3
1555 1918 3
1561 1942 2
1565 1927 3
1579 1955 0
1613 2008 0
1632 1995 1
1639 1935 3
1641 2015 0
1642 1968 3
1682 2011 1
1692 2079 1
1738 2103 0
12 6 14 28
6 6 8 22
110 112 11 30
152 140 68 9

