100 4 3
0 137 0
1 139 1
11 45 2
11 193 1
43 204 0
50 239 1
65 246 1
73 209 0
79 281 2
100 331 1
122 171 3
126 351 1
140 319 2
148 255 3
174 397 0
188 275 3
203 451 3
243 421 2
247 441 1
261 507 3
280 515 0
291 492 1
292 531 3
302 421 2
328 523 1
344 600 3
349 543 0
351 596 0
369 508 2
372 606 0
387 629 0
394 647 0
426 685 2
460 656 0
463 656 1
479 656 1
484 669 3
487 706 3
490 724 3
491 703 0
503 722 0
512 730 2
531 689 1
537 754 2
537 728 3
554 712 1
577 803 2
587 843 0
591 833 2
609 863 2
650 900 1
675 902 0
687 931 2
698 955 0
701 755 3
711 959 0
722 974 1
735 963 0
791 950 2
800 977 0
804 989 1
815 1001 0
828 970 3
849 1072 2
868 1047 1
870 1106 2
879 1057 1
886 1063 1
963 1117 0
964 1187 0
988 1155 3
997 1260 0
1014 1259 3
1032 1275 0
1033 1296 0
1044 1277 2
1059 1110 1
1089 1287 1
1091 1313 0
1098 1293 2
1101 1357 2
1101 1294 1
1107 1357 2
1123 1266 3
1148 1371 1
1173 1330 0
1177 1429 3
1190 1435 3
1220 1394 1
1243 1412 2
1248 1399 1
1250 1496 3
1257 1515 3
1263 1518 3
1289 1488 1
1334 1580 1
1343 1391 0
1404 1585 2
1418 1634 3
1421 1602 2
20 16 75 12
16 27 59 28
40 66 27 3
76 79 84 10

