50 4 2
0 157 0
36 180 2
93 250 3
103 399 3
105 294 1
110 449 3
145 390 2
164 404 0
167 510 0
203 532 0
267 487 3
362 521 1
394 452 2
395 665 3
410 610 0
413 778 0
424 812 0
448 827 3
455 846 0
464 842 3
466 473 2
472 795 2
500 887 0
501 802 2
543 613 1
544 723 1
569 887 0
584 953 0
610 1004 0
628 1006 0
633 854 2
691 1075 3
693 894 2
728 911 1
728 1090 3
772 1167 3
795 1190 3
842 1053 0
843 1214 3
870 1043 1
888 1187 0
895 1269 3
968 1304 3
1058 1348 3
1093 1443 1
1098 1451 0
1121 1472 0
1124 1494 1
1172 1403 3
1176 1383 2
41 66 71 55
66 49 113 97
71 113 22 30
55 97 30 22

