100 4 1
0 149 2
13 318 0
15 586 0
165 879 3
202 948 2
212 692 0
244 949 0
298 953 2
330 962 1
424 1044 0
460 1165 1
593 1312 3
676 1319 1
704 1421 3
725 1436 1
756 1460 1
761 1495 3
771 1512 1
790 1545 3
795 1530 1
809 1556 0
848 1588 0
934 1647 3
986 1738 3
994 1673 1
996 1610 0
1011 1687 1
1020 1468 2
1025 1712 0
1083 1796 0
1090 1875 1
1108 1892 1
1140 1900 2
1153 1913 2
1173 1970 0
1194 1931 1
1306 1746 3
1311 2082 2
1356 2043 0
1398 1989 1
1399 2047 1
1419 2051 0
1425 2217 2
1449 2149 3
1449 2236 0
1577 2153 1
1596 2289 0
1669 2369 1
1678 2321 0
1713 2396 1
1792 2588 1
1801 2599 1
1816 2578 0
1915 2659 1
1946 2352 3
1949 2607 0
1957 2633 3
1999 2631 0
2048 2717 3
2079 2867 0
2115 2651 2
2146 2816 1
2260 2948 3
2293 3042 3
2376 2825 1
2390 2934 0
2442 3106 3
2483 3265 2
2569 3015 0
2583 3238 3
2601 3025 0
2690 3429 2
2717 3226 1
2772 3550 1
2782 3498 2
2783 3498 3
2822 3477 0
2882 3562 0
2922 3680 1
2926 3627 2
2927 3583 0
2997 3777 1
3012 3783 1
3064 3757 2
3091 3876 2
3096 3891 2
3140 3903 2
3183 3615 3
3194 3763 3
3243 3968 2
3314 4066 3
3335 3736 0
3351 3838 0
3353 4144 1
3373 4100 3
3400 3993 0
3434 4183 3
3446 4221 1
3454 4247 1
3481 4228 0
12 6 14 8
6 6 8 14
50 49 18 14
36 35 14 2

