75 4 2
0 356 3
26 205 1
121 240 0
139 487 3
171 543 3
225 569 3
241 436 1
245 490 0
249 429 2
257 516 0
259 627 1
264 617 0
279 572 3
294 656 0
329 682 0
334 552 2
391 600 2
456 840 2
488 644 3
595 866 2
607 901 2
631 983 2
646 1037 2
670 1022 3
706 1050 2
730 907 1
740 962 0
744 981 0
747 1066 1
758 1105 0
778 1101 2
778 1150 2
810 1146 0
832 1226 3
837 1223 0
857 1120 1
858 1192 2
861 1244 0
873 1148 1
874 1192 1
914 1240 2
925 1318 3
952 1341 3
956 1350 3
1001 1355 3
1018 1412 2
1051 1321 0
1094 1487 3
1095 1247 1
1106 1436 1
1132 1490 1
1168 1496 2
1188 1340 0
1193 1558 0
1242 1612 0
1266 1587 1
1306 1606 1
1334 1657 0
1348 1601 3
1360 1669 1
1379 1771 1
1400 1785 1
1404 1793 1
1407 1803 1
1408 1803 2
1408 1804 1
1411 1619 3
1447 1837 1
1480 1865 1
1560 1635 3
1564 1904 1
1588 1971 3
1652 1917 1
1691 1947 1
1699 2036 0
10 30 14 75
30 31 44 45
109 128 16 184
43 72 2 41

