50 4 2
0 83 0
5 81 1
32 322 2
42 182 1
60 285 0
65 206 1
65 365 1
70 443 0
96 365 2
118 472 1
156 255 3
166 493 1
168 396 2
175 494 3
181 464 0
183 513 3
213 540 3
221 579 2
221 610 1
242 547 3
243 560 0
247 631 1
260 618 3
262 607 2
318 635 1
328 715 3
329 577 0
387 684 0
491 640 2
520 799 0
521 863 0
524 871 0
531 794 2
583 921 0
610 879 1
628 963 1
637 767 3
639 1012 3
657 1027 3
658 1012 0
703 1062 0
717 896 2
719 1012 1
734 1119 2
735 1027 3
783 1030 1
793 1162 2
816 1096 0
828 1180 2
836 1201 2
26 14 42 2
26 28 72 45
135 106 36 50
87 146 23 34

