75 4 3
0 215 2
41 133 0
70 148 0
80 202 3
101 223 2
158 173 0
160 276 0
172 361 2
206 279 1
214 308 0
248 435 1
250 418 3
250 457 1
269 528 3
280 521 1
285 543 1
294 530 3
302 555 1
304 541 3
318 566 1
322 358 0
323 482 0
373 607 3
385 619 3
388 627 1
399 518 0
417 631 1
428 666 2
459 695 0
471 705 0
515 759 1
543 789 1
552 674 2
559 707 2
569 743 0
571 822 1
574 737 3
580 793 2
582 760 0
587 831 1
600 848 1
629 835 0
646 831 2
649 788 3
650 882 0
655 881 1
658 904 0
660 897 1
679 929 0
681 907 1
687 911 1
698 926 1
702 939 0
709 970 1
716 864 3
753 1006 0
755 918 3
770 1007 0
784 939 3
784 1044 0
791 898 2
793 1045 1
801 947 3
801 1003 3
844 1097 1
850 1115 0
874 1071 3
877 951 2
889 1134 0
915 1171 3
918 1146 0
923 1022 2
956 1152 1
966 1181 1
967 1058 2
16 25 125 58
25 32 150 83
20 30 29 5
121 160 88 10

