50 4 2
0 94 0
14 394 1
35 378 2
64 423 1
92 252 0
95 469 1
136 506 1
141 328 0
177 563 2
220 510 1
227 367 3
242 542 1
265 638 2
324 518 3
335 392 0
347 616 3
365 719 3
374 701 2
375 603 1
402 721 3
436 553 0
441 724 1
446 776 3
473 800 2
483 841 1
501 890 3
506 617 0
506 698 0
511 816 2
537 703 0
559 739 0
597 914 0
607 905 2
609 944 0
616 860 1
622 1006 1
624 982 3
654 999 3
662 1049 3
662 959 0
683 962 0
684 1026 2
688 1009 1
701 1048 2
703 1076 3
759 1028 1
769 1061 2
770 1043 0
828 1198 2
932 1286 2
36 55 49 164
55 18 24 109
49 24 18 115
164 109 115 81

