75 4 4
0 193 0
23 141 2
23 116 3
37 145 3
46 196 1
49 208 3
85 157 2
130 203 0
147 217 0
149 217 0
160 252 3
161 345 1
185 227 2
187 264 3
196 239 0
206 403 0
215 404 0
226 280 3
229 421 0
236 336 3
258 349 2
260 373 2
265 446 0
270 426 2
272 394 1
281 478 1
289 455 0
291 466 0
303 500 0
315 500 0
328 477 2
334 398 3
343 530 2
362 530 1
366 484 3
373 518 3
391 566 3
407 583 0
408 583 3
414 557 1
435 620 0
462 601 3
478 675 3
481 680 3
486 594 1
503 680 0
518 712 0
519 709 1
529 691 3
549 560 2
549 727 2
550 691 3
562 746 2
614 769 0
623 762 2
643 815 2
646 742 1
653 791 0
658 844 2
664 853 2
667 795 0
670 868 2
682 777 1
690 802 3
711 794 1
751 922 1
759 876 0
771 970 0
771 904 2
773 939 3
793 983 3
794 989 0
834 1029 1
836 1035 3
858 1041 0
55 21 200 97
21 18 179 76
25 42 40 94
74 128 38 7

