75 4 4
0 110 2
17 214 2
29 85 1
30 100 1
33 228 2
51 218 0
52 175 1
54 195 1
55 239 2
67 255 2
68 233 0
69 264 2
69 95 3
82 257 3
89 260 0
94 290 0
97 243 1
113 265 3
120 309 1
122 297 2
132 288 3
143 338 3
149 336 0
157 343 0
159 356 0
160 356 0
166 310 1
171 338 3
172 320 2
180 341 1
193 370 0
205 355 2
218 413 1
243 384 2
285 397 0
292 442 2
295 467 0
301 483 1
320 509 3
331 514 1
356 492 2
374 567 2
381 540 1
391 506 0
399 541 0
407 594 2
410 545 1
426 566 0
442 633 0
459 642 0
459 523 3
466 550 3
472 649 0
476 636 1
483 651 0
546 742 2
554 726 3
556 728 1
568 730 3
583 758 1
586 657 0
600 774 1
608 792 2
609 689 0
611 744 3
638 696 0
639 770 0
645 829 0
683 863 0
707 898 0
707 865 1
735 824 2
736 899 1
740 911 1
752 894 2
52 30 12 15
30 41 18 15
128 104 15 1
127 103 1 26

