50 4 1
0 625 2
12 508 0
24 726 0
25 584 3
37 685 2
45 805 0
115 826 0
239 918 2
283 793 1
294 874 0
363 843 1
374 850 3
403 1107 1
439 1209 3
505 1196 1
628 1423 1
714 1351 3
743 1482 1
807 1454 3
978 1547 1
984 1204 0
1021 1305 0
1123 1688 3
1147 1770 3
1248 2028 1
1254 1557 0
1254 2030 1
1312 1451 2
1346 1902 0
1362 2073 0
1390 2153 1
1414 2160 1
1419 1529 2
1460 1940 2
1473 2178 0
1475 2180 1
1625 2344 3
1662 2021 2
1672 2315 0
1704 2421 1
1758 2469 1
1790 2318 0
1884 2062 2
1920 2449 3
2053 2342 0
2136 2476 1
2164 2868 0
2185 2919 1
2216 2957 0
2221 2976 1
13 65 1 14
78 70 51 165
3 34 40 60
92 63 98 30

