50 4 4
0 173 3
10 119 1
15 200 0
23 188 3
24 213 3
31 225 3
47 246 1
49 218 0
84 116 2
87 247 0
103 281 1
118 292 0
123 235 3
126 312 0
139 323 0
187 363 2
196 377 2
212 388 2
239 250 3
247 439 2
249 444 2
251 448 2
255 448 2
256 274 3
259 450 2
266 403 1
273 349 0
290 406 0
293 452 1
321 406 0
353 461 2
369 494 2
423 586 0
429 542 3
441 637 0
449 608 1
461 631 2
479 673 0
491 680 1
496 688 1
498 695 2
500 592 3
505 675 3
515 692 3
515 712 3
531 727 2
542 707 0
544 723 3
554 718 1
554 736 1
17 123 31 12
17 11 36 112
21 33 0 30
138 71 65 48

