100 4 2
0 196 3
40 363 1
51 73 0
78 292 3
82 332 3
127 426 3
144 459 1
177 301 0
220 592 2
221 352 0
232 568 1
258 652 0
294 476 3
314 700 0
319 702 0
368 643 2
392 710 2
432 758 2
460 687 3
474 867 2
486 875 2
505 884 2
526 910 2
530 924 3
533 927 2
534 804 1
534 927 0
537 929 0
573 924 1
606 946 0
686 1071 2
690 1079 2
714 995 0
778 1030 3
817 1054 0
825 1059 1
827 1100 2
843 1239 0
867 1262 1
870 1264 1
897 1240 2
920 1115 3
951 1123 3
996 1301 3
1008 1308 3
1016 1307 2
1046 1322 0
1047 1443 3
1063 1271 1
1066 1391 1
1080 1470 1
1090 1475 2
1106 1446 0
1115 1498 0
1132 1501 0
1134 1483 1
1136 1521 1
1220 1615 0
1226 1560 3
1233 1579 1
1248 1614 1
1268 1619 1
1307 1633 1
1325 1667 1
1406 1669 2
1412 1791 1
1414 1708 3
1416 1808 1
1474 1812 1
1486 1748 3
1499 1842 1
1532 1850 3
1533 1847 1
1552 1895 1
1572 1766 0
1619 1719 2
1636 2034 1
1648 1881 0
1668 2060 1
1693 2065 3
1722 2107 2
1733 2132 2
1741 1957 0
1786 2183 2
1792 1994 0
1802 2187 0
1805 2183 2
1805 2155 1
1808 2186 2
1824 2168 1
1843 2178 3
1855 2231 1
1858 2210 0
1874 2257 3
1886 2269 0
1910 2217 2
1922 2271 0
1932 2277 0
1936 2286 2
1939 2265 3
15 13 157 211
114 54 232 186
65 68 60 28
55 71 4 51

