75 4 4
0 117 2
2 145 2
12 188 1
23 195 1
29 205 2
37 159 0
39 214 1
40 235 1
46 213 2
51 220 2
52 236 0
60 248 2
73 238 3
85 265 3
98 258 0
123 265 0
165 310 1
172 323 3
175 339 1
181 335 2
200 349 3
211 387 3
236 374 0
254 449 0
261 457 0
271 460 0
279 420 1
287 462 3
290 446 2
306 501 1
322 509 0
339 525 2
339 522 1
346 543 2
352 535 0
356 551 2
363 559 0
426 570 1
434 465 3
436 603 1
448 596 2
463 624 2
466 643 1
480 630 0
488 683 0
489 630 2
491 663 1
518 700 0
519 708 0
525 708 0
563 621 3
587 723 3
587 780 0
615 774 1
616 803 0
620 712 2
632 767 3
638 778 1
649 840 3
668 789 1
715 898 0
715 799 1
728 764 2
743 920 0
753 913 3
756 924 0
768 964 0
771 968 0
775 974 0
784 975 0
793 962 1
795 868 2
814 982 1
818 1012 1
826 868 2
23 106 146 21
7 44 83 31
193 54 71 136
31 97 103 32

