50 4 1
0 686 0
57 614 1
113 173 2
119 633 1
200 919 0
210 959 1
281 1022 1
367 1140 0
382 453 2
412 1158 1
458 846 3
576 1285 1
598 797 2
623 1278 3
659 1297 0
676 1336 3
678 1394 3
732 1055 2
800 1328 1
810 1589 3
820 1430 0
875 1509 1
895 1663 3
931 1066 2
942 1658 1
942 1716 3
952 1448 0
1005 1599 0
1050 1348 2
1125 1683 0
1145 1830 0
1149 1844 0
1163 1689 2
1175 1852 0
1179 1717 1
1239 1910 1
1254 2000 3
1254 2024 3
1296 2034 3
1299 1860 0
1306 2010 0
1333 2063 2
1336 1999 1
1449 2121 2
1468 2230 3
1469 2250 1
1584 2143 2
1791 2382 0
1849 2431 2
1851 2509 2
53 29 2 29
29 16 27 58
39 58 20 48
9 10 48 8

