50 4 3
0 51 0
28 271 2
29 173 3
45 232 3
55 215 1
72 304 3
84 342 2
88 340 0
127 387 0
128 390 0
152 384 3
152 247 1
181 433 2
196 451 3
227 407 0
227 468 0
245 508 0
257 477 3
261 523 0
309 512 3
369 615 2
392 640 2
395 618 0
410 643 2
412 461 1
444 679 1
447 620 0
459 620 0
473 657 0
485 677 0
499 664 2
503 665 3
513 719 2
542 775 1
544 734 3
551 797 3
558 820 3
560 814 0
572 837 3
582 818 1
585 843 0
601 854 3
616 861 3
633 861 3
641 824 1
653 853 0
679 874 0
684 888 1
693 941 3
717 915 2
11 122 24 138
10 19 49 99
1 57 4 45
107 34 37 33

