100 4 1
0 488 2
19 25 0
24 630 0
38 434 3
77 616 2
163 818 0
215 847 0
223 843 2
225 306 1
240 945 0
249 968 1
254 613 3
312 1029 1
319 1030 3
337 1041 1
369 1103 1
382 1123 3
402 1157 1
423 1158 3
535 1282 1
540 1159 0
585 1284 0
627 1307 3
628 1368 3
648 1361 1
654 1406 0
678 1365 1
678 898 2
806 1420 0
825 1538 0
898 1441 1
907 1692 1
942 1389 2
1021 1783 2
1030 1743 0
1045 1829 1
1144 1467 3
1175 1935 2
1178 1787 0
1186 1946 1
1228 2025 1
1277 1869 0
1308 2045 2
1344 1784 3
1375 2146 0
1489 2176 1
1522 2170 0
1605 2237 1
1619 2411 0
1671 2371 1
1712 2499 1
1798 2594 1
1812 2491 0
1830 2628 1
1919 2197 3
1946 2708 0
2001 2326 3
2011 2755 0
2012 2418 3
2051 2839 0
2111 2647 2
2151 2821 1
2155 2507 3
2156 2844 3
2226 2975 1
2241 2905 0
2293 3075 3
2320 2766 2
2325 2980 0
2369 3108 3
2412 3190 0
2423 2923 2
2472 3188 1
2543 3258 1
2564 3219 2
2580 3260 3
2582 3340 0
2602 3382 0
2629 3293 1
2663 3434 2
2675 3460 0
2683 3371 1
2710 3400 1
2777 3520 2
2815 3522 2
2828 3596 2
2833 3628 2
2836 3439 3
2915 3641 3
2935 3643 2
3028 3791 3
3057 3489 0
3062 3631 0
3073 3530 1
3172 3897 3
3264 4016 0
3289 4080 3
3312 4039 1
3353 4102 1
3367 4020 0
10 12 165 14
166 9 105 88
80 10 8 27
19 86 87 18

