50 4 2
0 245 3
14 346 1
44 384 0
63 297 3
68 463 3
75 464 3
85 484 1
113 452 0
123 187 2
163 484 0
210 566 1
219 567 0
240 464 3
251 623 0
268 636 0
269 622 2
283 645 2
316 669 2
320 538 3
390 774 2
396 787 2
427 799 2
456 850 2
466 569 3
471 857 2
497 603 1
592 772 0
610 873 0
642 710 1
696 1030 0
712 978 2
716 1062 2
720 1054 0
728 1070 3
730 1113 0
735 1010 1
750 1068 2
765 1158 0
800 1118 1
805 1146 1
862 1086 2
927 1153 3
959 1174 3
1066 1219 3
1078 1290 3
1102 1235 2
1117 1346 0
1141 1396 3
1177 1566 1
1201 1580 1
3 4 20 109
4 5 16 113
28 37 3 144
8 11 10 13

