50 4 1
0 47 3
1 32 1
45 207 0
83 86 3
94 528 3
131 621 3
140 805 1
176 857 0
210 679 2
288 1078 0
304 938 1
333 1108 0
394 1089 3
432 1175 0
442 1198 0
456 919 2
476 1113 2
532 1185 2
552 1245 3
633 1411 2
727 1526 2
746 1529 2
788 1532 2
810 1482 3
843 1631 2
846 944 1
875 1240 0
940 1351 0
947 1449 1
1088 1860 0
1100 1769 2
1162 1855 2
1221 1890 0
1241 1926 3
1252 2019 0
1303 1853 1
1493 1960 2
1529 2165 0
1593 1936 1
1700 2135 1
1733 2235 2
1741 2393 3
1748 2534 3
1763 2541 3
1767 2556 3
1778 2459 2
1808 2388 0
1837 2625 3
1907 2448 1
1917 2704 1
17 56 55 23
56 29 103 39
55 103 41 64
23 39 64 17

