75 4 2
0 25 2
3 375 2
12 288 1
36 431 1
39 375 2
73 133 0
98 451 1
99 452 1
104 387 2
140 491 2
142 488 0
145 536 2
146 480 3
171 509 3
172 540 0
174 550 0
175 505 1
200 561 3
214 534 1
223 552 2
229 581 3
262 652 3
275 625 0
279 671 0
300 679 0
321 711 0
332 706 1
348 721 3
353 719 2
356 751 1
368 734 0
378 739 2
379 770 1
395 787 2
421 755 0
444 799 2
471 772 0
521 911 1
604 767 3
617 918 1
624 968 2
637 1001 2
675 1054 1
696 940 0
747 1113 0
783 1056 2
798 1185 1
817 1135 0
834 1135 0
849 1224 0
856 1041 3
888 1158 3
921 1303 0
954 1197 1
955 1321 0
970 1098 2
982 1218 3
990 1344 1
1004 1325 3
1131 1366 1
1147 1484 0
1152 1545 1
1175 1519 2
1206 1551 0
1212 1494 3
1239 1553 0
1255 1555 0
1258 1582 0
1262 1613 0
1316 1664 0
1318 1686 1
1329 1596 2
1406 1774 1
1454 1814 1
1454 1837 2
28 90 94 38
90 67 184 102
94 184 61 82
38 102 82 28

