75 4 2
0 319 0
5 122 1
32 315 2
42 372 1
60 387 0
65 423 1
65 454 1
70 387 0
96 394 2
118 502 1
156 223 3
166 524 1
168 513 2
175 420 3
181 498 0
183 570 3
213 586 3
221 513 2
221 591 1
242 596 3
243 546 0
247 606 1
260 645 3
262 554 2
318 687 1
328 680 3
329 694 0
387 718 0
491 659 2
520 802 0
521 857 0
524 905 0
531 921 2
583 912 0
610 738 1
628 911 1
637 990 3
639 1025 3
657 1039 3
658 1034 0
703 1045 0
717 1084 2
719 1106 1
734 1108 2
735 1114 3
783 1126 1
793 1129 2
816 1086 0
828 1183 2
836 1231 2
867 1235 1
900 1227 0
906 1272 2
927 1262 0
938 1128 3
977 1277 0
998 1394 1
1021 1372 0
1081 1379 2
1087 1421 0
1108 1402 1
1137 1522 0
1154 1411 3
1155 1397 2
1169 1459 1
1208 1471 2
1232 1609 1
1240 1620 1
1242 1572 0
1270 1573 0
1274 1583 3
1297 1582 0
1308 1676 3
1356 1617 0
1407 1661 0
42 66 57 102
66 23 31 90
57 31 23 121
102 90 121 67

