75 4 4
0 141 0
5 170 1
14 177 2
17 196 1
17 149 0
20 214 1
33 225 1
44 223 0
63 235 2
68 226 1
69 262 3
73 244 1
76 236 2
77 263 3
92 226 0
96 281 3
96 288 3
107 253 2
108 292 1
110 292 3
117 282 0
118 308 1
146 341 3
151 266 2
151 315 1
180 356 3
232 352 0
246 366 0
246 405 2
248 379 0
252 399 0
278 417 0
292 457 2
301 420 0
305 389 1
306 469 1
315 434 3
316 479 3
338 481 3
345 464 0
346 516 0
354 547 2
354 536 1
378 569 2
383 571 3
394 565 1
400 583 2
404 597 0
420 607 2
436 625 2
439 610 1
449 617 0
455 632 2
474 642 0
484 610 3
496 693 0
526 710 1
529 712 0
539 706 2
554 752 0
562 737 1
563 755 0
570 698 3
589 710 2
601 746 1
605 736 2
606 794 1
620 810 1
622 787 0
634 788 0
640 782 3
664 796 0
689 782 3
691 875 0
703 888 0
23 66 57 31
66 23 31 57
57 31 23 50
31 57 50 23

