75 4 1
0 32 2
12 503 0
20 657 0
90 423 3
214 325 2
258 901 0
269 1008 0
338 985 2
349 627 1
378 1158 0
414 717 1
480 659 3
603 898 1
689 1414 3
718 1494 1
782 1545 1
953 1443 3
959 1554 1
996 1654 3
1098 1669 1
1122 1836 0
1223 1969 0
1229 1709 3
1229 1934 3
1287 1890 1
1321 1976 0
1337 1969 1
1365 1985 2
1389 2094 0
1394 2113 0
1435 2078 1
1448 2165 1
1450 2161 2
1600 2304 2
1637 2371 0
1647 2276 1
1679 2115 3
1733 2474 2
1765 2520 0
1859 2350 1
1895 2535 1
2028 2565 0
2111 2527 2
2139 2414 3
2160 2648 0
2191 2574 1
2196 2671 0
2206 2692 1
2225 2818 0
2230 2846 1
2244 2891 1
2283 3018 1
2369 3116 0
2421 3040 1
2429 2768 3
2431 3130 0
2446 2782 3
2455 3135 0
2460 3074 3
2518 3147 0
2525 2965 2
2543 3068 1
2575 3185 3
2588 3328 3
2608 3182 1
2629 3342 0
2741 3493 3
2746 3425 2
2791 3405 0
2833 3509 3
2834 3521 0
2854 3468 2
2860 3573 1
2884 3669 1
2884 3646 2
32 51 43 87
51 38 94 138
43 94 32 82
87 138 82 61

