100 4 2
0 74 2
7 159 0
8 293 0
83 440 3
101 474 2
106 346 0
122 474 0
149 476 2
165 481 1
212 522 0
230 582 1
297 656 3
338 659 1
352 710 3
363 718 1
379 731 1
381 748 3
386 756 1
396 773 3
399 766 1
406 779 0
425 795 0
468 824 3
494 870 3
498 837 1
499 806 0
506 844 1
511 735 2
513 856 0
542 898 0
545 937 1
554 946 1
570 950 2
576 956 2
586 984 0
596 964 1
652 872 3
655 1040 2
678 1021 0
699 994 1
700 1024 1
710 1026 0
713 1109 2
725 1075 3
725 1118 0
789 1077 1
799 1145 0
836 1186 1
841 1162 0
859 1200 1
898 1296 1
902 1301 1
910 1291 0
960 1332 1
976 1179 3
978 1307 0
982 1320 3
1003 1319 0
1027 1361 3
1042 1436 0
1060 1328 2
1075 1410 1
1132 1476 3
1148 1522 3
1189 1413 1
1196 1468 0
1222 1554 3
1243 1634 2
1286 1509 0
1293 1620 3
1302 1514 0
1347 1716 2
1360 1614 1
1388 1777 1
1393 1751 2
1393 1750 3
1412 1739 0
1442 1782 0
1462 1841 1
1464 1814 2
1465 1793 0
1500 1890 1
1507 1892 1
1533 1879 2
1547 1939 2
1549 1946 2
1571 1952 2
1593 1809 3
1599 1883 3
1624 1986 2
1660 2036 3
1671 1871 0
1679 1922 0
1680 2075 1
1690 2053 3
1703 1999 0
1720 2094 3
1726 2113 1
1730 2126 1
1744 2117 0
36 17 31 35
17 18 14 52
75 72 54 42
33 30 42 5

