50 4 2
0 178 2
4 108 0
34 214 0
84 122 3
103 263 2
109 307 0
183 419 0
199 382 2
221 575 1
234 546 0
240 591 1
254 533 3
260 640 1
266 541 3
267 652 1
273 670 1
277 595 3
312 681 1
374 697 3
396 707 1
401 791 0
435 797 0
441 829 3
455 836 3
473 718 1
506 803 0
568 897 1
611 812 2
626 911 0
658 1015 0
743 1116 1
746 1116 1
765 949 2
816 1038 2
828 1089 0
879 1256 1
882 1127 3
882 1202 2
911 1179 0
928 1295 1
936 1309 1
950 1259 0
962 1241 2
965 1174 3
985 1334 0
992 1332 1
993 1363 0
1068 1355 1
1086 1442 0
1091 1363 1
24 3 1 14
3 66 4 11
78 102 29 14
68 107 12 40

