50 4 2
0 183 0
1 330 2
16 132 3
19 145 3
30 138 1
54 274 3
61 331 2
70 270 0
72 437 0
78 466 0
106 485 3
107 232 1
149 443 2
150 541 3
175 514 0
190 568 0
216 603 0
234 552 3
239 608 0
297 691 3
299 496 2
334 683 2
334 712 0
378 762 2
401 453 1
448 649 1
449 720 0
476 838 0
494 889 0
501 896 0
574 785 2
664 759 3
699 1005 2
704 731 1
727 1098 3
730 1104 3
778 1114 3
782 1018 0
801 1151 3
821 895 1
840 1193 0
862 1152 3
868 1179 3
883 1234 3
926 1213 1
929 1299 0
939 1333 0
949 1331 1
952 1295 3
969 1016 2
9 68 83 176
68 47 15 108
12 73 17 36
201 141 98 13

