75 4 1
0 716 0
0 323 1
10 420 2
63 591 1
108 887 0
183 793 1
203 837 1
207 975 0
221 640 2
233 949 1
237 587 3
297 988 1
312 802 2
312 946 3
354 1128 0
357 951 3
364 1049 3
391 858 2
394 1037 1
507 1056 3
526 1134 0
527 1222 1
642 1168 3
849 1350 2
907 1584 1
909 1447 3
915 1238 0
929 1600 0
1032 1778 2
1086 1624 0
1122 1707 0
1140 1881 0
1144 1853 2
1181 1900 0
1184 1770 1
1273 2043 1
1301 1527 3
1304 1889 3
1334 2072 3
1335 2039 0
1432 2162 0
1452 2115 2
1497 2061 1
1521 2193 2
1538 2300 3
1601 2382 1
1667 2226 2
1680 2271 0
1722 2304 2
1745 2403 2
1823 2389 1
1865 2571 0
1911 2550 2
2030 2621 0
2041 2433 3
2082 2641 0
2140 2426 1
2174 2834 0
2177 2656 2
2206 2861 0
2283 2759 1
2332 2986 0
2348 2923 3
2353 2831 2
2408 3090 1
2416 3188 2
2462 3190 1
2484 3248 1
2579 3331 0
2681 3365 0
2690 3425 3
2739 3514 0
2753 3501 3
2761 3519 0
2769 3560 0
34 20 29 10
20 36 9 10
84 144 24 46
38 98 46 63

