75 4 3
0 96 0
2 85 2
34 132 3
37 159 3
49 294 1
63 165 3
75 132 2
89 351 0
93 356 0
103 365 0
132 231 3
134 337 1
141 159 2
148 394 3
150 398 0
162 408 0
172 434 0
175 429 3
191 456 0
206 442 3
223 405 2
231 489 2
243 496 0
269 506 2
274 414 1
283 470 1
307 514 0
329 538 0
330 575 0
338 586 0
366 564 2
402 621 3
423 618 2
428 580 1
435 664 3
457 687 3
477 729 3
479 649 0
493 756 3
520 647 1
520 669 0
521 786 3
536 788 3
606 814 3
618 722 1
644 903 0
648 907 0
658 923 1
664 817 3
672 763 2
675 919 2
679 864 3
695 953 2
706 912 0
735 986 2
788 1018 2
799 1044 1
815 935 0
815 1065 2
817 1066 2
843 988 0
844 1098 2
898 1100 1
901 1042 3
930 1169 1
930 1183 1
937 1162 0
947 1181 0
972 1140 2
980 1148 3
984 1191 3
1007 1270 0
1018 1230 1
1021 1224 3
1064 1282 0
4 200 180 73
3 33 104 81
86 119 37 5
92 191 126 1

