50 4 2
0 42 0
23 224 1
82 452 2
93 280 1
105 491 0
123 363 1
132 394 1
133 506 0
160 514 2
194 521 1
199 325 3
204 523 1
231 514 2
241 571 3
259 586 0
264 622 3
264 653 3
269 574 2
295 612 1
317 701 3
355 713 0
365 710 1
367 754 3
374 622 2
380 722 1
382 755 3
412 782 0
420 805 0
420 712 2
441 810 0
442 823 0
446 836 0
459 738 2
461 847 0
517 881 1
527 909 1
528 904 3
586 928 3
690 1057 3
719 1106 0
720 1115 0
723 876 2
730 1098 1
782 1109 2
809 1175 3
827 1162 1
836 1116 2
838 1138 0
856 1252 2
857 1252 2
26 15 18 16
15 8 33 31
64 74 10 0
17 40 25 9

