100 4 2
0 204 2
8 179 0
22 319 0
34 363 3
37 238 2
57 342 0
64 421 0
65 438 2
140 195 1
158 510 0
163 464 1
179 391 3
206 486 1
222 466 3
269 572 1
287 614 1
354 670 3
395 705 1
409 761 3
420 779 1
436 615 0
438 759 0
443 801 3
453 808 3
456 808 1
463 830 0
482 852 1
525 709 2
551 928 0
555 928 0
556 865 1
563 912 1
568 736 2
570 760 2
599 939 0
602 916 1
611 831 3
627 864 2
633 1003 0
643 930 1
653 1009 1
709 1085 0
712 1051 2
735 867 3
756 1094 0
757 1100 1
767 1123 0
770 1162 1
782 1163 0
782 1174 1
846 1226 1
856 1236 1
893 1291 0
898 1266 1
916 922 3
955 1340 0
959 1162 3
967 1363 0
1017 1367 3
1033 1426 0
1035 1323 2
1039 1385 1
1060 1410 3
1084 1425 3
1099 1497 1
1117 1456 0
1132 1473 3
1189 1364 2
1205 1557 0
1246 1610 3
1253 1628 0
1279 1578 2
1300 1583 1
1343 1742 1
1350 1731 2
1359 1629 3
1404 1636 0
1417 1647 0
1445 1771 1
1450 1768 2
1450 1669 0
1469 1801 1
1499 1823 1
1519 1784 2
1521 1845 2
1522 1848 2
1557 1896 2
1564 1795 3
1590 1962 3
1604 1898 2
1606 2000 3
1628 1896 0
1650 1985 0
1656 1832 1
1681 2025 3
1717 2008 0
1728 2102 3
1736 1936 1
1737 1961 1
1747 2019 0
44 78 59 190
78 58 137 210
59 137 44 167
190 210 167 125

