100 4 1
0 377 2
10 747 2
15 641 1
38 791 1
58 780 2
61 137 0
93 798 1
144 924 1
191 891 2
244 930 2
345 1129 0
511 1095 2
537 1083 3
550 1160 3
576 1334 0
653 1356 0
696 1322 1
798 1579 3
871 1620 1
900 1170 2
939 1685 3
972 1705 3
1002 1475 0
1016 1684 0
1080 1870 0
1145 1878 0
1211 1934 1
1213 1840 3
1243 1885 2
1267 2050 1
1283 2068 0
1311 1887 2
1564 2233 1
1596 1908 2
1605 2197 0
1652 2134 2
1713 2357 0
1724 2435 1
1778 1880 3
1809 2589 1
1815 2141 2
1823 2254 2
1932 2621 1
1936 2664 0
1958 2716 0
2112 2601 2
2208 2940 1
2208 2754 0
2319 3094 0
2322 3109 0
2337 3026 3
2384 3074 3
2408 3110 0
2454 3024 1
2531 3228 0
2720 3456 2
2720 3254 3
2770 3296 1
2832 3569 3
2873 3429 1
2885 3606 0
2932 3699 1
2944 3576 2
2960 3615 0
2997 3682 3
3034 3822 0
3041 3839 0
3116 3852 0
3133 3879 0
3166 3889 0
3187 3837 1
3200 3855 2
3205 3906 1
3382 3948 1
3452 3916 2
3572 3896 0
3578 3939 3
3583 4252 1
3603 4155 0
3617 4245 0
3719 3988 3
3724 4491 3
3730 4409 0
3792 4086 2
3909 4154 2
3954 4629 1
4044 4288 2
4045 4471 2
4052 4828 3
4071 4845 3
4162 4729 2
4176 4881 1
4183 4963 3
4368 4945 0
4401 4886 1
4442 4977 3
4485 5166 3
4552 5114 0
4668 5368 3
4826 5500 3
37 50 70 108
50 18 24 58
70 24 18 38
108 58 38 28

