75 4 4
0 53 0
15 23 1
19 49 2
19 102 1
30 120 0
31 189 1
33 200 1
40 145 0
41 163 2
69 261 1
74 107 3
74 267 1
103 227 2
155 213 3
169 199 0
169 317 3
171 342 3
175 291 2
201 328 1
215 375 3
224 327 0
228 331 1
229 381 3
238 347 2
239 412 1
261 392 3
268 393 0
269 438 0
277 411 2
277 444 0
301 487 0
306 491 0
317 494 2
323 502 0
327 416 1
343 489 1
359 551 3
362 552 3
372 567 3
378 517 0
397 544 0
407 552 2
419 500 1
449 582 2
452 591 3
462 626 1
477 618 2
485 661 0
486 645 2
493 658 2
512 631 1
524 687 0
528 691 2
529 699 0
543 736 3
545 727 0
557 685 1
563 754 0
587 775 2
612 783 0
614 797 1
626 819 0
629 765 3
631 818 2
633 822 1
634 831 2
643 827 1
650 833 1
665 832 0
669 867 0
669 844 3
682 874 0
699 844 3
706 894 0
709 899 0
11 7 48 43
7 12 41 50
98 118 8 129
95 82 34 11

