50 4 4
0 63 0
11 183 2
13 31 3
23 187 3
32 110 1
50 198 3
78 247 2
83 205 0
84 255 0
87 269 0
105 213 3
115 138 1
117 258 2
135 255 3
167 342 0
214 408 0
230 419 0
230 292 3
238 433 0
240 409 3
245 273 2
257 446 2
261 454 0
266 450 2
267 309 1
270 347 1
284 481 0
285 482 0
306 503 0
307 504 0
319 510 2
327 455 3
340 511 2
349 372 1
352 483 3
381 550 3
382 581 3
400 508 0
400 594 3
422 612 1
433 595 0
456 634 3
456 640 3
470 642 3
479 617 1
482 632 0
518 637 0
563 710 1
580 667 3
582 736 2
27 37 98 156
37 27 135 193
98 135 43 58
156 193 58 43

