50 4 2
0 197 2
4 225 0
11 359 0
72 216 3
75 360 2
120 496 0
126 506 0
143 418 2
158 476 1
167 522 0
171 510 1
201 456 3
251 541 1
270 510 3
276 628 1
350 735 1
366 606 3
388 785 1
401 646 3
407 797 1
421 572 0
427 574 0
433 795 3
434 822 3
440 821 1
444 689 0
479 836 1
541 914 2
563 803 0
568 920 0
602 903 1
608 911 1
622 949 2
640 956 2
673 983 0
735 982 1
778 1017 3
793 1145 2
825 1184 0
910 1089 1
913 1234 1
932 1290 0
983 1338 2
995 1259 3
1046 1310 0
1049 1401 1
1049 1416 0
1078 1448 1
1095 1472 0
1103 1470 1
60 81 96 115
81 11 15 84
96 15 11 79
115 84 79 59

