50 4 3
0 162 3
10 231 1
30 256 0
43 199 3
46 308 3
51 308 3
58 289 1
77 324 0
84 119 2
111 330 0
142 393 1
148 359 0
162 379 3
169 399 0
180 438 0
181 446 2
191 446 2
213 447 2
215 475 3
262 496 2
266 497 2
287 502 2
307 506 2
314 523 3
318 565 2
335 422 1
398 508 0
410 513 0
431 503 1
467 690 0
478 740 2
481 742 2
483 695 0
488 714 3
489 747 0
493 540 1
503 755 2
513 768 0
536 798 1
539 801 1
577 756 2
620 881 3
641 884 3
713 902 3
721 921 3
737 907 2
747 853 0
763 933 3
787 946 1
803 1049 1
6 9 30 109
9 10 21 118
30 48 6 150
15 24 29 25

