75 4 1
0 622 0
56 647 2
58 301 3
143 499 3
146 239 1
195 555 3
225 1007 2
276 955 0
311 1068 0
322 1096 0
439 914 3
443 817 1
514 1116 2
514 1150 3
602 1340 0
648 1437 0
741 1440 0
742 1499 3
797 1565 0
834 1559 3
847 1471 2
992 1482 2
1172 1623 0
1241 2032 2
1251 1915 1
1297 2000 1
1303 2093 0
1398 2140 0
1406 2154 0
1443 2183 0
1484 2040 2
1521 2310 3
1564 2329 2
1576 2089 1
1606 2404 3
1693 2471 3
1700 2493 3
1720 2404 0
1740 2539 3
1746 2278 1
1781 2445 0
1812 2572 3
1820 2601 3
1869 2650 3
1915 2713 1
1967 2702 0
1991 2767 0
2028 2785 1
2105 2797 3
2121 2451 2
2149 2886 2
2220 2972 3
2286 2939 2
2290 2826 0
2315 3046 2
2400 3115 2
2507 2878 1
2570 3130 0
2584 3296 2
2604 3298 2
2671 3263 0
2730 3347 2
2735 3024 1
2776 3442 3
2857 3431 1
2858 3607 1
2860 3298 0
2906 3316 0
3116 3503 2
3151 3608 3
3230 3742 3
3242 3635 0
3271 4035 1
3289 3899 3
3312 3737 0
33 44 107 112
44 33 123 128
107 123 20 27
112 128 27 20

