100 4 1
0 542 3
30 116 1
78 666 0
150 630 3
198 903 3
218 1001 3
225 929 1
231 668 0
252 940 2
292 737 0
292 931 1
356 1051 0
399 1045 3
408 1152 0
448 1236 0
449 951 2
455 1227 2
479 1246 2
482 1118 3
563 1349 2
585 1363 2
639 1397 2
647 1415 2
737 1526 3
772 1453 2
837 1417 1
922 1365 0
924 1632 0
946 1734 1
997 1784 0
1069 1730 2
1109 1826 2
1118 1848 0
1215 1546 3
1263 1866 0
1344 1857 1
1400 1911 2
1429 1908 0
1453 2193 1
1491 2275 1
1533 2235 2
1541 2221 3
1547 2317 3
1548 2327 3
1548 2340 3
1555 2346 2
1628 2267 0
1695 2379 3
1855 2444 1
1864 2574 1
1913 2701 1
2041 2727 2
2119 2313 0
2135 2525 0
2140 2751 0
2172 2773 1
2220 2803 1
2226 2778 0
2280 3073 3
2327 2977 1
2390 3171 1
2481 3251 1
2504 3270 1
2521 3292 1
2581 3371 2
2584 3316 1
2615 3085 3
2621 3324 1
2650 3334 1
2669 3196 3
2701 3460 1
2718 3306 3
2753 3478 1
2756 3483 1
2761 3066 0
2929 3391 2
2941 3575 1
2954 3298 0
2985 3769 1
3025 3371 3
3103 3780 2
3140 3826 2
3302 3939 0
3314 3943 2
3318 4005 0
3323 4119 0
3438 4136 2
3462 4004 1
3488 4272 2
3553 4298 1
3555 4326 3
3593 4392 1
3632 4426 0
3727 4497 3
3760 4428 0
3783 4471 2
3824 4549 0
3874 4578 0
3932 4508 2
3954 4668 3
8 23 145 156
23 23 122 133
109 130 2 1
110 131 1 4

