100 4 2
0 271 3
15 58 1
39 333 0
75 315 3
99 451 3
109 500 3
113 465 1
116 334 0
127 471 2
147 369 0
147 466 1
179 526 0
201 524 3
206 578 0
226 620 0
227 478 2
230 616 2
242 625 2
243 561 3
283 676 2
294 683 2
321 700 2
325 709 2
370 764 3
387 727 2
420 710 1
463 684 0
464 818 0
475 869 1
501 894 0
537 867 2
557 915 2
562 927 0
611 776 3
635 936 0
675 931 1
703 915 2
717 972 0
729 968 1
748 1118 1
769 1090 2
773 860 3
776 1042 3
777 1077 3
777 1100 3
780 1172 2
816 979 0
849 1200 3
929 1269 1
933 1318 1
957 1346 1
1021 1182 2
1060 1137 0
1068 1189 0
1070 1203 0
1086 1367 1
1110 1383 1
1113 1509 0
1140 1535 3
1163 1482 1
1194 1497 1
1239 1581 1
1251 1606 1
1259 1653 1
1289 1320 2
1290 1686 1
1306 1631 3
1309 1699 1
1323 1708 1
1333 1673 3
1349 1732 1
1358 1695 3
1375 1744 1
1377 1762 1
1379 1774 0
1463 1797 2
1469 1815 1
1476 1842 0
1491 1828 1
1511 1819 3
1550 1797 2
1568 1888 2
1649 1910 0
1655 2006 2
1657 1959 0
1659 1985 0
1717 2059 2
1729 1992 1
1742 2121 2
1775 2069 1
1776 1883 3
1795 2135 1
1815 2029 0
1862 2113 3
1879 2107 0
1891 2195 2
1911 2273 0
1936 2299 0
1965 2196 2
1976 2179 3
8 23 145 156
23 23 122 133
109 130 2 1
110 131 1 4

