50 4 1
0 490 3
29 694 1
90 771 0
128 597 3
138 928 3
152 930 3
172 971 1
228 907 0
248 377 2
329 972 0
423 1135 1
442 1138 0
484 933 3
506 1250 0
539 1275 0
542 1249 2
571 1295 2
636 1342 2
643 1079 3
784 1552 2
796 1579 2
858 1602 2
917 1705 2
937 1144 3
948 1720 2
999 1212 1
1189 1550 0
1225 1752 0
1289 1426 1
1396 2065 0
1429 1962 2
1437 2130 2
1444 2113 0
1459 2144 3
1463 2230 0
1474 2024 1
1504 2140 2
1533 2319 0
1603 2240 1
1613 2295 1
1726 2174 2
1856 2308 3
1920 2351 3
2135 2442 3
2159 2584 3
2208 2474 2
2238 2696 0
2286 2797 3
2358 3136 1
2406 3164 1
6 9 30 109
9 10 21 118
30 48 6 150
15 24 29 25

