50 4 3
0 137 2
42 233 2
68 207 1
69 256 1
72 327 2
92 219 0
97 274 1
105 314 1
118 348 2
126 363 2
134 287 0
136 399 2
138 154 3
144 391 3
160 344 0
162 425 0
184 381 1
200 396 3
201 381 1
205 429 2
229 404 3
230 420 3
232 466 0
233 468 0
250 483 0
251 511 0
253 475 1
253 441 3
270 495 2
279 524 1
285 535 0
289 508 2
311 551 1
320 532 2
323 542 0
337 541 2
351 549 0
358 592 1
369 553 3
372 631 1
374 606 2
382 610 2
389 650 1
390 584 0
401 604 0
418 670 2
434 668 1
452 660 0
486 745 0
541 790 0
21 74 18 20
74 48 56 54
108 172 6 28
23 7 10 23

