100 4 2
0 184 3
11 167 1
31 249 0
31 375 3
63 382 3
85 432 3
90 286 1
110 433 0
111 133 2
114 486 0
126 292 1
127 521 0
167 553 3
178 524 0
205 539 0
209 551 2
254 637 2
271 664 2
304 622 3
347 688 2
348 737 2
359 738 2
385 769 2
421 815 3
441 781 2
446 736 1
495 716 0
519 873 0
559 953 1
587 980 0
601 931 2
613 971 2
632 997 0
653 818 3
657 1027 0
660 981 1
661 984 2
661 1053 0
664 1015 1
700 1040 1
733 1118 2
813 1100 3
817 1206 3
841 1237 3
905 1300 3
944 1263 2
952 1255 0
954 1309 3
970 1253 1
994 1388 1
997 1393 1
1024 1349 2
1047 1437 0
1078 1463 0
1123 1463 0
1135 1518 1
1143 1528 1
1173 1568 0
1174 1508 3
1190 1536 1
1193 1559 1
1207 1586 1
1217 1609 1
1233 1631 1
1242 1475 2
1259 1651 1
1261 1633 3
1263 1662 1
1347 1744 1
1353 1738 3
1360 1752 1
1375 1759 3
1395 1777 1
1434 1821 1
1452 1770 0
1533 1573 2
1539 1934 1
1541 1861 0
1543 1938 1
1601 1889 3
1613 1725 2
1626 1736 2
1659 2040 0
1660 1743 2
1679 2067 0
1699 2075 0
1746 1851 2
1763 2140 1
1775 1993 2
1795 2160 1
1820 1929 3
1849 2224 1
1860 2205 0
1868 2079 3
1913 2223 0
1919 2277 2
1929 2285 0
1932 2319 0
1932 2317 2
1935 2309 3
24 70 211 238
70 69 141 168
35 97 6 91
39 13 92 60

