50 4 2
0 23 3
1 16 1
23 104 0
42 43 3
48 265 3
67 312 3
72 404 1
90 430 0
107 341 2
146 541 0
154 471 1
168 555 0
198 545 3
217 588 0
222 600 0
229 460 2
239 557 2
267 593 2
277 623 3
317 706 2
364 763 2
373 764 2
394 766 2
405 741 3
422 816 2
423 472 1
437 619 0
470 675 0
474 725 1
544 930 0
550 884 2
581 927 2
610 944 0
620 962 3
625 1008 0
651 926 1
746 979 2
764 1082 0
796 967 1
850 1067 1
866 1117 2
870 1196 3
874 1267 3
882 1271 3
884 1278 3
889 1229 2
904 1194 0
919 1313 3
954 1224 1
959 1352 1
17 56 55 23
56 29 103 39
55 103 41 64
23 39 64 17

