50 4 2
0 127 0
22 366 2
25 61 3
46 374 3
64 221 1
100 396 3
157 496 2
167 412 0
169 512 0
174 539 0
209 425 3
228 275 1
231 513 2
267 508 3
331 681 0
426 814 0
458 837 0
459 584 3
474 865 0
477 816 3
488 544 2
512 890 2
519 906 0
528 897 2
530 615 1
536 690 1
564 958 0
565 960 0
607 1002 0
608 1002 0
633 1015 2
648 904 3
674 1017 2
692 739 1
697 959 3
755 1093 3
757 1156 3
792 1008 0
792 1181 3
836 1217 1
859 1184 0
906 1263 3
907 1275 3
934 1278 3
952 1228 1
959 1260 0
1032 1270 0
1122 1416 1
1157 1332 3
1162 1470 2
14 19 113 142
19 14 132 161
113 132 21 29
142 161 29 21

