50 4 4
0 98 2
2 112 0
5 179 0
35 107 3
37 179 2
60 248 0
63 253 0
72 209 2
79 238 1
83 260 0
85 254 1
100 227 3
125 270 1
134 254 3
137 313 1
174 366 1
182 302 3
193 391 1
200 322 3
203 398 1
210 285 0
213 286 0
216 397 3
216 410 3
219 409 1
221 343 0
239 417 1
270 456 2
281 401 0
284 460 0
301 451 1
304 455 1
311 474 2
320 478 2
337 492 0
368 491 1
389 508 3
396 572 2
412 591 0
455 544 1
457 617 1
466 645 0
492 669 2
498 630 3
523 655 0
524 700 1
524 707 0
538 723 1
547 735 0
551 734 1
60 81 96 115
81 11 15 84
96 15 11 79
115 84 79 59

