100 4 4
0 78 3
7 82 1
24 42 0
27 113 3
55 166 3
87 201 3
103 238 1
157 178 0
163 310 2
175 295 0
183 359 1
195 390 0
213 389 3
225 397 0
230 403 0
232 330 2
234 395 2
239 396 2
249 435 3
249 417 2
265 462 2
276 469 2
278 469 2
288 447 3
288 484 2
289 448 1
295 465 0
296 490 0
316 505 1
322 491 0
335 527 2
337 534 2
359 529 0
368 513 3
384 561 0
405 602 1
406 541 2
411 607 0
424 603 1
442 606 1
452 634 2
454 536 3
478 594 3
490 608 3
510 652 3
524 674 2
531 659 0
537 664 3
546 665 1
557 742 1
559 755 1
560 735 2
560 730 0
560 752 0
562 756 0
580 778 1
597 794 1
637 796 0
639 790 3
651 822 1
683 830 1
702 879 1
706 903 1
707 905 1
715 786 2
727 922 1
728 920 3
741 932 1
753 937 1
769 943 3
792 984 1
798 995 3
802 985 1
817 985 1
818 864 0
826 980 2
827 987 1
834 866 0
839 1014 1
847 998 3
851 1014 2
860 1031 2
861 992 0
862 1051 2
904 1051 0
907 1077 0
910 1062 2
918 1099 1
928 1109 2
947 1105 1
956 1042 3
996 1141 1
999 1092 0
1000 1141 3
1001 1147 0
1030 1226 2
1036 1205 0
1042 1213 0
1058 1229 2
1058 1155 3
54 72 247 215
72 54 259 227
247 259 45 60
215 227 60 45

