100 4 1
0 391 2
94 799 0
130 835 0
263 982 3
346 705 2
374 1017 0
395 1112 0
426 1137 2
431 959 1
441 1145 0
460 1194 1
465 1094 3
479 1220 1
518 1273 3
604 1244 1
656 1249 1
664 1280 3
666 1313 1
681 1283 3
690 1425 1
695 1442 0
753 1452 0
760 1440 3
778 1518 3
810 1523 1
823 1575 0
843 1530 1
864 1478 2
976 1689 0
981 1766 0
1026 1788 1
1068 1852 1
1069 1829 2
1089 1849 2
1095 1892 0
1119 1856 1
1119 1559 3
1247 2018 2
1266 1953 0
1339 1930 1
1348 1996 1
1383 2015 0
1462 2254 2
1471 2171 3
1486 2273 0
1585 2161 1
1616 2309 0
1619 2319 1
1627 2310 0
1669 2465 1
1718 2469 1
1749 2547 1
1785 2547 0
1816 2560 1
1930 2336 3
1963 2552 0
2046 2668 3
2060 2718 0
2112 2788 3
2153 2785 0
2239 2517 2
2253 2922 1
2271 3059 3
2360 3109 3
2387 2931 1
2442 3106 0
2452 3234 3
2453 2899 2
2492 3147 0
2552 3291 3
2592 3370 0
2596 3096 2
2597 3313 1
2667 3382 1
2682 3337 2
2734 3414 3
2761 3519 0
2766 3546 0
2810 3474 1
2853 3624 2
2864 3557 0
2913 3698 1
2984 3727 1
3005 3688 2
3021 3728 2
3023 3791 2
3043 3838 2
3070 3673 3
3104 3830 3
3116 3879 2
3124 3849 3
3151 3903 0
3218 4009 0
3256 3983 1
3269 3862 3
3274 4023 0
3277 3930 3
3356 4015 1
3376 4151 1
3469 4199 0
24 11 23 50
11 12 12 39
105 109 22 36
166 141 83 18

