50 4 2
0 350 2
55 430 2
121 299 1
143 349 1
157 444 2
184 394 0
202 393 1
213 400 1
246 528 2
249 633 2
270 461 0
333 648 2
372 497 3
373 676 3
378 480 0
408 590 0
416 763 1
428 755 3
448 805 1
461 691 2
473 868 3
476 871 3
479 592 0
488 629 0
512 808 0
515 810 0
549 820 1
574 910 3
575 838 2
580 866 1
616 969 0
618 963 2
621 974 1
622 973 2
647 993 0
648 1039 2
650 1018 0
651 1027 1
676 1006 3
690 1051 1
699 1051 2
705 1095 2
738 1088 1
751 1094 0
755 1147 0
776 1155 2
797 1148 1
808 1198 0
824 1198 0
829 1202 0
34 46 81 140
46 34 103 94
81 103 60 111
140 94 111 70

