100 4 2
0 297 0
104 253 1
133 175 2
134 413 1
137 479 0
144 465 1
196 470 1
223 508 0
241 494 2
250 523 1
252 456 3
270 574 1
271 618 2
316 579 3
330 580 0
332 670 3
347 682 3
348 721 2
396 665 1
406 698 3
429 702 0
441 811 1
449 803 3
480 783 2
513 815 1
519 878 3
540 719 0
551 844 0
590 975 2
611 903 0
634 1003 0
694 1046 0
700 1065 2
721 1052 0
750 918 1
767 1049 1
768 1026 3
782 1034 3
821 1048 3
845 1181 0
853 1234 0
855 1245 2
883 1114 1
887 1273 2
910 1274 3
921 1177 1
969 1284 2
1020 1402 0
1025 1401 2
1049 1416 2
1056 1443 1
1060 1434 0
1064 1443 2
1066 1461 0
1084 1452 3
1097 1463 0
1126 1461 1
1134 1530 0
1135 1486 2
1161 1546 0
1196 1486 1
1211 1588 0
1216 1552 3
1242 1622 2
1304 1564 1
1342 1672 2
1360 1663 1
1376 1685 1
1381 1666 0
1397 1765 0
1413 1674 3
1433 1803 0
1517 1859 3
1530 1917 0
1536 1919 0
1553 1852 2
1572 1941 1
1604 1980 1
1633 2025 0
1637 1873 2
1650 1917 2
1660 2048 1
1776 2007 2
1777 2068 3
1813 2174 1
1826 2154 0
1851 2209 3
1878 2265 3
1880 2202 1
1896 2110 2
1919 2265 1
1964 2281 3
1967 2328 3
1977 2358 3
1982 2309 1
1983 2329 1
1993 2265 0
2018 2189 2
2056 2398 3
2093 2371 2
33 90 44 95
90 40 54 115
44 54 33 139
95 115 139 71

