50 4 1
0 412 2
126 701 2
205 625 1
207 771 1
217 986 2
277 659 0
293 827 1
316 947 1
355 1049 2
380 1095 2
405 866 0
411 1202 2
417 467 3
435 1179 3
483 1036 0
489 1280 0
556 1149 1
605 1195 3
607 1149 1
618 1291 2
691 1218 3
694 1267 3
700 1406 0
702 1408 0
752 1454 0
754 1537 0
759 1428 1
760 1326 3
811 1488 2
839 1576 1
858 1611 0
871 1532 2
937 1659 1
963 1603 2
971 1630 0
1012 1628 2
1054 1651 0
1076 1781 1
1108 1663 3
1118 1898 1
1123 1823 2
1146 1832 2
1166 1950 1
1169 1753 0
1201 1811 0
1252 2010 2
1299 2002 1
1352 1978 0
1453 2234 0
1619 2368 0
21 74 18 20
74 48 56 54
108 172 6 28
23 7 10 23

