100 4 3
0 14 2
7 132 2
18 124 1
21 266 1
23 231 2
31 87 0
38 288 1
39 298 1
50 282 2
67 295 2
83 344 0
101 295 2
135 316 3
190 363 3
199 351 0
203 356 0
212 343 1
238 441 3
252 388 1
286 411 2
310 562 3
320 579 3
333 399 0
344 593 0
354 602 0
359 602 0
380 537 1
402 624 3
424 551 2
425 587 1
435 624 0
443 595 2
448 589 1
457 719 2
541 639 0
552 722 2
555 641 0
571 814 1
591 831 3
595 855 1
613 783 2
623 884 2
625 861 1
628 661 0
664 864 0
665 924 2
672 872 1
723 952 0
755 997 0
755 1007 0
792 954 3
793 1036 3
798 1055 0
814 1025 1
822 1071 0
837 960 2
863 1042 3
926 1112 1
926 1076 3
943 1197 1
964 1125 0
978 1221 1
982 1067 2
998 1155 0
1002 1237 3
1007 1221 0
1019 1243 0
1031 1292 0
1033 1295 0
1058 1323 0
1064 1276 1
1075 1284 2
1082 1289 1
1086 1306 1
1088 1332 2
1147 1395 0
1170 1404 3
1210 1329 1
1212 1427 0
1214 1445 0
1221 1461 3
1226 1481 3
1260 1485 0
1262 1360 2
1264 1488 2
1285 1366 1
1324 1582 2
1339 1589 2
1369 1490 3
1369 1626 3
1371 1605 2
1377 1471 1
1407 1666 3
1412 1604 0
1414 1541 1
1476 1702 3
1487 1719 3
1501 1725 0
1515 1761 3
1537 1781 3
19 26 73 120
26 19 81 140
73 81 44 59
120 140 59 44

