75 4 3
0 122 3
10 239 1
33 163 0
36 199 3
74 246 3
117 362 3
138 373 1
210 213 0
218 412 2
234 424 0
244 440 1
260 500 0
284 518 3
300 555 0
307 567 0
309 543 2
311 558 2
318 580 2
331 587 3
331 586 2
352 613 2
366 624 2
369 624 2
382 644 3
382 644 2
384 563 1
392 653 0
393 653 0
420 653 1
427 653 0
445 701 2
448 707 2
478 665 0
490 657 3
512 670 0
540 695 1
541 722 2
548 811 0
565 828 1
589 851 1
602 830 2
605 669 3
637 766 3
653 767 3
680 883 3
699 837 2
709 909 0
717 911 3
730 913 1
744 1007 1
747 1009 1
749 971 2
749 979 0
749 992 0
751 1003 0
775 1016 1
797 1038 1
850 1003 0
853 988 3
869 1080 1
912 1105 1
938 1125 1
943 1138 1
945 1205 1
956 1042 2
972 1236 1
974 1010 3
992 1252 1
1008 1255 1
1029 1285 3
1059 1279 1
1067 1297 3
1073 1299 1
1093 1358 1
1094 1238 0
15 33 34 40
42 23 150 38
23 126 23 42
144 198 225 28

