100 4 4
0 18 3
3 89 1
31 142 0
63 135 3
79 136 3
133 180 3
139 253 1
151 286 0
159 180 2
171 318 0
189 309 1
201 377 0
206 401 3
208 384 0
210 396 0
215 280 2
225 308 2
225 393 2
241 438 3
252 445 2
254 445 2
264 460 2
264 461 2
265 442 3
271 468 2
272 407 1
292 488 0
298 494 0
311 486 1
313 505 0
335 478 2
344 538 2
360 558 0
381 578 3
382 559 0
387 528 1
400 597 2
418 589 0
428 580 1
430 580 1
454 599 2
466 604 3
486 684 3
500 695 3
507 699 3
513 683 2
522 713 0
533 701 3
535 697 1
536 720 1
536 728 1
536 733 2
538 721 0
556 724 0
573 727 0
613 736 1
615 775 1
627 757 0
659 834 3
678 829 1
682 845 1
683 854 1
691 880 1
703 884 1
704 771 2
717 898 1
729 844 3
745 903 1
768 913 1
774 867 3
778 919 1
793 939 3
794 990 1
802 1001 1
803 830 0
810 823 2
815 1011 1
823 1009 0
827 1019 1
836 1001 3
837 885 2
838 970 2
880 1053 0
883 1053 2
886 1085 0
894 1092 0
904 1096 2
923 1083 1
932 1099 2
972 1144 1
975 1156 3
976 1152 1
977 1121 0
1006 1184 3
1012 1201 0
1018 1130 2
1034 1209 0
1034 1210 0
1043 1149 2
1053 1227 3
54 72 247 89
72 54 259 111
247 259 118 158
89 111 158 66

