50 4 1
0 366 0
1 660 2
31 264 3
37 289 3
59 275 1
108 549 3
122 663 2
141 542 0
146 877 0
159 936 0
215 973 3
217 468 1
302 890 2
305 1087 3
354 1033 0
384 1141 0
435 1209 0
470 1106 3
481 1219 0
598 1387 3
602 996 2
673 1372 2
673 1430 0
761 1529 2
807 911 1
900 1303 1
901 1444 0
956 1681 0
993 1784 0
1006 1796 0
1151 1573 2
1331 1521 3
1400 2012 2
1410 1464 1
1456 2198 3
1462 2210 3
1557 2229 3
1565 2038 0
1602 2303 3
1643 1792 1
1680 2387 0
1723 2303 3
1735 2357 3
1765 2467 3
1852 2426 1
1859 2599 0
1879 2668 0
1899 2664 1
1905 2592 3
1940 2035 2
3 22 24 138
22 16 2 116
10 10 6 52
184 164 76 4

