75 4 4
0 23 0
12 15 2
20 110 3
33 228 3
42 211 1
45 234 3
74 77 2
75 236 0
93 286 0
93 290 0
115 289 3
126 315 1
149 158 2
149 341 3
163 298 0
172 353 0
175 372 0
211 377 3
256 386 0
273 386 3
275 450 2
286 483 2
287 392 0
311 496 2
313 399 1
322 471 1
332 396 0
341 528 0
352 528 0
355 530 0
362 505 2
384 569 3
386 525 2
391 588 1
396 587 3
398 597 3
407 601 3
415 605 0
417 601 3
429 601 1
441 627 0
454 603 3
460 625 3
469 641 3
488 625 1
492 665 0
499 688 0
517 645 1
533 677 3
534 658 2
540 738 2
561 732 3
588 787 2
604 737 0
607 797 2
612 807 2
629 824 1
644 843 0
645 828 2
655 849 2
675 864 0
675 859 2
676 864 1
688 758 3
740 903 1
749 931 1
769 865 0
772 901 0
779 937 2
784 833 3
790 852 3
793 905 0
796 974 1
808 900 3
816 956 0
60 97 141 80
97 33 44 103
141 44 33 143
80 103 143 60

