75 4 2
0 7 0
15 195 2
41 164 3
59 450 3
64 403 1
122 500 3
124 447 2
159 204 0
159 546 0
203 572 0
226 620 3
273 470 1
274 623 2
301 679 3
319 703 0
326 721 0
399 731 0
489 750 3
524 750 0
529 880 3
552 676 2
555 950 2
603 752 0
607 978 2
626 799 1
646 945 1
665 793 0
687 1061 0
693 1063 0
708 1102 0
751 1133 2
754 914 3
764 1163 2
774 990 1
777 988 3
794 1149 3
810 1199 3
814 1195 0
839 1207 3
862 1173 1
888 1232 0
900 1208 3
918 1291 3
956 1301 3
964 1238 1
978 1324 0
1014 1393 0
1047 1303 1
1049 1338 3
1061 1309 2
1104 1500 2
1158 1349 3
1189 1531 2
1196 1430 0
1206 1605 2
1240 1620 2
1270 1436 1
1273 1471 0
1294 1684 2
1334 1724 2
1335 1734 0
1336 1724 2
1359 1475 1
1464 1706 3
1482 1775 1
1521 1832 1
1527 1782 0
1542 1920 0
1551 1897 2
1562 1727 3
1567 1935 3
1573 1949 0
1597 1923 1
1613 1978 3
1656 1973 0
55 21 200 182
21 18 179 161
19 48 40 20
39 28 20 12

