100 4 2
0 135 2
21 209 2
42 202 1
53 421 1
69 382 2
74 159 0
77 453 1
89 479 1
99 449 2
100 492 2
116 233 0
142 521 2
165 277 3
192 475 3
242 307 0
325 676 0
338 651 1
345 517 3
358 748 1
396 770 2
417 552 3
468 632 3
504 877 0
519 885 0
538 933 0
555 946 0
570 827 1
577 685 3
609 1001 2
642 930 1
675 1009 0
676 1031 2
691 992 1
703 1093 2
711 1012 0
725 1104 2
852 1096 0
868 1234 1
873 990 3
896 1283 1
927 1245 2
933 1308 2
960 1342 1
976 1219 0
979 1345 0
983 1337 2
1037 1358 1
1039 1376 0
1050 1443 0
1127 1471 0
1175 1520 3
1175 1526 3
1230 1515 0
1231 1579 1
1238 1606 0
1261 1421 2
1273 1540 3
1296 1664 1
1334 1612 3
1428 1788 1
1428 1811 0
1453 1795 1
1484 1768 2
1505 1899 0
1511 1800 3
1535 1934 0
1541 1935 0
1549 1947 0
1568 1957 0
1586 1977 0
1589 1897 1
1627 1903 2
1635 2014 1
1652 2021 1
1663 2025 2
1670 2027 0
1672 2062 3
1761 2050 1
1796 2062 0
1856 2069 0
1859 2211 3
1861 2254 3
1871 2197 0
1878 2234 2
1929 2276 2
1932 2227 1
1935 2280 2
1966 2294 2
2025 2295 3
2047 2319 3
2092 2450 2
2092 2342 1
2096 2440 3
2106 2403 0
2151 2397 1
2158 2509 3
2161 2534 3
2253 2596 0
2269 2595 3
2290 2635 3
10 14 69 93
14 10 79 103
69 79 18 24
93 103 24 18

