75 4 1
0 246 2
2 592 2
7 549 1
8 681 1
59 632 2
87 793 0
106 796 1
119 825 1
185 676 2
211 778 2
219 921 0
260 953 2
302 473 3
324 586 3
356 1139 0
366 1146 0
371 1071 1
394 1080 3
414 1198 1
417 1001 2
449 1207 3
500 1281 3
547 1296 0
600 1346 0
701 1434 0
867 1535 0
893 1276 1
906 1396 3
932 1286 2
1009 1493 1
1052 1622 0
1154 1612 2
1227 1536 1
1256 1680 2
1295 1638 0
1328 2118 2
1358 1654 0
1372 1885 1
1436 1696 3
1501 2234 1
1567 2290 2
1569 2352 2
1599 2384 1
1623 1676 0
1639 1990 0
1667 2378 2
1920 2523 1
1952 2732 0
1961 2736 0
2008 2758 0
2069 2440 3
2080 2620 3
2134 2899 0
2165 2652 1
2171 2903 0
2179 2436 2
2288 2625 3
2292 2765 1
2314 3022 3
2468 3111 1
2564 3034 0
2564 3238 1
2675 3462 2
2678 3367 0
2693 3383 3
2740 3368 0
2764 3413 0
2810 3512 0
2887 3584 0
3076 3812 0
3076 3396 1
3126 3660 2
3188 3420 1
3229 3755 1
3241 3978 2
26 15 4 56
15 21 11 71
81 69 7 52
54 89 111 2

