50 4 1
0 189 0
29 790 1
72 758 2
129 848 1
185 505 0
191 940 1
272 1013 1
282 656 0
353 1126 2
439 1020 1
454 734 3
484 1084 1
530 1276 2
648 1036 3
670 785 0
695 1233 3
731 1440 3
748 1403 2
750 1206 1
804 1442 3
872 1107 0
882 1448 1
892 1552 3
947 1601 2
967 1683 1
1003 1782 3
1014 1237 0
1014 1399 0
1024 1634 2
1077 1409 0
1122 1483 0
1197 1831 0
1217 1814 2
1221 1891 0
1235 1723 1
1247 2015 1
1251 1967 3
1311 2002 3
1326 2100 3
1326 1920 0
1368 1926 0
1371 2056 2
1378 2021 1
1405 2100 2
1408 2154 3
1521 2059 1
1540 2125 2
1541 2088 0
1656 2397 2
1863 2572 2
39 57 52 148
57 21 29 91
52 29 21 96
148 91 96 68

