100 4 2
0 361 2
17 369 2
32 309 1
39 429 1
71 421 2
104 447 0
137 529 1
138 533 1
153 519 2
165 526 2
173 486 0
187 578 2
314 384 3
330 587 3
335 727 0
358 748 0
389 552 1
395 610 3
422 616 1
438 721 2
441 666 3
445 746 3
499 843 0
501 865 0
512 891 0
589 955 0
637 754 1
637 910 3
692 822 2
693 1080 1
700 1018 0
723 953 2
735 1110 1
758 1028 2
796 1076 0
890 1115 2
890 1272 0
915 1158 1
946 1312 3
967 1203 1
973 1327 2
997 1334 2
1003 1396 1
1011 1355 0
1030 1375 0
1048 1350 2
1051 1402 1
1089 1437 0
1097 1465 0
1114 1482 0
1125 1403 3
1132 1492 3
1134 1517 0
1223 1539 1
1258 1585 0
1318 1544 2
1321 1663 3
1323 1607 1
1333 1727 3
1340 1629 1
1391 1610 0
1394 1674 1
1397 1549 2
1428 1630 0
1487 1838 3
1509 1908 0
1554 1922 0
1554 1927 0
1558 1941 0
1568 1956 0
1613 1698 1
1620 1855 2
1623 1706 1
1715 1734 1
1731 2007 2
1752 1984 0
1774 1851 3
1808 2168 1
1866 2123 0
1945 2169 0
1960 2152 3
1978 2262 3
2006 2336 0
2008 2072 2
2013 2106 2
2044 2305 1
2067 2151 2
2131 2471 2
2202 2516 3
2216 2560 3
2255 2631 2
2265 2351 1
2272 2659 3
2280 2563 0
2281 2454 1
2285 2675 3
2317 2688 3
2330 2662 0
2448 2745 3
2462 2829 3
25 10 126 53
121 5 74 132
70 64 1 113
20 53 79 5

