100 4 3
0 130 2
31 265 0
43 277 0
87 326 3
115 234 2
124 338 0
131 369 0
141 377 2
143 318 1
146 380 0
152 396 1
154 363 3
159 405 1
172 423 3
201 414 1
218 415 1
221 426 3
222 437 1
227 427 3
230 474 1
232 480 0
251 483 0
253 479 3
259 505 3
270 507 1
274 524 0
281 507 1
288 378 2
325 529 0
327 551 0
342 570 1
356 593 1
356 453 2
363 475 2
365 626 0
373 626 1
373 536 3
416 487 2
422 659 0
446 706 1
449 714 1
461 706 0
487 491 2
490 636 3
495 751 0
528 756 1
538 753 0
539 802 1
542 775 0
556 817 1
572 836 1
582 847 1
594 847 0
604 851 1
642 653 3
653 849 0
681 887 3
686 904 0
703 927 3
717 927 0
746 838 2
751 973 1
757 1019 3
787 1036 3
796 976 1
814 1034 0
817 1077 3
817 965 2
830 1047 0
850 1096 3
863 1121 0
864 1030 2
864 1102 1
887 1124 1
892 1109 2
909 1135 3
918 1170 0
920 1179 0
935 1156 1
949 1205 2
953 1183 0
969 1230 1
993 1240 1
1000 1227 2
1005 1240 2
1006 1261 2
1013 1277 2
1022 1222 3
1033 1274 3
1037 1291 2
1040 1281 3
1049 1299 0
1071 1334 0
1084 1326 1
1088 1285 3
1090 1339 0
1091 1308 3
1117 1336 1
1124 1381 1
1155 1398 0
24 11 23 50
11 12 12 39
105 109 22 36
166 141 83 18

