75 4 1
0 712 3
51 409 1
241 480 0
277 973 3
341 1085 3
448 1136 3
481 872 1
489 980 0
496 857 2
511 1029 0
515 1251 1
526 1233 0
556 1142 3
585 1309 0
655 1361 0
665 1101 2
778 1197 2
908 1676 2
972 1285 3
1187 1729 2
1211 1799 2
1260 1965 2
1290 2073 2
1338 2042 3
1410 2098 2
1458 1812 1
1478 1923 0
1485 1960 0
1491 2130 1
1512 2207 0
1552 2198 2
1552 2296 2
1616 2288 0
1659 2447 3
1668 2440 0
1708 2235 1
1709 2378 2
1715 2482 0
1739 2289 1
1742 2378 1
1823 2475 2
1845 2631 3
1899 2677 3
1907 2696 3
1997 2705 3
2032 2820 2
2097 2638 0
2182 2969 3
2184 2488 1
2206 2867 1
2257 2974 1
2329 2986 2
2369 2674 0
2378 3108 0
2475 3215 0
2523 3166 1
2604 3204 1
2660 3306 0
2689 3195 3
2713 3331 1
2751 3535 1
2793 3563 1
2801 3580 1
2807 3599 1
2808 3599 2
2808 3601 1
2815 3231 3
2888 3669 1
2955 3725 1
3115 3265 3
3124 3804 1
3173 3939 3
3301 3831 1
3379 3891 1
3395 4070 0
10 30 14 75
30 31 44 45
109 128 16 184
43 72 2 41

