100 4 1
0 722 2
33 738 2
63 618 1
77 857 1
141 841 2
206 892 0
272 1056 1
274 1064 1
304 1037 2
328 1051 2
344 971 0
372 1155 2
625 766 3
657 1171 3
666 1451 0
713 1493 0
774 1100 1
785 1216 3
839 1227 1
870 1437 2
876 1326 3
884 1487 3
993 1682 0
997 1725 0
1019 1777 0
1173 1905 0
1269 1504 1
1269 1815 3
1380 1640 2
1383 2158 1
1398 2035 0
1445 1906 2
1469 2219 1
1515 2055 2
1592 2152 0
1781 2232 2
1781 2546 0
1831 2318 1
1893 2625 3
1934 2407 1
1946 2654 2
1993 2667 2
2005 2792 1
2021 2710 0
2058 2748 0
2095 2700 2
2102 2804 1
2177 2874 0
2194 2930 0
2227 2964 0
2248 2804 3
2261 2982 3
2266 3033 0
2443 3075 1
2513 3168 0
2633 3086 2
2639 3324 3
2644 3213 1
2664 3452 3
2678 3256 1
2780 3219 0
2785 3346 1
2791 3096 2
2853 3257 0
2970 3672 3
3015 3813 0
3105 3841 0
3106 3852 0
3113 3880 0
3132 3908 0
3223 3394 1
3237 3708 2
3244 3410 1
3429 3467 1
3462 4014 2
3503 3968 0
3546 3700 3
3613 4334 1
3729 4244 0
3887 4336 0
3917 4302 3
3954 4522 3
4011 4672 0
4014 4142 2
4024 4210 2
4086 4609 1
4131 4300 2
4260 4940 2
4401 5029 3
4430 5119 3
4509 5261 2
4529 4702 1
4544 5318 3
4559 5126 0
4561 4907 1
4569 5349 3
4634 5376 3
4661 5326 0
4897 5491 3
4924 5658 3
49 31 118 42
115 11 74 145
64 70 2 131
40 71 85 11

