100 4 3
0 7 0
12 219 2
22 70 3
25 187 3
41 190 1
56 319 3
73 293 2
81 135 0
93 267 0
119 269 0
124 357 3
133 215 1
157 419 2
179 382 3
180 426 0
188 436 0
216 439 0
252 409 3
273 466 0
278 511 3
285 520 2
307 540 2
327 517 0
329 575 2
343 404 1
370 524 1
370 555 0
371 633 0
386 640 0
456 684 0
468 642 2
494 719 3
498 763 2
508 551 1
514 750 3
522 780 3
525 788 3
529 756 0
545 810 3
556 733 1
585 805 0
638 890 3
649 908 3
665 924 3
665 930 1
667 820 0
693 937 0
694 952 1
748 943 3
751 890 2
780 986 2
780 950 3
787 1038 2
797 1027 0
822 1067 2
830 1080 2
834 1051 1
857 1035 0
868 1111 2
871 1120 2
914 1059 0
927 1181 2
942 1144 1
955 1096 3
969 1208 1
990 1243 1
1014 1239 0
1028 1262 0
1038 1206 2
1039 1207 3
1060 1221 3
1073 1280 0
1093 1356 1
1093 1253 3
1102 1314 0
1127 1330 0
1129 1347 0
1143 1407 0
1156 1397 3
1171 1378 1
1172 1411 3
1212 1241 2
1229 1381 1
1237 1333 2
1256 1455 2
1257 1425 3
1284 1502 2
1293 1441 0
1303 1428 3
1311 1532 0
1335 1506 3
1352 1473 1
1374 1550 1
1394 1587 1
1399 1595 1
1418 1597 3
1419 1661 0
1437 1690 3
1462 1698 0
1481 1732 3
106 24 72 26
24 20 96 2
18 78 24 64
17 50 49 70

