75 4 1
0 367 3
29 717 1
99 490 0
109 600 3
222 740 3
352 1088 3
416 1123 1
631 642 0
655 1241 2
704 1278 0
734 1325 1
782 1506 0
854 1560 3
902 1670 0
922 1705 0
929 1633 2
935 1679 2
956 1744 2
996 1768 3
996 1763 2
1060 1846 2
1103 1881 2
1112 1901 2
1152 1833 3
1153 1941 2
1159 1700 1
1183 1970 0
1186 1970 0
1267 1969 1
1289 2059 0
1343 2122 2
1351 2143 2
1441 2232 0
1476 2115 3
1541 2251 0
1626 2192 1
1628 2416 2
1650 2336 0
1701 2312 1
1773 2374 1
1813 2606 2
1822 2238 3
1919 2569 3
1967 2748 3
2048 2818 3
2104 2784 2
2133 2899 0
2157 2832 3
2195 2843 1
2237 2975 1
2245 3016 1
2251 3041 2
2252 2921 0
2252 2944 0
2259 2991 0
2332 3035 1
2399 3052 1
2559 3243 0
2568 3095 3
2617 3376 1
2745 3425 1
2823 3431 1
2839 3564 1
2844 3571 1
2876 3181 2
2924 3708 1
2930 3189 3
2984 3780 1
3031 3815 1
3094 3839 3
3185 3956 1
3208 3871 3
3225 4024 1
3285 4079 1
3288 3448 0
15 33 34 40
42 23 150 38
23 126 23 42
144 198 225 28

