100 4 1
0 130 0
41 264 2
78 235 3
121 304 3
133 676 1
163 348 3
250 975 2
257 470 0
277 901 0
297 1088 0
303 967 3
338 861 1
369 1072 2
377 1167 3
426 1168 0
472 1220 0
524 1225 0
548 1255 3
585 1287 0
662 1402 3
678 1141 2
706 1262 2
777 1566 0
843 1608 2
847 1168 1
872 1385 1
957 1644 0
1064 1741 0
1127 1925 0
1141 1934 0
1161 1609 2
1228 1562 3
1287 1971 2
1292 1761 1
1333 2132 3
1414 2174 3
1415 2196 3
1417 2198 0
1463 2261 3
1673 2133 1
1708 2443 0
1787 2345 3
1799 2376 3
1828 2486 3
1846 2424 1
1869 2645 0
1879 2671 0
1891 2531 1
1939 2552 3
1971 2406 2
2057 2436 2
2216 2690 3
2248 2644 2
2295 2849 0
2296 2839 2
2303 2960 2
2381 2634 1
2383 2935 0
2544 3102 2
2552 3143 2
2639 3218 0
2640 3436 2
2661 2681 1
2691 2731 3
2766 2788 1
2790 3515 1
2801 3327 0
2871 3494 0
2903 3518 2
2912 3262 3
3041 3615 3
3081 3503 0
3127 3769 1
3167 3887 3
3209 3626 0
3273 3730 0
3346 3946 0
3389 4044 0
3420 4087 3
3423 3939 1
3485 4212 3
3523 4286 2
3584 4002 1
3585 4294 2
3613 4368 2
3689 4488 3
3694 4487 2
3735 4372 0
3773 4494 3
3818 4518 0
3820 4593 3
3940 4625 1
3992 4678 1
4016 4721 1
4073 4834 1
4075 4850 3
4156 4843 0
4183 4900 3
4214 4993 0
4237 4985 3
102 149 137 205
149 9 12 80
137 12 9 78
205 80 78 58

