50 4 3
0 118 2
3 72 0
23 142 0
57 82 3
70 176 2
74 205 0
123 280 0
133 254 2
147 382 1
156 363 0
160 393 1
169 354 3
173 425 1
177 360 3
177 433 1
181 445 1
184 396 3
207 452 1
248 463 3
263 452 1
267 454 0
290 458 0
294 501 3
304 563 3
316 557 1
338 596 0
379 563 1
408 479 2
418 654 0
439 692 0
496 659 1
498 696 1
510 728 2
544 734 2
552 789 0
586 834 1
588 624 3
588 747 2
607 841 0
618 835 1
623 857 1
632 871 0
640 759 2
642 709 3
656 894 0
660 896 1
661 895 0
711 955 1
723 932 0
726 972 1
24 3 1 14
3 66 4 11
78 102 29 14
68 107 12 40

