100 4 4
0 102 2
4 89 0
11 159 0
17 181 3
18 118 2
28 170 0
31 209 0
32 218 2
70 97 1
79 255 0
82 232 1
90 196 3
103 243 1
111 233 3
135 286 1
144 307 1
177 335 3
198 353 1
205 381 3
210 389 1
218 307 0
219 379 0
221 400 3
226 403 3
227 403 1
231 414 0
241 426 1
263 355 2
276 464 0
278 464 0
279 433 1
283 457 1
285 369 2
286 381 2
300 470 0
302 459 1
306 416 3
314 432 2
317 502 0
322 465 1
327 505 1
355 543 0
356 525 2
367 433 3
377 546 0
377 548 1
382 560 0
383 579 1
389 579 0
389 585 1
421 611 1
426 616 1
444 643 0
446 630 1
455 458 3
475 667 0
477 578 3
481 679 0
506 681 3
514 710 0
515 659 2
517 690 1
528 703 3
540 710 3
548 747 1
557 726 0
565 735 3
593 680 2
601 777 0
622 804 3
625 812 0
638 787 2
648 789 1
670 869 1
673 863 2
678 813 3
700 816 0
707 822 0
721 884 1
723 882 2
723 832 0
733 899 1
748 910 1
758 890 2
759 921 2
759 922 2
776 945 2
780 895 3
793 979 3
800 947 2
801 998 3
812 946 0
823 990 0
826 914 1
838 1010 3
856 1001 0
861 1048 3
865 965 1
865 977 1
870 1006 0
29 39 49 180
39 29 88 191
49 88 36 155
180 191 155 116

