75 4 4
0 71 2
0 23 0
14 155 0
23 149 3
27 128 2
34 189 0
40 235 0
41 222 2
51 245 1
54 244 0
55 251 1
93 204 3
102 292 1
105 228 3
113 309 1
126 316 1
134 244 3
158 348 1
167 255 3
200 399 1
221 369 0
228 412 0
233 343 3
241 347 3
242 434 1
244 415 0
249 447 1
250 425 2
254 450 0
264 463 0
286 455 1
299 469 1
301 477 2
302 484 2
306 493 0
308 507 1
309 378 3
323 513 2
325 494 0
329 515 1
337 534 1
340 507 0
345 517 2
350 495 3
378 565 0
379 545 1
390 585 0
400 563 1
400 594 0
405 584 1
406 584 1
412 601 1
412 607 0
444 610 1
449 522 3
467 659 0
469 558 3
478 674 0
498 594 3
500 685 0
504 674 2
529 626 1
537 639 3
538 679 3
540 647 1
551 727 0
563 718 3
571 763 2
580 750 0
588 786 3
616 766 0
624 805 2
645 694 1
648 765 1
661 833 2
9 36 125 58
20 46 14 158
46 1 10 94
65 14 1 51

