50 4 1
0 255 0
44 732 2
50 123 3
91 748 3
128 442 1
201 794 3
315 994 2
335 826 0
338 1024 0
349 1080 0
420 853 3
459 553 1
465 1029 2
537 1020 3
665 1365 0
855 1632 0
918 1676 0
919 1170 3
949 1731 0
955 1634 3
977 1089 2
1026 1783 2
1040 1814 0
1059 1797 2
1064 1235 1
1077 1386 1
1133 1922 0
1135 1926 0
1220 2010 0
1223 2012 0
1272 2037 2
1302 1815 3
1353 2040 2
1388 1483 1
1399 1923 3
1516 2193 3
1520 2318 3
1591 2024 0
1591 2369 3
1679 2442 1
1725 2375 0
1818 2532 3
1819 2556 3
1874 2562 3
1911 2464 1
1924 2527 0
2069 2546 0
2249 2837 1
2318 2668 3
2328 2944 2
27 37 98 156
37 27 135 193
98 135 43 58
156 193 58 43

