100 4 2
0 111 0
19 97 2
41 132 3
47 318 3
62 154 1
105 467 3
108 214 2
118 180 0
128 221 0
131 443 0
148 543 3
164 496 1
168 249 2
193 544 3
216 611 0
242 613 0
254 628 0
272 608 3
310 660 0
318 671 3
332 535 2
368 628 2
401 678 0
403 693 2
415 663 1
458 702 1
512 711 0
543 854 0
550 901 0
560 930 0
594 825 2
624 831 3
627 905 2
648 1042 1
688 1070 3
689 1088 3
690 1089 3
713 979 0
818 1150 3
836 1216 1
875 1041 0
881 1195 3
896 1286 3
905 1295 3
916 1315 1
921 1151 0
927 1294 0
951 1339 1
967 1345 3
1010 1083 2
1090 1436 2
1106 1474 3
1129 1505 2
1129 1455 0
1132 1506 2
1171 1553 2
1172 1477 1
1252 1464 0
1256 1616 2
1300 1616 2
1301 1681 0
1311 1649 2
1326 1601 1
1363 1615 3
1375 1727 1
1381 1777 1
1416 1736 0
1432 1738 0
1437 1654 2
1501 1690 3
1521 1758 3
1544 1742 0
1564 1841 1
1585 1856 3
1617 1847 0
1653 1981 0
1674 2072 0
1689 2088 0
1691 1992 3
1722 2118 1
1741 2059 3
1772 2072 2
1772 2132 1
1786 2136 2
1824 2210 2
1827 2169 3
1847 2227 2
1866 2253 0
1888 2231 3
1889 2278 0
1949 2323 3
1975 2142 1
1987 2314 1
2016 2398 1
2017 2401 1
2058 2359 3
2072 2460 0
2088 2366 3
2099 2494 0
2135 2472 3
35 8 106 112
8 7 114 120
112 132 8 27
139 159 27 6

