100 4 4
0 37 2
3 79 0
4 146 0
42 220 3
51 237 2
54 174 0
62 238 0
75 238 2
83 241 1
107 262 0
116 292 1
149 328 3
170 330 1
177 356 3
182 359 1
190 366 1
191 374 3
193 378 1
198 386 3
199 382 1
203 389 0
213 398 0
235 413 3
248 436 3
250 419 1
251 404 0
255 424 1
257 369 2
258 429 0
272 450 0
274 470 1
278 474 1
286 476 2
289 479 2
294 493 0
299 483 1
327 437 3
328 520 2
339 510 0
349 496 1
349 511 1
354 512 0
355 553 2
361 536 3
361 557 0
393 537 1
398 571 0
416 591 1
418 578 0
427 597 1
447 646 1
449 648 1
453 643 0
478 664 1
486 587 3
487 651 0
489 658 3
500 658 0
512 679 3
520 717 0
529 663 2
537 704 1
565 737 3
573 760 3
594 706 1
597 733 0
610 776 3
620 815 2
642 753 0
645 808 3
650 756 0
672 856 2
679 806 1
693 887 1
695 874 2
695 873 3
705 868 0
720 890 0
730 919 1
731 906 2
731 895 0
748 943 1
752 944 1
765 938 2
772 968 2
773 971 2
784 974 2
795 903 3
798 940 3
810 991 2
828 1016 3
833 933 0
837 958 0
837 1034 1
842 1023 3
849 997 0
857 1044 3
860 1053 1
862 1060 1
869 1055 0
12 6 14 8
6 6 8 14
50 49 18 14
36 35 14 2

