100 4 2
0 329 2
3 204 0
23 308 0
30 387 3
31 404 2
106 346 0
124 476 0
129 430 2
145 178 1
172 499 0
188 504 1
235 545 3
253 605 1
320 679 3
361 682 1
375 733 1
386 741 3
402 754 1
404 771 3
409 779 1
419 603 0
422 644 0
429 806 3
448 815 3
491 864 1
517 826 0
521 870 1
522 590 2
529 869 0
534 904 0
536 892 1
565 941 1
568 907 2
577 915 2
593 936 0
599 955 1
609 880 3
619 1011 2
675 1056 0
678 1034 1
701 1093 1
722 1102 0
723 1027 2
733 923 3
736 1116 0
748 1146 1
748 1116 0
812 1197 1
822 1165 0
859 1255 1
864 1257 1
882 1280 1
921 1208 0
925 1289 1
933 1308 3
983 1282 0
999 1398 3
1001 1382 0
1005 1399 3
1026 1400 0
1050 1250 2
1065 1289 1
1083 1415 3
1098 1489 3
1155 1378 1
1171 1498 0
1212 1581 3
1219 1473 2
1245 1634 0
1266 1624 3
1309 1666 0
1316 1643 2
1325 1665 1
1370 1749 1
1383 1733 2
1411 1739 3
1416 1702 0
1416 1748 0
1435 1825 1
1465 1797 2
1485 1870 0
1487 1833 1
1488 1880 1
1523 1867 2
1530 1875 2
1556 1927 2
1570 1954 2
1572 1912 3
1594 1991 3
1616 1979 2
1622 2003 3
1647 1931 0
1683 2045 0
1694 2070 1
1702 2097 3
1703 2066 0
1713 2100 3
1726 2091 1
1743 2098 1
1749 2067 0
63 84 87 108
84 39 127 52
87 127 56 75
108 52 75 39

