75 4 2
0 217 2
6 403 0
7 405 0
13 309 3
17 385 2
52 437 0
114 457 0
136 431 2
141 310 1
175 499 0
181 318 1
195 348 3
213 529 1
246 350 3
308 704 1
351 744 1
366 654 3
398 744 1
483 833 3
486 758 1
505 717 0
556 744 0
568 889 3
619 960 3
622 883 1
622 803 0
651 931 1
668 865 2
676 918 0
690 1088 0
702 989 1
705 1044 1
725 946 2
732 1073 2
733 1097 0
808 1183 1
826 1125 3
831 1114 2
847 1246 0
874 1255 1
890 1262 1
937 1248 0
955 1181 2
1022 1202 3
1063 1392 0
1077 1415 1
1088 1404 0
1104 1438 1
1106 1500 0
1111 1446 1
1121 1465 1
1124 1498 1
1131 1522 0
1150 1519 1
1193 1447 3
1219 1608 0
1223 1473 3
1224 1614 0
1231 1563 3
1236 1621 0
1238 1287 2
1267 1613 1
1270 1662 3
1279 1663 3
1295 1635 1
1301 1698 0
1311 1674 3
1321 1420 2
1377 1722 0
1380 1734 3
1403 1784 0
1424 1640 2
1425 1709 1
1435 1797 1
1438 1814 2
32 51 43 53
51 38 94 104
43 94 7 10
53 104 10 7

