50 4 2
0 221 2
7 355 0
68 444 0
71 80 3
116 275 2
122 476 0
139 490 0
154 433 2
163 314 1
167 491 0
197 577 1
247 522 3
266 584 1
272 627 3
346 685 1
362 714 1
384 769 3
397 742 1
403 800 3
417 786 1
423 746 0
429 819 0
430 818 3
436 828 3
440 821 1
475 831 0
537 929 1
559 720 2
564 944 0
598 978 0
604 1002 1
618 1003 1
636 839 2
669 1012 2
731 1026 0
774 1098 1
789 926 3
821 1137 2
906 1302 0
909 1259 1
928 1321 1
979 1325 0
991 1341 2
1042 1207 3
1045 1366 0
1045 1386 1
1074 1472 0
1091 1430 1
1099 1474 0
1113 1512 1
24 3 1 60
3 66 4 57
54 30 29 42
96 72 42 54

