50 4 3
0 46 3
6 211 1
23 38 0
23 77 3
38 182 3
51 213 3
55 276 1
67 293 0
70 226 2
82 344 0
93 303 1
119 376 0
124 355 3
134 381 0
154 405 0
167 321 2
170 381 2
175 392 2
182 412 3
201 459 2
208 473 2
235 482 2
266 495 2
272 435 3
286 531 2
293 528 1
304 498 0
305 501 0
315 555 1
337 571 0
339 594 2
386 620 2
390 650 0
411 645 3
431 660 0
438 555 1
442 654 2
459 690 0
522 652 1
534 749 1
555 697 2
591 757 3
602 801 3
605 814 3
607 854 3
612 699 2
613 723 0
617 879 3
627 763 1
637 803 1
9 13 45 33
13 9 58 24
45 58 31 42
33 24 42 18

