100 4 3
0 162 2
6 8 0
8 209 0
13 144 3
26 205 2
55 272 0
72 282 0
75 281 2
76 103 1
81 315 0
84 323 1
86 205 3
105 343 1
107 343 3
113 347 1
124 368 1
128 374 3
135 386 1
142 386 3
179 427 1
181 387 0
196 428 0
210 436 3
210 456 3
217 454 1
219 469 0
227 455 1
227 300 2
270 474 0
276 513 0
300 480 1
303 564 1
315 463 2
341 594 2
344 581 0
349 609 1
382 489 3
392 644 2
393 595 0
396 649 1
410 675 1
426 623 0
436 681 2
448 594 3
458 714 0
496 724 1
507 722 0
535 745 1
540 803 0
557 790 1
571 832 1
600 832 1
605 818 0
611 838 1
641 814 3
650 836 0
668 829 3
671 935 0
671 861 3
684 949 0
704 796 2
717 970 1
718 898 3
718 935 3
741 988 1
746 952 0
763 981 3
772 850 2
774 998 0
789 999 3
803 1025 0
807 944 2
823 1085 1
847 1096 1
854 987 2
859 1008 3
860 1040 0
867 1087 0
876 1136 1
887 1035 2
891 1108 0
894 1140 1
903 1161 1
925 1091 2
938 1176 2
942 1179 2
944 1196 2
945 1178 3
971 1189 3
978 1199 2
1009 1203 3
1019 1175 0
1021 1280 0
1025 1246 1
1058 1314 3
1089 1319 0
1097 1358 3
1105 1333 1
1119 1348 1
1124 1371 0
19 7 167 23
147 18 89 80
44 12 16 34
27 92 101 36

