100 4 4
0 11 2
6 100 2
14 94 1
16 200 1
17 173 2
23 65 0
28 216 1
29 224 1
37 212 2
50 221 2
62 258 0
75 221 2
100 236 3
142 272 3
149 263 0
152 267 0
158 256 1
177 329 3
188 290 1
213 307 2
231 420 3
238 433 3
248 297 0
256 443 0
264 450 0
267 450 0
283 401 1
299 466 3
316 411 2
316 438 1
323 465 0
329 443 2
333 439 1
340 537 2
403 477 0
411 539 2
413 478 0
425 608 1
440 620 3
443 638 1
457 585 2
465 661 2
466 643 1
468 493 0
495 645 0
496 691 2
502 643 1
540 652 0
564 714 0
564 736 0
592 774 3
593 782 3
597 780 0
609 667 1
615 808 0
626 785 2
645 787 3
692 795 1
692 842 3
705 892 1
720 812 0
730 921 1
733 854 2
745 928 0
748 866 3
752 929 0
761 929 0
770 966 0
772 969 0
791 990 0
795 955 1
803 960 2
808 963 1
811 977 1
812 996 2
856 1042 0
874 881 3
904 1080 1
905 1067 0
906 1080 0
911 944 3
914 1094 3
940 1102 0
941 1104 2
942 1117 2
957 1098 1
986 1153 2
997 1154 2
1019 1210 3
1019 1213 3
1021 1159 2
1026 1142 1
1049 1229 3
1052 1180 0
1054 1166 1
1100 1242 3
1108 1273 3
1118 1248 0
1129 1299 3
1146 1303 3
30 40 105 131
40 30 81 161
105 81 60 80
131 161 80 60

