75 4 2
0 234 2
4 290 2
25 378 1
46 391 1
57 410 2
73 318 0
78 429 1
81 472 1
93 427 2
103 441 2
104 472 0
120 496 2
146 476 3
169 530 3
196 516 0
246 530 0
329 620 1
342 644 3
349 678 1
362 670 2
400 698 3
421 773 3
472 749 0
508 898 0
523 915 0
542 921 0
559 842 1
574 925 3
581 894 2
613 1003 1
646 1020 0
679 1052 2
680 1046 1
695 1090 2
707 1073 0
715 1106 2
729 1121 0
856 1144 1
872 935 3
877 1211 1
900 1196 2
931 1253 2
937 1292 1
964 1265 0
980 1370 0
983 1266 2
987 1331 1
1041 1405 0
1043 1422 0
1054 1441 0
1131 1449 3
1179 1464 3
1179 1480 0
1234 1357 1
1235 1610 0
1242 1427 2
1265 1535 3
1277 1557 1
1300 1682 3
1338 1581 1
1432 1798 0
1432 1600 1
1457 1530 2
1488 1842 0
1509 1830 3
1515 1852 0
1539 1932 0
1545 1939 0
1553 1952 0
1572 1955 0
1590 1929 1
1593 1740 2
1631 1968 1
1639 2027 1
1656 1741 2
8 56 150 4
1 15 69 44
165 15 24 148
8 93 63 11

