50 4 1
0 442 2
13 710 0
135 887 0
141 159 3
231 549 2
244 952 0
279 981 0
308 867 2
325 628 1
334 982 0
393 1153 1
494 1045 3
532 1168 1
544 1255 3
691 1370 1
722 1426 1
765 1535 3
792 1483 1
805 1600 3
832 1571 1
844 1491 0
856 1636 0
857 1633 3
869 1654 3
877 1639 1
947 1660 0
1071 1855 1
1115 1438 2
1126 1886 0
1195 1955 0
1206 2003 1
1235 2006 1
1271 1678 2
1337 2024 2
1460 2051 0
1546 2194 1
1575 1849 3
1639 2271 2
1810 2602 0
1816 2516 1
1853 2640 1
1955 2648 0
1979 2679 2
2080 2411 3
2086 2729 0
2086 2769 1
2144 2940 0
2178 2857 1
2194 2945 0
2222 3020 1
24 3 1 60
3 66 4 57
54 30 29 42
96 72 42 54

