50 4 2
0 15 3
22 103 1
41 42 0
47 264 3
66 311 3
71 403 3
89 429 1
106 340 0
145 292 2
153 548 0
167 484 1
197 584 0
216 563 3
221 592 0
228 606 0
238 469 2
266 584 2
276 602 2
316 662 3
363 752 2
372 771 2
393 777 2
404 795 2
421 773 3
422 816 2
436 485 1
469 651 0
473 678 0
543 794 1
549 935 0
580 843 2
609 943 2
619 965 0
624 930 3
650 984 0
745 1087 1
763 1146 2
795 1070 0
849 1167 1
865 1191 1
869 1262 2
873 1191 3
881 1222 3
883 1272 3
888 1272 3
903 1297 2
918 1102 0
953 1293 3
958 1248 1
1015 1369 1
9 13 39 55
13 14 26 68
12 15 9 4
8 19 4 81

