75 4 1
0 778 3
33 832 1
36 715 0
65 809 3
130 818 3
137 873 3
278 985 1
290 876 0
352 926 2
411 1002 0
431 1155 1
442 1148 0
493 929 3
683 1451 0
719 1502 0
783 1487 2
890 1578 2
923 1618 2
931 1323 3
938 1682 2
953 1741 2
957 1743 2
968 1746 2
998 1414 3
1027 1785 2
1097 1773 1
1107 1875 0
1220 2009 0
1350 2031 1
1414 2122 0
1629 1822 2
1653 2441 2
1702 2243 0
1732 2519 3
1780 2441 0
1852 2208 1
1900 2617 2
1920 2577 0
1927 2232 1
1933 2663 1
1954 2694 2
1994 2637 3
1994 2640 3
2058 2676 3
2101 2885 3
2110 2812 2
2150 2830 0
2151 2921 3
2157 2731 1
2181 2960 1
2184 2976 1
2265 3056 2
2287 2926 0
2341 2947 0
2349 3033 0
2439 3028 1
2474 3184 1
2539 3105 0
2624 2931 3
2626 3414 1
2648 3441 1
2699 3480 1
2771 3541 1
2811 3577 1
2820 3276 2
2917 3592 1
2965 3613 3
3046 3784 1
3102 3801 1
3131 3690 3
3155 3926 1
3193 3983 3
3235 3927 1
3243 3975 1
3249 3514 0
52 87 89 70
87 52 70 107
89 70 52 159
70 107 159 52

