50 4 4
0 11 3
0 7 1
11 51 0
20 20 3
23 131 3
32 154 3
34 200 1
43 213 0
51 168 2
70 267 0
74 232 1
81 274 0
96 269 3
105 290 0
107 296 0
110 225 2
115 274 2
129 292 2
134 307 3
154 348 2
177 376 2
182 377 2
192 378 2
197 365 3
205 402 2
206 257 1
213 304 0
229 331 0
231 356 1
266 459 0
269 436 2
285 458 2
300 467 0
305 476 3
308 499 0
321 458 1
369 485 2
378 537 0
394 479 1
421 529 1
429 554 2
431 594 3
433 629 3
437 631 3
438 635 3
441 611 2
448 593 0
455 652 3
472 607 1
475 671 1
22 55 54 30
55 33 97 45
54 97 39 52
30 45 52 22

