50 4 3
0 15 3
0 10 1
15 69 0
28 29 3
32 176 3
44 206 3
47 268 1
59 285 0
70 226 2
96 358 0
101 311 1
111 368 0
131 362 3
144 391 0
147 398 0
152 306 2
159 370 2
178 395 2
185 415 3
212 470 2
243 508 2
249 509 2
263 510 2
270 493 3
281 543 2
282 314 1
292 413 0
314 450 0
316 482 1
363 619 0
367 589 2
388 618 2
408 630 0
415 642 3
419 674 0
436 619 1
499 654 2
511 722 0
532 646 1
568 712 1
579 746 2
582 798 3
584 845 3
589 847 3
590 852 3
594 820 2
604 797 0
614 876 3
637 816 1
640 901 1
27 54 53 37
54 38 91 51
53 91 30 40
37 51 40 27

