50 4 3
0 14 0
10 11 1
15 78 2
25 278 1
39 267 0
58 297 1
77 326 1
79 325 0
106 230 2
109 366 1
133 156 3
162 410 1
167 296 2
177 215 3
192 371 0
231 466 3
238 476 3
246 353 2
258 433 1
264 523 3
265 393 0
283 486 1
306 528 3
309 449 2
312 567 1
330 568 3
337 453 0
349 578 0
353 515 2
353 610 0
356 612 0
374 619 0
389 528 2
414 648 0
421 663 1
422 675 1
427 686 3
431 687 3
432 689 3
452 700 0
457 709 0
457 537 2
471 699 1
472 631 2
474 697 3
483 719 1
484 662 2
522 745 0
528 695 2
528 703 2
23 31 36 82
31 23 37 59
36 37 27 46
82 59 46 34

