50 4 4
0 34 3
4 158 1
17 28 0
17 57 3
28 136 3
37 159 3
40 206 1
49 219 0
51 168 2
60 257 0
68 226 1
87 280 0
91 264 3
98 283 0
113 302 0
122 237 2
124 283 2
127 290 2
132 305 3
146 340 2
151 350 2
171 357 2
194 366 2
199 321 3
209 393 2
214 390 1
222 368 0
223 370 0
230 411 1
246 422 0
248 440 2
283 459 2
286 481 0
302 478 3
317 489 0
322 433 1
325 484 2
338 511 0
386 484 1
395 556 1
411 518 2
438 563 3
446 595 3
448 605 3
450 636 3
454 519 2
455 538 0
458 655 3
465 556 1
472 574 1
9 13 45 33
13 9 58 24
45 58 31 42
33 24 42 18

