75 4 3
0 147 2
22 285 2
38 113 1
39 133 1
43 303 2
67 289 0
68 231 1
70 258 1
71 316 2
88 338 2
89 308 0
91 350 2
91 126 3
108 340 3
117 345 0
123 384 0
127 321 1
149 352 3
158 410 1
161 395 2
175 383 3
189 448 3
196 445 0
207 455 0
210 472 0
212 472 0
220 481 1
227 449 3
228 425 2
239 498 1
256 485 0
272 514 2
290 542 1
324 567 2
379 560 0
388 645 2
392 603 0
401 554 1
427 616 3
441 579 1
475 675 2
499 748 2
509 632 1
522 701 0
533 719 0
543 797 2
548 709 1
569 812 0
591 826 0
613 827 0
614 619 3
624 711 3
632 856 0
637 898 1
646 875 0
730 959 2
741 928 3
744 945 1
760 968 3
780 979 1
784 901 0
802 997 1
812 994 2
814 995 0
817 1033 3
853 1010 0
854 1087 0
861 1092 0
912 1156 0
944 1189 0
944 1129 1
981 1012 2
982 1222 1
987 1242 1
1003 1213 2
52 30 12 15
30 41 18 15
128 104 15 1
127 103 1 26

