100 4 1
0 695 0
42 191 1
65 591 2
143 644 1
185 862 0
231 769 1
350 1021 1
361 1107 0
402 940 2
460 1045 1
494 1041 3
497 1238 1
526 1235 2
603 1210 3
652 1256 0
668 1387 3
673 1443 3
728 1313 2
736 1474 1
782 1486 3
804 1534 0
899 1562 1
1001 1565 3
1010 1527 2
1059 1564 1
1073 1745 3
1081 1843 0
1089 1870 0
1093 1555 2
1129 1901 0
1156 1920 0
1214 1966 0
1231 1915 2
1232 1967 0
1283 2058 1
1352 2100 1
1381 2139 3
1392 2183 3
1445 2237 3
1569 2271 0
1645 2313 0
1680 2038 2
1712 2229 1
1721 2221 2
1752 2341 3
1784 2280 1
1824 2594 2
1992 2507 0
2018 2598 2
2030 2784 2
2064 2307 1
2103 2534 0
2167 2840 2
2224 2697 0
2231 2991 3
2257 2777 0
2277 2560 1
2509 2836 0
2511 2947 2
2582 3242 0
2608 2729 1
2658 3265 0
2711 3329 3
2715 3285 2
2748 2920 1
2794 3322 2
2885 3258 1
2891 3628 1
2911 3434 0
2920 3660 0
2921 3605 3
2940 3715 0
2989 3606 3
3064 3769 0
3138 3905 0
3150 3749 2
3189 3928 1
3279 3929 1
3347 4099 0
3361 3765 2
3367 3848 2
3389 4173 1
3407 3879 2
3484 3692 3
3619 4212 1
3647 4423 0
3831 3903 3
3874 4336 3
3883 4466 1
3909 3931 2
3935 4657 1
4017 4674 3
4032 4749 3
4052 4827 3
4065 4710 1
4083 4775 1
4098 4629 0
4125 4309 2
4136 4858 3
4160 4345 2
0 2 75 12
40 27 3 167
91 81 10 99
69 69 150 16

