50 4 2
0 169 2
14 285 0
93 290 0
97 318 3
104 452 2
165 309 0
168 453 0
213 589 2
219 228 1
236 544 0
251 429 1
260 364 3
264 444 1
294 454 3
344 542 1
363 599 1
369 552 3
443 797 1
459 771 3
481 832 1
494 773 0
500 824 0
514 894 3
520 905 3
526 871 1
527 924 0
533 902 1
537 860 2
572 962 0
634 996 0
656 1044 1
661 1053 1
695 918 2
701 1082 2
715 1071 0
733 1125 1
766 927 3
828 1208 2
871 1091 0
886 1190 1
918 1298 1
1003 1179 0
1006 1261 2
1025 1130 3
1076 1212 0
1088 1486 1
1139 1435 0
1142 1510 1
1142 1527 0
1171 1514 1
39 53 116 94
53 39 63 75
116 63 47 102
94 75 102 56

