100 4 3
0 128 2
34 196 2
89 272 1
98 279 1
102 352 2
111 330 0
137 377 1
151 385 1
185 369 2
209 468 2
219 451 0
232 493 2
243 321 3
253 447 3
258 461 0
279 531 0
301 489 1
323 557 3
324 532 1
334 593 2
342 591 3
347 595 3
356 599 0
440 662 0
451 713 0
454 714 0
470 640 1
490 751 3
494 610 2
512 703 1
522 744 0
524 627 2
527 724 1
563 723 2
564 778 0
571 807 2
622 822 0
654 913 1
654 762 3
691 920 1
692 934 2
697 949 2
713 956 1
721 902 0
736 993 0
762 973 2
825 978 1
825 1014 0
842 1042 0
863 1112 0
877 1000 3
881 1060 3
897 1151 0
901 1062 1
906 1167 0
918 1147 2
930 1159 3
932 1119 1
957 1165 3
963 1162 1
974 1169 0
981 1163 1
985 1166 2
987 1203 0
1046 1203 3
1069 1302 0
1109 1340 0
1111 1355 0
1113 1358 0
1120 1360 0
1125 1380 1
1159 1369 2
1161 1389 1
1163 1425 1
1184 1376 2
1223 1369 0
1238 1351 3
1268 1454 1
1268 1369 0
1270 1404 0
1276 1509 3
1306 1571 3
1311 1523 0
1313 1522 2
1375 1556 2
1386 1548 1
1400 1562 2
1414 1621 2
1436 1576 3
1475 1644 3
1528 1676 2
1538 1617 1
1550 1678 3
1569 1644 0
1570 1714 1
1573 1694 3
1594 1769 3
1609 1798 0
1652 1850 3
1699 1881 3
15 23 126 53
23 23 149 76
121 122 12 59
47 60 128 1

