100 4 1
0 392 3
81 727 1
103 147 0
157 585 3
165 666 3
255 854 3
290 920 1
355 604 0
440 1184 2
442 704 0
464 1136 1
515 1303 0
587 952 3
627 1399 0
636 1403 0
733 1283 2
781 1417 2
862 1514 2
918 1373 3
947 1733 2
971 1749 2
1009 1767 2
1051 1819 2
1059 1848 3
1065 1853 2
1066 1607 1
1066 1853 0
1073 1857 0
1146 1848 1
1213 1893 0
1373 2143 2
1382 2161 2
1431 1993 0
1559 2064 3
1637 2112 0
1653 2121 1
1658 2204 2
1690 2482 0
1738 2529 1
1744 2532 1
1798 2484 2
1845 2235 3
1908 2252 3
1999 2610 3
2022 2623 3
2039 2622 2
2099 2651 0
2102 2895 3
2133 2549 1
2139 2789 1
2168 2949 1
2187 2957 2
2219 2899 0
2236 3002 0
2271 3009 0
2274 2973 1
2279 3050 1
2447 3237 0
2459 3128 3
2472 3164 1
2503 3235 1
2543 3246 1
2621 3274 1
2658 3342 1
2820 3347 2
2832 3591 1
2836 3424 3
2841 3625 1
2956 3633 1
2980 3504 3
3006 3692 1
3071 3708 3
3073 3702 1
3111 3798 1
3150 3538 0
3245 3446 2
3278 4074 1
3301 3768 0
3342 4126 1
3392 4137 3
3450 4221 2
3472 4271 2
3488 3921 0
3577 4371 2
3589 3994 0
3609 4379 0
3614 4381 2
3615 4195 1
3620 4386 2
3651 4265 1
3689 4257 3
3713 4325 1
3719 4417 0
3752 4293 3
3775 4465 0
3823 4523 2
3848 4501 0
3869 4654 0
3878 4646 2
3884 4648 3
15 13 157 211
114 54 232 186
65 68 60 28
55 71 4 51

