75 4 4
0 60 0
21 110 2
22 45 3
34 124 3
42 103 1
55 250 3
64 233 2
67 95 0
96 285 0
97 290 0
115 265 3
115 150 1
137 296 2
148 332 3
171 368 0
171 368 0
185 382 0
194 347 3
197 382 0
233 382 3
278 342 2
295 482 2
297 465 0
308 483 2
309 346 1
333 509 1
335 465 0
344 465 0
354 492 0
363 508 0
374 498 2
377 499 3
384 539 2
406 581 1
408 551 3
413 598 3
418 615 3
420 611 0
429 628 3
437 614 1
439 633 0
451 641 3
463 641 3
476 660 3
482 637 1
491 663 0
510 664 0
514 700 1
521 670 3
539 704 2
555 727 2
556 693 3
562 735 2
583 772 0
610 738 2
626 770 2
629 753 1
634 832 0
651 822 2
666 865 2
667 833 0
677 867 2
697 780 1
697 796 3
698 794 1
710 807 1
762 866 0
771 869 0
791 948 2
794 872 3
801 996 3
806 1001 0
812 1011 1
815 998 3
818 1012 0
33 44 107 161
44 33 123 117
107 123 80 128
161 117 128 87

