100 4 4
0 122 2
5 6 0
6 157 0
10 109 3
20 154 2
42 205 0
55 213 0
57 212 2
58 78 1
62 238 0
64 243 1
65 154 3
79 258 1
81 258 3
85 261 1
93 276 1
96 281 3
101 289 1
106 289 3
134 320 1
135 289 0
146 320 0
156 326 3
156 341 3
161 339 1
162 350 0
168 339 1
168 223 2
200 353 0
205 383 0
223 358 1
225 421 1
234 345 2
254 444 2
256 434 0
260 456 1
285 365 3
293 483 2
294 446 0
296 486 1
307 506 1
319 467 0
327 511 2
336 446 3
344 536 0
372 543 1
380 542 0
401 559 1
404 602 0
417 592 1
427 623 1
449 624 1
452 612 0
457 627 1
479 609 3
486 626 0
500 621 3
502 701 0
502 645 3
512 711 0
527 596 2
537 727 1
538 673 3
538 701 3
555 741 1
559 714 0
572 736 3
579 638 2
580 749 0
591 749 3
602 769 0
605 708 2
617 814 1
635 822 1
640 740 2
644 756 3
644 780 0
649 815 0
656 851 1
664 775 2
667 830 0
669 853 1
676 870 1
693 818 2
703 882 2
706 884 2
707 896 2
708 883 3
728 892 3
733 899 2
756 902 3
763 880 0
764 959 0
767 933 1
792 984 3
815 988 0
821 1017 3
827 999 1
837 1009 1
841 1026 0
29 26 169 31
130 26 74 73
8 14 24 41
34 97 114 54

