75 4 2
0 339 3
14 78 1
47 122 0
51 372 3
121 391 3
127 483 3
158 337 1
187 306 0
197 545 2
202 306 0
228 352 1
323 406 0
341 565 3
373 636 0
427 799 0
443 626 2
447 791 2
451 819 2
459 812 3
461 823 2
466 850 2
481 872 2
496 890 2
531 917 3
536 919 2
593 868 1
658 811 0
690 923 0
797 1115 1
809 980 0
833 1050 2
848 1099 2
872 1198 0
908 1135 3
932 1325 0
942 1260 1
946 1287 2
949 1338 0
960 1339 1
980 1364 1
980 1374 2
1012 1196 3
1034 1204 3
1039 1379 3
1059 1413 3
1060 1454 2
1063 1456 0
1075 1433 3
1076 1404 1
1116 1481 1
1127 1497 1
1154 1475 2
1158 1458 0
1203 1526 0
1220 1529 0
1253 1645 1
1296 1647 1
1297 1637 0
1308 1693 3
1334 1723 1
1370 1766 1
1390 1785 1
1395 1789 1
1444 1840 1
1468 1611 2
1508 1898 1
1536 1921 3
1550 1933 1
1562 1947 1
1581 1976 3
1602 1948 1
1606 1985 3
1609 1949 1
1610 1972 1
1610 1744 0
10 65 14 57
65 48 79 88
14 79 10 71
57 88 71 42

