50 4 4
0 103 2
32 175 2
52 157 1
52 193 1
55 247 2
70 165 0
74 207 1
80 237 1
90 263 2
96 274 2
102 217 0
104 301 2
105 117 3
110 296 3
122 260 0
124 321 0
141 289 1
153 300 3
154 289 1
157 325 2
175 306 3
176 319 3
178 354 0
179 355 0
191 366 0
192 387 0
193 360 1
193 334 3
206 375 2
213 397 1
218 406 0
221 386 2
237 417 1
244 404 2
246 410 0
256 410 2
267 416 0
273 449 1
281 419 3
283 478 1
284 459 2
290 461 2
295 491 1
296 442 0
304 456 0
317 506 2
329 504 1
342 498 0
367 562 0
409 596 0
14 50 8 7
50 32 42 43
119 161 4 15
20 10 3 15

