75 4 3
0 212 0
3 81 1
21 209 2
28 247 1
40 257 0
44 282 1
44 303 1
47 257 0
65 263 2
80 335 1
105 149 3
112 350 1
113 342 2
118 280 3
122 332 0
123 380 3
143 391 3
148 342 2
148 394 1
162 397 3
163 364 0
165 404 1
174 430 3
175 369 2
213 458 1
219 453 3
219 461 0
257 477 0
326 438 2
345 532 0
346 569 0
348 601 0
353 612 2
387 606 0
405 490 1
417 605 1
423 657 3
424 680 3
436 690 3
437 687 0
467 694 0
476 720 2
477 734 1
487 735 2
487 739 3
519 747 1
526 749 2
541 720 0
549 785 2
555 818 2
576 821 1
598 815 0
602 845 2
616 839 0
624 750 3
650 850 0
664 927 1
679 912 0
719 917 2
723 945 0
737 932 1
756 1012 0
767 938 3
768 929 2
778 971 1
804 979 2
820 1070 1
825 1077 1
827 1046 0
845 1047 0
848 938 3
863 1068 0
870 1059 3
902 1077 0
936 1181 0
25 45 34 82
45 8 11 75
34 11 8 80
82 75 80 56

