75 4 3
0 217 3
14 244 1
21 279 0
32 297 3
33 297 3
43 303 3
65 312 1
67 323 0
114 193 2
118 338 0
139 314 1
159 389 0
166 392 3
170 435 0
187 451 0
250 303 2
262 318 2
283 353 2
319 392 3
330 464 2
333 589 2
335 590 2
340 594 2
341 545 3
345 606 2
355 483 1
365 496 0
388 643 0
391 645 1
429 686 0
472 683 2
493 756 2
565 778 0
573 765 3
589 822 0
599 762 1
615 878 2
639 830 0
655 908 1
662 920 1
664 882 2
666 786 3
673 896 3
686 914 3
686 923 3
707 897 2
721 956 0
724 974 3
737 988 1
737 994 1
739 995 1
747 996 2
748 1012 0
775 1030 0
782 1045 0
800 1057 1
803 1058 1
833 1063 0
845 1071 3
867 1122 1
895 1148 1
896 1148 1
903 1157 1
920 1171 1
944 1058 2
957 1176 1
960 1087 3
992 1184 1
1008 1230 1
1035 1242 3
1054 1234 1
1064 1253 3
1072 1281 1
1085 1284 1
1099 1209 0
12 28 41 16
28 21 43 44
41 43 23 31
16 44 31 12

