75 4 4
0 72 0
1 63 2
25 98 3
27 119 3
36 220 1
46 123 3
55 98 2
66 263 0
69 266 0
76 273 0
98 172 3
100 253 1
105 118 2
110 295 3
112 299 0
121 306 0
129 326 0
131 322 3
143 342 0
155 332 3
168 305 2
174 368 2
183 373 0
202 380 2
206 311 1
213 354 1
231 387 0
247 404 0
248 432 0
254 440 0
275 424 2
302 467 3
318 465 2
321 435 1
326 498 3
343 516 3
358 547 3
359 487 0
369 567 3
389 484 1
389 501 0
390 589 3
402 592 3
454 611 3
463 541 1
483 678 0
486 681 0
493 692 1
498 613 3
504 572 2
507 690 2
510 649 3
522 716 2
530 685 0
551 740 2
591 764 2
599 783 1
611 701 0
611 799 2
613 800 2
633 742 0
634 825 2
674 826 1
676 782 3
698 878 1
698 888 1
703 872 0
711 887 0
730 856 2
736 862 3
739 894 3
756 954 0
764 924 1
766 919 3
798 962 0
13 231 218 119
47 100 107 106
61 103 110 29
47 196 62 4

