75 4 2
0 283 0
10 340 1
28 355 2
33 391 1
33 297 0
38 427 1
64 448 1
86 444 0
124 469 2
134 451 1
136 523 3
143 485 1
149 470 2
151 524 3
181 450 0
189 559 3
189 574 3
210 502 2
211 580 1
215 580 3
228 559 0
230 611 1
286 676 3
296 527 2
297 626 1
355 708 3
459 699 0
488 728 0
489 808 2
492 755 0
499 794 0
551 830 0
578 908 2
596 835 0
605 773 1
607 934 1
625 863 3
626 953 3
671 958 3
685 924 0
687 1028 0
702 1088 2
703 1067 1
751 1133 2
761 1137 3
784 1126 1
796 1163 2
804 1191 0
835 1209 2
868 1247 2
874 1217 1
895 1231 0
906 1261 2
945 1281 0
966 1218 3
989 1384 0
1049 1417 1
1055 1421 0
1076 1411 2
1105 1501 0
1122 1473 1
1123 1508 0
1137 1394 3
1176 1418 2
1200 1490 1
1208 1471 2
1210 1587 1
1238 1618 1
1242 1572 0
1265 1574 0
1276 1561 3
1324 1588 0
1375 1561 3
1380 1748 0
1404 1774 0
16 22 24 65
22 15 20 61
24 20 15 41
65 61 41 30

