50 4 4
0 171 0
14 153 1
28 43 2
30 158 1
50 229 0
53 240 1
71 256 1
92 285 0
96 113 2
103 289 1
114 211 3
144 321 1
150 199 2
156 319 3
165 324 0
169 334 3
170 349 3
183 263 2
200 332 1
203 397 3
206 358 0
220 378 1
225 417 3
234 267 2
237 416 1
237 430 3
240 364 0
253 401 0
264 338 2
283 422 0
288 459 0
289 462 0
293 424 2
296 465 0
297 431 1
312 479 1
316 502 3
316 508 3
327 511 3
328 468 0
330 506 0
337 519 2
338 503 1
366 534 2
371 561 3
371 566 1
400 539 2
452 599 0
466 611 2
466 630 2
79 44 24 24
44 24 20 68
49 78 30 72
23 6 72 12

