50 4 2
0 312 2
6 254 0
12 363 0
13 292 3
19 343 2
23 403 0
58 413 0
120 459 2
142 397 1
147 437 0
181 421 1
187 425 3
201 553 1
219 604 3
252 597 1
314 711 1
357 675 3
372 741 1
404 727 3
489 773 1
492 602 0
511 653 0
562 844 3
574 885 3
625 1015 1
628 779 0
628 1016 1
657 726 2
674 952 0
682 1037 0
696 1077 1
708 1081 1
711 766 2
731 971 2
738 1090 0
739 1091 1
814 1173 3
832 1011 2
837 1158 0
853 1211 1
880 1235 1
896 1160 0
943 1032 2
961 1225 3
1028 1172 0
1069 1239 1
1083 1435 0
1094 1461 1
1110 1480 0
1112 1489 1
13 65 1 14
78 70 51 165
3 34 40 60
92 63 98 30

