75 4 3
0 4 0
10 129 2
27 109 3
39 299 3
43 268 1
82 333 3
83 298 2
107 137 0
107 364 0
136 381 0
151 413 3
182 313 1
182 414 2
200 452 3
212 467 0
216 479 0
264 484 0
324 498 3
347 497 0
350 583 3
365 447 2
367 629 2
399 498 0
402 648 2
414 529 1
428 627 1
440 525 0
454 702 0
458 704 0
468 730 0
497 751 2
499 606 3
506 771 2
513 657 1
515 655 3
527 763 3
537 795 3
540 793 0
556 801 3
571 778 1
588 816 0
596 844 3
608 860 3
634 897 3
639 788 1
648 875 0
672 937 0
694 871 1
695 915 3
703 955 2
731 990 2
767 1026 3
788 1053 2
793 946 0
800 1058 2
822 1073 2
842 890 1
844 1074 0
858 1103 2
885 1135 2
885 1102 0
886 1135 2
901 1046 1
971 1061 3
983 1094 1
1009 1145 1
1013 1141 0
1023 1175 0
1029 1199 2
1037 1167 3
1040 1294 3
1044 1246 0
1060 1201 1
1071 1310 3
1100 1293 0
27 10 180 171
10 9 170 161
7 27 20 10
17 17 10 6

