50 4 3
0 231 3
14 159 1
21 268 0
32 251 3
33 284 3
43 301 3
65 330 1
67 293 0
114 157 2
118 331 0
139 376 1
159 390 0
166 315 3
170 417 0
187 432 0
250 485 2
262 502 2
283 517 2
319 333 3
330 585 2
333 593 2
335 597 2
340 601 2
341 553 3
345 603 2
355 402 1
365 503 0
388 517 0
391 542 1
429 681 0
472 696 2
493 748 2
565 827 0
573 580 3
589 851 0
599 778 1
615 876 2
639 858 0
655 811 1
662 900 1
664 882 2
666 730 3
673 774 3
686 929 3
686 932 3
707 920 2
721 898 0
724 938 3
737 905 1
737 942 1
6 92 29 32
29 4 35 102
8 8 0 49
121 76 73 16

