100 4 3
0 218 2
2 135 0
16 206 0
20 257 3
21 269 2
71 230 0
83 317 0
86 286 2
97 119 1
115 332 0
126 336 1
157 363 3
169 403 1
213 452 3
241 455 1
250 488 1
257 493 3
267 501 1
269 513 3
272 518 1
278 400 0
280 428 0
285 536 3
298 542 3
327 575 1
344 550 0
347 579 1
348 393 2
353 579 0
356 602 0
358 595 1
377 627 1
379 605 2
385 609 2
396 624 0
400 637 1
407 587 3
414 675 2
451 704 0
453 690 1
468 728 1
482 734 0
482 684 2
489 615 3
491 744 0
499 764 1
499 744 0
542 798 1
548 776 0
572 835 1
575 836 1
587 851 1
613 803 0
616 858 1
621 870 3
654 853 0
664 929 3
665 918 0
668 930 3
682 931 0
698 831 2
708 888 1
720 940 3
730 990 3
768 916 1
779 996 0
807 1053 3
812 981 2
829 1087 0
843 1081 3
872 1109 0
877 1094 2
883 1109 1
913 1165 1
922 1155 2
940 1158 3
943 1133 0
943 1164 0
956 1215 1
976 1197 2
989 1245 0
990 1220 1
990 1251 1
1013 1241 2
1018 1247 2
1035 1282 2
1044 1299 2
1046 1272 3
1061 1325 3
1075 1316 2
1079 1333 3
1095 1284 0
1119 1360 0
1126 1376 1
1131 1394 3
1132 1374 0
1139 1396 3
1148 1391 1
1159 1395 1
1163 1374 0
63 84 87 108
84 39 127 52
87 127 56 75
108 52 75 39

