75 4 1
0 679 3
29 158 1
94 245 0
101 744 3
242 782 3
254 966 3
316 674 1
375 614 0
395 1091 2
406 615 0
457 706 1
647 813 0
683 1132 3
747 1273 0
854 1598 0
887 1254 2
895 1583 2
902 1638 2
917 1624 3
921 1645 2
932 1700 2
962 1745 2
991 1779 2
1061 1833 3
1071 1838 2
1184 1734 1
1314 1621 0
1378 1845 0
1593 2229 1
1617 1960 0
1666 2101 2
1696 2198 2
1744 2396 0
1816 2271 3
1864 2650 0
1884 2521 1
1891 2573 2
1897 2675 0
1918 2676 1
1958 2726 1
1958 2747 2
2022 2391 3
2065 2406 3
2074 2755 3
2114 2822 3
2115 2903 2
2121 2908 0
2145 2862 3
2148 2805 1
2229 2959 1
2251 2991 1
2305 2948 2
2313 2913 0
2403 3049 0
2438 3056 0
2503 3287 1
2588 3290 1
2590 3270 0
2612 3382 3
2663 3442 1
2735 3527 1
2775 3566 1
2784 3572 1
2881 3674 1
2929 3215 2
3010 3791 1
3066 3836 3
3095 3861 1
3119 3890 1
3157 3947 3
3199 3891 1
3207 3966 3
3213 3893 1
3214 3939 1
3214 3482 0
10 65 14 57
65 48 79 88
14 79 10 71
57 88 71 42

