75 4 1
0 443 2
67 858 2
116 342 1
118 401 1
129 912 2
202 871 0
205 697 1
211 777 1
213 950 2
263 1016 2
265 926 0
270 1050 2
271 378 3
322 1022 3
350 1036 0
369 1153 0
382 966 1
448 1058 3
474 1232 1
482 1185 2
523 1149 3
565 1346 3
587 1336 0
619 1365 0
629 1419 0
634 1419 0
657 1233 1
677 1346 3
680 1272 2
712 1356 1
763 1474 0
810 1413 2
863 1643 1
964 1531 2
1130 1580 0
1156 1759 2
1169 1858 0
1195 1923 1
1272 2030 3
1315 2047 1
1417 1963 2
1490 2265 2
1519 2156 1
1558 2019 0
1591 2161 0
1621 2371 2
1635 2175 1
1699 2259 0
1764 2529 0
1830 2562 0
1832 2089 3
1862 2199 3
1886 2594 0
1902 2545 1
1930 2604 0
2183 2970 2
2215 2904 3
2224 2914 1
2271 2920 3
2332 3034 1
2343 2628 0
2397 3094 1
2428 3164 2
2434 2754 0
2442 2976 3
2551 2783 0
2555 3081 0
2577 3314 0
2731 3452 0
2827 3594 0
2827 3459 1
2938 3297 2
2941 3596 1
2956 3641 1
3003 3572 2
78 45 21 26
45 62 24 19
144 108 22 1
143 107 1 39

