50 4 1
0 797 2
5 192 0
11 350 0
39 581 3
197 894 2
205 493 0
218 789 0
340 1092 2
346 364 1
436 1052 0
449 806 1
484 692 3
513 873 1
530 851 3
539 935 1
598 1071 1
699 1065 3
737 1445 1
749 1374 3
896 1598 1
927 1486 0
970 1618 0
997 1757 3
1010 1780 3
1037 1728 1
1049 1844 0
1061 1800 1
1062 1709 2
1074 1854 0
1082 1858 0
1152 1863 1
1276 1883 1
1320 1792 2
1331 1871 2
1400 2163 0
1411 1901 1
1440 1849 3
1476 2071 2
1542 2200 0
1665 2067 1
1751 2322 1
1780 2494 0
1844 2590 2
2015 2125 3
2021 2501 0
2058 2449 1
2160 2865 0
2184 2787 1
2285 2891 0
2291 2830 1
39 53 116 88
53 26 63 35
116 63 21 28
88 35 28 21

