50 4 4
0 69 2
2 116 2
72 162 1
97 254 1
113 288 2
140 252 0
173 295 1
184 371 1
191 294 2
204 347 2
213 318 0
219 360 2
235 274 3
236 275 3
246 438 0
278 451 0
298 461 1
298 311 3
301 479 1
316 431 2
320 324 3
326 343 3
336 533 0
342 539 0
348 543 0
350 545 0
351 526 1
356 527 3
368 564 2
370 559 1
387 562 0
399 594 2
400 587 1
403 600 2
421 604 0
422 602 2
424 619 0
425 621 1
437 581 3
438 633 1
439 611 2
439 621 2
452 641 1
459 642 0
464 657 0
467 626 2
483 670 1
490 681 0
492 688 0
502 693 0
9 13 82 122
13 9 95 127
82 95 61 106
122 127 106 79

