75 4 4
0 108 2
3 201 0
3 202 0
6 154 3
8 192 2
26 218 0
57 228 0
68 215 2
71 155 1
88 250 0
91 159 1
98 174 3
107 265 1
124 176 3
155 353 1
176 372 1
183 327 3
199 372 1
242 417 3
244 380 1
253 359 0
279 373 0
285 445 3
310 480 3
311 441 1
311 401 0
325 465 1
334 432 2
338 459 0
345 544 0
351 494 1
352 521 1
362 472 2
365 535 2
366 548 0
404 591 1
413 562 3
416 557 2
424 623 0
437 627 1
445 631 1
469 624 0
478 591 2
511 601 3
532 696 0
539 708 1
544 702 0
552 719 1
553 750 0
555 722 1
560 732 1
561 748 1
565 760 0
575 759 1
597 724 3
610 804 0
612 737 3
613 808 0
617 783 3
619 811 0
620 644 2
634 807 1
636 832 3
640 832 3
648 818 1
651 849 0
656 837 3
661 710 2
689 861 0
690 867 3
701 891 0
711 819 2
711 853 1
716 897 1
717 905 2
31 76 42 56
76 57 118 132
42 118 10 14
56 132 14 10

