50 4 2
0 22 0
15 17 1
22 116 2
36 416 1
57 400 0
86 445 1
114 488 1
117 487 0
158 345 2
163 549 1
199 234 3
242 615 1
249 443 2
264 321 3
287 556 0
346 700 3
357 715 3
369 530 2
387 651 1
396 785 3
397 589 0
424 729 1
458 793 3
463 674 2
468 852 1
495 853 3
505 680 0
523 868 0
528 773 2
528 915 0
533 918 0
559 928 0
581 790 2
619 971 0
629 994 1
631 1012 1
638 1028 3
644 1030 3
646 1033 3
676 1050 0
684 1063 0
684 805 2
705 1048 1
706 945 2
710 1046 3
723 1078 1
725 994 2
781 1117 0
791 1043 2
792 1056 2
23 31 36 82
31 23 37 59
36 37 27 46
82 59 46 34

