75 4 2
0 16 2
6 251 0
10 328 0
45 211 3
107 162 2
129 450 0
134 503 0
168 491 2
174 313 1
188 578 0
206 357 1
239 328 3
301 448 1
344 706 3
359 747 1
391 772 1
476 721 3
479 776 1
498 827 3
549 834 1
561 918 0
612 985 0
615 855 3
615 967 3
644 945 1
661 988 0
669 985 1
683 993 2
695 1047 0
698 1057 0
718 1039 1
725 1083 1
726 1081 2
801 1153 2
819 1186 0
824 1138 1
840 1058 3
867 1237 2
883 1260 0
930 1175 1
948 1268 1
1015 1283 0
1056 1264 2
1070 1207 3
1081 1325 0
1097 1288 1
1099 1336 0
1104 1347 1
1114 1410 0
1117 1425 1
1124 1447 1
1143 1510 1
1186 1559 0
1212 1521 1
1216 1385 3
1217 1566 0
1224 1392 3
1229 1569 0
1231 1538 3
1260 1574 0
1263 1483 2
1272 1534 1
1288 1593 3
1294 1664 3
1304 1591 1
1314 1670 0
1370 1746 3
1373 1712 2
1396 1703 0
1417 1755 3
1418 1761 0
1428 1735 2
1431 1787 1
1443 1835 1
1443 1824 2
31 76 42 105
76 57 118 165
42 118 31 99
105 165 99 74

