75 4 1
0 284 2
0 92 0
58 623 0
92 598 3
108 515 2
136 759 0
160 940 0
165 890 2
206 982 1
219 982 0
221 1006 1
371 818 3
408 1170 1
418 910 3
450 1234 1
504 1264 1
536 976 3
630 1390 1
666 1019 3
799 1596 1
882 1474 0
910 1647 0
931 1371 3
962 1386 3
967 1738 1
977 1664 0
996 1788 1
1001 1701 2
1015 1802 0
1054 1850 0
1140 1819 1
1192 1874 1
1200 1904 2
1202 1930 2
1217 1968 0
1226 2024 1
1231 1509 3
1289 2051 2
1296 1974 0
1314 2058 1
1346 2134 1
1359 2029 0
1379 2067 2
1400 1982 3
1512 2261 0
1517 2181 1
1562 2344 0
1604 2259 1
1605 2344 0
1625 2403 1
1631 2411 1
1655 2426 1
1655 2348 0
1783 2568 1
1802 2188 3
1875 2563 0
1884 2405 3
1919 2609 0
1998 2741 3
2007 2690 0
2022 2330 2
2121 2686 1
2152 2859 3
2155 2923 3
2163 2844 1
2205 3000 0
2254 2980 3
2285 2483 2
2321 3011 0
2352 3060 3
2466 3229 0
2499 2931 2
2582 3151 1
2596 3321 1
2648 3400 2
14 12 108 40
27 69 20 182
52 15 16 112
51 12 9 76

