100 4 3
0 49 2
4 105 0
5 195 0
55 292 3
67 315 2
70 229 0
81 315 0
99 316 2
110 320 1
141 347 0
153 387 1
197 436 3
225 439 1
234 472 3
241 477 1
251 485 1
253 497 3
256 502 1
262 513 3
264 508 1
269 517 0
282 528 0
311 548 3
328 578 3
331 557 1
332 536 0
337 561 1
340 489 2
342 570 0
361 598 0
363 624 1
369 629 1
380 632 2
384 637 2
391 656 0
398 643 1
435 581 3
437 693 2
452 680 0
466 662 1
466 681 1
473 683 0
475 738 2
483 716 3
483 744 0
526 717 1
532 762 0
556 788 1
559 772 0
571 798 1
597 861 1
600 865 1
605 858 0
638 885 1
648 783 3
649 867 0
652 876 3
666 876 0
682 904 3
692 954 0
704 882 2
714 936 1
752 980 3
763 1012 3
791 940 1
796 976 0
813 1033 3
827 1087 2
856 1004 0
861 1078 3
867 1007 0
897 1143 2
906 1075 1
924 1182 1
927 1165 2
927 1164 3
940 1157 0
960 1186 0
973 1225 1
974 1207 2
974 1192 0
997 1256 1
1002 1258 1
1019 1249 2
1028 1289 2
1030 1294 2
1045 1299 2
1059 1202 3
1063 1252 3
1079 1320 2
1103 1353 3
1110 1243 0
1115 1276 0
1116 1379 1
1123 1365 3
1132 1329 0
1143 1392 3
1147 1404 1
1150 1413 1
1159 1407 0
36 17 31 35
17 18 14 52
75 72 54 42
33 30 42 5

