75 4 3
0 217 0
4 242 1
4 111 2
7 266 1
25 228 0
40 295 1
65 303 1
72 301 0
73 235 2
78 335 1
82 247 3
83 339 1
103 297 2
108 272 3
108 353 0
122 308 3
123 357 3
125 367 2
134 354 1
135 358 3
173 426 0
179 438 1
179 365 3
217 413 2
286 479 1
305 413 3
306 483 0
308 493 0
313 532 2
347 535 0
365 599 0
377 603 0
383 639 2
384 626 0
396 566 1
397 606 1
427 681 3
436 686 3
437 694 3
447 628 0
447 628 0
479 727 2
486 738 1
501 729 2
509 694 3
515 738 1
536 772 2
558 665 0
562 785 2
576 839 2
584 829 1
610 827 0
624 867 2
639 862 0
679 766 3
683 869 0
697 897 1
716 979 0
727 960 2
728 984 0
738 909 1
764 1014 0
780 860 3
785 1008 2
787 944 1
805 1057 2
808 981 1
823 1042 1
830 1032 0
862 1067 0
896 944 3
899 1088 0
915 972 3
920 1095 0
923 1168 0
30 48 40 40
48 36 60 88
40 60 21 28
40 88 28 21

