100 4 4
0 122 2
9 111 0
13 161 0
20 184 3
26 126 2
27 169 0
37 215 0
40 226 2
41 68 1
79 255 0
88 238 1
91 197 3
99 239 1
112 234 3
120 271 1
144 278 1
153 316 3
186 344 1
207 362 3
214 390 1
219 398 0
227 406 0
228 405 3
230 406 3
235 418 1
236 421 0
240 428 1
250 372 2
272 432 0
285 433 0
287 441 1
288 449 1
292 373 2
294 444 2
295 478 0
309 495 1
311 465 3
315 454 2
323 497 0
326 496 1
331 516 1
336 514 0
364 500 2
365 468 3
376 521 0
386 574 1
386 555 0
391 587 1
392 582 0
398 594 1
398 597 1
430 614 1
435 627 0
453 624 1
455 529 3
464 662 0
484 659 3
486 682 0
490 663 3
515 690 0
523 605 2
524 660 1
526 686 3
537 707 3
549 679 1
557 697 0
566 765 3
574 660 2
602 745 0
610 779 3
631 801 0
634 682 2
647 734 1
657 770 1
679 741 2
682 858 3
687 869 0
709 896 0
716 865 1
730 812 2
732 931 0
732 922 1
742 928 1
757 858 2
767 886 2
768 907 2
768 911 2
785 892 3
789 926 3
802 949 2
809 964 3
810 974 0
821 990 0
832 990 1
835 1002 3
847 1044 0
865 1032 3
870 1042 1
874 1061 1
874 1069 0
51 117 69 153
117 87 186 184
69 186 51 136
153 184 136 102

