50 4 4
0 110 2
3 177 0
33 221 0
35 39 3
58 137 2
61 238 0
70 245 0
77 216 2
81 156 1
83 245 0
98 288 1
123 260 3
132 291 1
135 312 3
172 341 1
180 356 1
191 383 3
198 370 1
201 399 3
208 392 1
211 372 0
214 409 0
214 408 3
217 413 3
219 409 1
237 415 0
268 464 1
279 359 2
282 472 0
299 489 0
302 501 1
309 501 1
318 419 2
335 506 2
366 513 0
387 549 1
394 462 3
410 568 2
453 651 0
455 630 1
464 660 1
490 663 0
496 671 2
521 603 3
522 682 0
522 692 1
536 735 0
545 714 1
549 736 0
556 755 1
8 1 15 35
1 22 14 34
88 80 10 14
102 94 14 18

