75 4 4
0 161 2
31 100 0
52 111 0
59 151 3
75 167 2
118 129 0
120 207 0
129 271 2
155 210 1
161 232 0
186 327 1
187 313 3
187 342 1
201 396 3
210 391 1
214 408 1
221 398 3
227 417 1
228 406 3
238 424 1
241 268 0
242 362 0
280 456 3
289 465 3
292 471 1
300 389 0
313 473 1
321 500 2
345 522 0
354 530 0
387 570 1
408 593 1
415 507 2
420 531 2
428 558 0
429 617 1
431 553 3
436 596 2
437 571 0
441 624 1
451 637 1
473 627 0
486 625 2
488 592 3
489 663 0
493 663 1
495 680 0
496 674 1
510 698 0
512 681 1
516 685 1
524 695 1
527 705 0
532 728 1
537 648 3
565 755 0
566 689 3
577 755 0
587 703 3
587 783 0
592 672 2
593 783 1
599 709 3
599 751 3
631 821 1
636 835 0
654 802 3
656 711 2
665 849 0
685 877 3
687 858 0
691 765 2
716 863 1
724 886 1
725 793 2
8 13 141 77
13 16 154 90
12 17 14 12
132 152 88 5

