100 4 1
0 21 0
35 659 2
66 212 3
74 564 3
123 574 1
169 960 3
221 885 2
245 407 0
282 805 0
359 811 0
375 1078 3
403 652 1
474 1264 2
540 1152 3
544 1286 0
569 1317 0
654 1326 0
761 1234 3
824 1405 0
838 1539 3
858 1565 2
925 1627 2
984 1558 0
989 1729 2
1030 1214 1
1111 1574 1
1112 1668 0
1114 1903 0
1160 1925 0
1370 2057 0
1405 1929 2
1484 2161 3
1496 2294 2
1525 1654 1
1543 2253 3
1566 2344 3
1576 2369 3
1588 2272 0
1636 2435 3
1668 2200 1
1754 2418 0
1913 2673 3
1945 2726 3
1992 2773 3
1993 2791 1
2000 2460 0
2078 2813 0
2080 2856 1
2241 2828 3
2249 2668 2
2336 2958 2
2337 2848 3
2358 3115 2
2388 3080 0
2463 3200 2
2487 3239 2
2498 3151 1
2568 3104 0
2600 3331 2
2609 3358 2
2738 3176 0
2778 3542 2
2824 3434 1
2864 3289 3
2906 3626 1
2970 3731 1
3043 3720 0
3086 3791 0
3117 3624 2
3120 3626 3
3182 3666 3
3220 3843 0
3281 4073 1
3282 3764 3
3310 3950 0
3386 3999 0
3391 4048 0
3432 4228 0
3470 4195 3
3515 4138 1
3517 4237 3
3637 3725 2
3689 4146 1
3713 4003 2
3770 4370 2
3772 4277 3
3853 4508 2
3880 4325 0
3911 4288 3
3934 4601 0
4007 4523 3
4058 4424 1
4123 4653 1
4182 4764 1
4197 4788 1
4255 4795 3
4259 4986 0
4312 5075 3
4386 5095 0
4444 5199 3
106 24 72 26
24 20 96 2
18 78 24 64
17 50 49 70

