75 4 1
0 597 0
115 457 1
322 624 2
380 542 1
382 1052 0
388 810 1
402 890 1
505 1273 0
559 694 2
595 1014 1
613 843 3
617 1333 1
654 1004 2
657 913 3
746 1437 0
774 1264 3
777 1411 3
807 1581 2
808 1402 1
905 1463 3
925 1610 0
970 1437 1
994 1504 3
1011 1654 2
1074 1487 1
1140 1555 3
1153 1702 0
1195 1765 0
1218 1725 2
1296 1842 0
1338 1946 0
1384 2079 0
1503 2029 2
1514 2191 0
1555 2093 1
1613 2284 1
1647 1656 3
1650 1911 3
1679 2425 3
1756 2294 0
1805 2390 0
1821 2368 2
1826 2567 1
1881 2590 2
1889 2496 3
1935 2654 1
1957 2727 2
2052 2637 0
2154 2892 2
2163 2893 2
2212 2875 1
2226 2790 0
2234 2906 2
2242 3004 0
2246 3027 3
2282 3054 0
2309 3037 1
2367 3131 0
2384 3136 2
2385 3160 0
2436 3184 1
2505 3263 0
2534 3221 3
2545 3217 2
2598 3309 1
2722 3260 2
2798 3331 1
2833 3506 1
2865 3370 0
2874 3402 0
2905 3696 3
2937 3674 0
2977 3710 3
3145 3816 0
3171 3963 0
4 124 37 22
131 31 68 169
4 151 22 23
38 53 163 46

