100 4 4
0 67 2
10 104 2
21 101 1
27 211 1
35 191 2
37 79 0
38 226 1
44 239 1
49 224 2
50 246 2
58 116 0
71 260 2
83 139 3
96 237 3
121 153 0
163 338 0
170 326 1
173 259 3
179 374 1
198 385 2
209 276 3
234 316 3
252 438 0
259 442 0
269 466 0
277 472 0
285 413 1
288 342 3
304 500 2
320 464 1
337 504 0
337 514 2
344 494 1
350 545 2
354 504 0
361 550 2
424 546 0
432 615 1
434 492 3
446 639 1
461 620 2
464 651 2
478 669 1
486 607 0
487 670 0
489 666 2
516 676 1
517 685 0
523 719 0
561 733 0
585 757 3
585 760 3
613 755 0
614 788 1
618 802 0
630 710 2
636 769 3
647 831 1
666 805 3
713 893 1
713 904 0
726 897 1
741 883 2
751 948 0
754 898 3
766 965 0
769 966 0
773 972 0
782 976 0
791 986 0
793 947 1
812 950 2
816 1005 1
824 1008 1
829 1010 2
832 1010 0
833 1028 3
877 1021 1
895 1028 0
925 1031 0
926 1102 3
927 1123 3
932 1095 0
935 1113 2
961 1134 2
962 1109 1
963 1135 2
978 1142 2
1007 1142 3
1018 1154 3
1040 1219 2
1040 1165 1
1042 1214 3
1047 1195 0
1070 1193 1
1073 1248 3
1075 1261 3
1121 1292 0
1129 1292 3
1139 1311 3
19 26 73 109
26 19 81 129
73 81 36 48
109 129 48 36

