50 4 4
0 156 2
3 127 0
6 181 0
6 145 3
9 171 2
11 201 0
29 206 0
60 229 2
71 198 1
74 219 0
91 211 1
94 213 3
101 277 1
110 302 3
127 299 1
158 356 1
179 338 3
186 370 1
202 363 3
245 387 1
247 302 0
256 327 0
282 423 3
288 443 3
313 508 1
314 389 0
314 508 1
328 362 2
337 476 0
341 518 0
348 538 1
354 540 1
355 382 2
365 485 2
368 544 0
369 545 1
407 586 3
416 505 2
419 579 0
427 606 1
440 617 1
448 580 0
472 516 2
481 613 3
514 586 0
535 620 1
542 718 0
547 730 1
555 740 0
556 744 1
13 65 1 14
78 70 51 165
3 34 40 60
92 63 98 30

