50 4 2
0 187 2
3 285 2
6 85 1
15 93 1
39 423 2
42 233 0
76 298 1
101 368 1
102 449 2
107 464 2
143 373 0
145 540 2
148 173 3
149 521 3
174 450 0
175 570 0
177 473 1
178 531 3
203 548 1
217 570 2
226 577 3
232 578 3
265 656 0
278 668 0
282 674 0
303 682 0
324 607 1
335 686 3
351 664 2
356 746 1
359 733 0
371 744 2
381 747 1
382 777 2
398 764 0
424 785 2
447 768 0
474 779 1
524 726 3
607 998 1
620 877 2
627 1019 2
640 1030 1
678 841 0
699 914 0
750 1033 2
786 1087 1
801 1145 0
820 1184 0
837 1216 0
14 170 8 7
119 36 28 29
76 97 45 43
84 80 16 22

