100 4 4
0 94 2
2 186 2
3 159 1
9 197 1
14 194 2
15 34 0
23 199 1
36 231 1
48 223 2
61 232 2
86 282 0
128 274 2
135 271 3
138 290 3
144 333 0
163 338 0
174 330 1
199 394 3
217 404 1
224 291 2
234 420 3
242 425 3
250 368 0
253 420 0
269 466 0
285 468 0
302 482 1
302 458 3
309 469 2
315 510 1
319 515 0
326 470 2
389 556 1
397 475 2
399 547 0
411 531 2
426 587 0
429 606 1
443 468 3
451 646 1
452 533 2
454 561 2
481 653 1
482 664 0
488 677 0
526 648 2
550 733 1
550 686 0
578 771 0
579 775 0
583 755 3
595 767 3
601 776 0
612 754 1
631 805 0
678 862 2
678 811 3
691 822 1
706 890 3
716 855 1
719 899 0
731 922 1
734 892 2
738 901 0
747 918 3
756 953 0
758 957 0
777 961 0
781 967 0
789 969 0
794 956 1
797 960 2
798 973 1
842 983 1
860 976 2
890 971 0
891 981 3
892 1059 1
897 1035 0
900 1057 0
926 993 3
927 1118 3
928 1097 0
943 1016 2
972 1033 2
983 1151 1
1005 1066 2
1005 1111 2
1007 1201 3
1012 1205 3
1035 1176 2
1038 1214 1
1040 1235 3
1086 1230 0
1094 1215 1
1104 1237 3
1115 1285 3
1132 1272 0
1161 1336 3
1200 1368 3
37 50 70 108
50 18 24 58
70 24 18 38
108 58 38 28

