75 4 1
0 469 2
8 581 2
49 755 1
91 781 1
113 819 2
145 636 0
155 857 1
160 943 1
183 852 2
203 880 2
206 943 0
238 991 2
289 950 3
336 1058 3
389 1029 0
490 1058 0
656 1238 1
682 1286 3
695 1354 1
721 1337 2
798 1395 3
841 1546 3
943 1498 0
1016 1796 0
1045 1829 0
1084 1842 0
1117 1683 1
1147 1850 3
1161 1787 2
1225 2006 1
1290 2039 0
1356 2102 2
1358 2091 1
1388 2178 2
1412 2145 0
1428 2211 2
1456 2241 0
1709 2285 1
1741 1867 3
1750 2419 1
1797 2389 2
1858 2502 2
1869 2580 1
1923 2526 0
1954 2734 0
1960 2527 2
1968 2657 1
2077 2805 0
2081 2839 0
2103 2878 0
2257 2894 3
2353 2923 3
2353 2956 0
2464 2711 1
2467 3217 0
2482 2853 2
2529 3069 3
2553 3113 1
2599 3364 3
2676 3163 1
2865 3597 0
2865 3202 1
2915 3062 2
2977 3685 0
3018 3661 3
3030 3704 0
3077 3864 0
3089 3877 0
3105 3903 0
3142 3909 0
3179 3858 1
3186 3480 2
3261 3936 1
3278 4054 1
3311 3482 2
8 56 150 4
1 15 69 44
165 15 24 148
8 93 63 11

