50 4 1
0 314 0
73 362 2
187 502 3
207 800 3
210 588 1
221 900 3
292 783 2
331 811 0
337 1023 0
409 1068 0
537 978 3
727 1046 1
790 907 2
791 1332 3
821 1222 0
827 1558 0
849 1626 0
898 1656 3
912 1694 0
931 1688 3
936 950 2
949 1596 2
1005 1779 0
1007 1609 2
1092 1232 1
1095 1454 1
1144 1780 0
1174 1912 0
1225 2014 0
1260 2017 0
1271 1713 2
1388 2156 3
1392 1795 2
1463 1829 1
1463 2188 3
1551 2342 3
1597 2387 3
1690 2112 0
1691 2433 3
1746 2093 1
1783 2382 0
1796 2544 3
1941 2613 3
2121 2702 3
2190 2891 1
2200 2907 0
2246 2948 0
2252 2992 1
2347 2810 3
2355 2769 2
33 49 54 44
49 36 79 83
54 79 12 16
44 83 16 12

