100 4 3
0 231 0
14 63 1
22 197 2
48 214 1
62 287 0
77 256 1
117 340 1
121 369 0
135 313 2
154 348 1
165 346 3
166 412 1
176 411 2
202 403 3
218 419 0
223 462 3
225 481 3
243 437 2
246 491 1
261 495 3
268 510 0
300 520 1
334 521 3
337 509 2
353 521 1
358 581 3
361 614 0
364 623 0
365 518 2
377 633 0
386 640 0
405 655 0
411 638 2
411 655 0
428 685 1
451 699 1
461 713 3
465 728 3
483 728 3
524 741 0
549 792 0
561 784 2
572 758 1
575 838 2
585 818 3
596 794 1
609 865 2
665 836 0
674 867 2
678 928 2
689 832 1
702 925 0
723 975 2
742 961 0
744 833 3
753 998 0
760 841 1
837 1011 0
838 1007 2
862 1013 0
871 1037 1
888 1134 0
906 934 3
907 1134 2
918 1176 1
933 1138 2
963 1197 1
965 1220 1
972 1171 0
975 1221 0
975 1023 3
981 1231 0
997 1131 3
1022 1282 0
1047 1305 0
1051 1204 2
1064 1257 1
1094 1334 1
1117 1335 0
1122 1360 2
1124 1381 2
1131 1345 1
1137 1390 2
1163 1245 3
1208 1425 1
1217 1340 0
1278 1420 3
1292 1522 3
1295 1476 1
1304 1418 2
1313 1540 1
1340 1525 3
1345 1572 3
1352 1603 3
1356 1547 1
1362 1620 1
1367 1380 0
1376 1625 2
1380 1642 3
1388 1630 2
59 7 70 23
131 80 153 25
75 29 30 87
62 38 147 47

