50 4 1
0 357 2
9 217 0
68 428 0
169 245 3
207 528 2
219 615 0
366 839 0
397 763 2
440 1148 1
467 1092 0
480 1182 1
507 1066 3
519 1279 1
531 1082 3
532 1302 1
544 1339 1
552 1189 3
622 1361 1
746 1393 3
790 1413 1
801 1581 0
870 1595 0
881 1657 3
910 1673 3
946 1436 1
1012 1607 0
1135 1793 1
1221 1623 2
1250 1821 0
1314 2028 0
1485 2231 1
1491 2232 1
1528 1897 2
1630 2075 2
1654 2177 0
1755 2510 1
1761 2252 3
1761 2401 2
1819 2356 0
1853 2588 1
1869 2616 1
1897 2516 0
1921 2479 2
1926 2345 3
1967 2666 0
1980 2660 1
1982 2722 0
2132 2706 1
2169 2882 0
2179 2723 1
8 1 15 39
1 22 14 38
72 80 10 3
40 53 45 13

