75 4 3
0 258 3
11 276 1
12 238 0
22 259 3
44 275 3
46 293 3
93 322 1
97 260 0
118 238 2
138 310 0
145 390 1
149 384 0
166 360 3
229 419 0
241 437 0
262 502 2
298 532 2
309 564 2
312 416 3
314 574 2
319 581 2
320 581 2
324 582 2
334 472 3
344 596 2
367 591 1
370 625 0
408 670 0
451 677 1
472 707 0
544 608 2
552 814 2
568 747 0
578 839 3
594 813 0
618 736 1
634 872 2
641 859 0
643 744 1
645 888 1
652 898 2
665 878 3
665 879 3
686 891 3
700 960 3
703 936 2
716 942 0
716 972 3
718 908 1
726 985 1
727 990 1
754 1017 2
761 973 0
779 980 0
782 1009 0
812 1007 1
824 1060 1
846 1034 0
874 976 3
875 1137 1
882 1145 1
899 1158 1
923 1179 1
936 1190 1
939 1090 2
971 1195 1
987 1202 3
1014 1259 1
1033 1265 1
1043 1228 3
1051 1307 1
1064 1326 3
1078 1308 1
1081 1324 1
1083 1171 0
21 28 41 72
28 21 43 84
41 43 30 113
72 84 113 54

