100 4 3
0 130 3
27 242 1
34 48 0
52 194 3
55 221 3
85 284 3
97 306 1
119 202 0
147 394 2
148 235 0
155 378 1
172 434 0
196 317 3
209 465 0
212 467 0
244 427 2
260 471 2
287 503 2
306 457 3
316 577 2
324 582 2
337 589 2
351 606 2
354 616 3
356 618 2
356 535 1
356 617 0
358 618 0
382 615 1
404 630 0
457 713 2
460 719 2
476 663 0
519 686 3
545 703 0
550 705 1
552 733 2
563 826 0
579 842 1
581 843 1
599 827 2
615 744 3
636 750 3
666 869 3
674 874 3
680 874 2
700 883 0
701 964 3
711 849 1
713 929 1
723 982 1
729 985 2
740 966 0
746 1000 0
758 1003 0
759 991 1
761 1017 1
817 1079 0
821 1043 3
825 1055 1
835 1078 1
848 1081 1
874 1091 1
886 1113 1
940 1115 2
944 1196 1
945 1140 3
947 1207 1
985 1210 1
993 1167 3
1002 1230 1
1024 1236 3
1025 1234 1
1038 1266 1
1051 1180 0
1083 1150 2
1094 1358 1
1102 1257 0
1116 1376 1
1133 1380 3
1152 1408 2
1159 1424 2
1164 1308 0
1194 1458 2
1198 1332 0
1205 1461 0
1207 1458 2
1207 1439 1
1209 1460 2
1219 1448 1
1232 1454 3
1240 1490 1
1242 1476 0
1253 1508 3
1261 1515 0
1277 1481 2
1285 1517 0
1292 1521 0
1295 1527 2
1297 1514 3
5 6 74 145
95 18 191 156
63 42 20 25
105 106 14 17

