50 4 3
0 149 2
44 206 2
58 307 1
67 322 1
85 212 2
97 244 0
105 335 1
127 344 1
129 366 2
143 406 2
185 432 0
211 474 2
212 287 3
215 309 3
235 432 0
240 436 0
248 428 1
261 366 3
269 493 1
277 511 2
279 508 3
281 516 3
287 450 0
303 491 0
305 538 0
327 557 0
343 603 1
344 566 3
348 511 2
372 617 1
373 581 0
375 537 2
376 626 1
393 612 2
394 634 0
396 615 2
396 655 0
413 645 1
422 650 3
428 689 1
432 626 2
454 635 2
463 715 1
466 700 0
480 739 0
494 743 2
501 749 1
512 755 0
515 777 0
517 777 0
21 74 18 21
74 48 56 95
121 185 6 77
44 108 77 6

