100 4 4
0 180 2
8 184 2
16 154 1
19 214 1
35 210 2
51 222 0
68 264 1
68 265 1
75 258 2
81 261 2
85 241 0
92 287 2
155 190 3
163 291 3
165 361 0
177 372 0
192 273 1
195 302 3
209 306 1
217 358 2
218 330 3
220 370 3
247 419 0
248 430 0
254 443 0
292 475 0
316 374 1
316 452 3
344 409 2
345 538 1
349 508 0
361 476 2
367 554 1
378 513 2
397 537 0
444 556 2
444 635 0
457 578 1
472 655 3
482 600 1
485 662 2
497 665 2
500 696 1
504 676 0
513 685 0
522 673 2
524 699 1
543 685 0
547 721 0
555 739 0
560 693 3
563 694 3
564 748 0
608 747 1
626 806 0
656 847 2
657 815 3
658 747 1
663 826 3
666 779 1
692 863 0
693 835 1
694 891 2
709 884 0
738 937 3
749 909 0
771 928 0
771 937 0
773 957 0
778 964 0
801 843 1
804 980 2
806 895 1
852 923 1
860 1022 2
870 1000 0
881 995 3
898 1017 1
927 1064 0
966 1140 0
974 1007 3
983 1163 3
997 1159 0
998 1161 2
1000 1175 2
1015 1093 1
1026 1193 2
1058 1196 2
1093 1221 3
1100 1257 3
1120 1311 2
1125 1294 1
1129 1297 3
1133 1194 0
1134 1328 1
1136 1316 3
1152 1317 3
1159 1205 0
1218 1348 3
1225 1395 3
25 10 126 53
121 5 74 132
70 64 1 113
20 53 79 5

