50 4 3
0 55 0
3 54 1
21 214 2
28 121 1
40 189 0
44 137 1
44 243 1
47 295 0
65 244 2
80 315 1
105 171 3
112 329 1
113 264 2
118 330 3
122 310 0
123 342 3
143 360 3
148 386 2
148 407 1
162 365 3
163 373 0
165 420 1
174 412 3
175 404 2
213 423 1
219 476 3
219 384 0
257 454 0
326 425 2
345 530 0
346 573 0
348 579 0
353 528 2
387 612 0
405 584 1
417 640 1
423 510 3
424 672 3
436 682 3
437 672 0
467 706 0
476 595 2
477 672 1
487 743 2
487 732 3
519 705 1
526 760 2
541 783 0
549 769 2
555 778 2
26 14 42 2
26 28 72 45
135 106 36 50
87 146 23 34

