75 4 3
0 198 0
38 151 1
107 207 2
126 179 1
127 349 0
129 269 1
134 296 1
168 423 0
186 230 2
198 337 1
204 280 3
205 443 1
217 333 2
218 303 3
248 477 0
257 419 3
258 468 3
268 525 2
268 465 1
300 485 3
307 534 0
322 477 1
330 499 3
336 549 2
357 494 1
379 517 3
383 565 0
397 586 0
405 573 2
431 612 0
445 647 0
460 691 0
500 675 2
504 729 0
518 697 1
537 760 1
548 551 3
549 636 3
559 807 3
585 763 0
601 795 0
606 787 2
608 854 1
626 861 2
629 830 3
644 883 1
651 907 2
683 877 0
717 962 2
720 962 2
736 956 1
741 928 0
744 967 2
747 1000 0
748 1007 3
760 1016 0
769 1011 1
788 1042 0
794 1044 2
794 1051 0
811 1059 1
834 1086 0
844 1072 3
848 1071 2
866 1102 1
907 1085 2
932 1109 1
944 1167 1
955 1122 0
958 1133 0
968 1231 3
979 1224 0
992 1235 3
1048 1271 0
1057 1320 0
7 122 40 38
145 47 87 180
7 164 33 40
63 30 151 69

