50 4 3
0 265 2
2 64 0
4 116 0
13 193 3
66 297 2
69 164 0
73 263 0
114 364 2
116 122 1
146 351 0
150 268 1
162 231 3
172 291 1
178 284 3
181 312 1
201 358 1
235 356 3
248 483 1
252 459 3
301 534 1
311 496 0
325 540 0
334 586 3
338 594 3
347 577 1
351 615 0
355 600 1
355 570 2
359 618 0
362 620 0
385 621 1
426 627 1
441 598 2
445 624 2
468 721 0
472 635 1
482 618 3
494 692 2
516 734 0
557 690 1
586 776 1
596 833 0
617 865 2
674 710 3
676 835 0
688 818 1
722 956 0
730 930 1
764 965 0
766 945 1
58 78 139 94
78 15 61 20
139 61 33 45
94 20 45 15

