100 4 1
0 658 2
5 407 0
46 617 0
59 773 3
61 807 2
211 691 0
248 953 0
258 861 2
290 357 1
344 999 0
376 1008 1
470 1090 3
506 1211 1
639 1358 3
722 1365 1
750 1467 1
771 1482 3
802 1506 1
807 1541 3
817 1558 1
836 1205 0
841 1286 0
855 1610 3
894 1629 3
980 1727 1
1032 1651 0
1040 1739 1
1042 1178 2
1057 1737 0
1066 1806 0
1071 1784 1
1129 1881 1
1136 1815 2
1154 1830 2
1186 1873 0
1199 1912 1
1219 1762 3
1240 2025 2
1352 2114 0
1357 2070 1
1402 2186 1
1444 2204 0
1445 2054 2
1465 1846 3
1471 2231 0
1495 2292 1
1495 2232 0
1623 2394 1
1642 2329 0
1715 2507 1
1724 2511 1
1759 2555 1
1838 2412 0
1847 2575 1
1862 2613 3
1961 2560 0
1992 2790 3
1995 2757 0
2003 2791 3
2045 2794 0
2094 2494 2
2125 2669 1
2161 2825 3
2192 2974 3
2306 2752 1
2339 2994 0
2422 3161 3
2436 2945 2
2488 3266 0
2529 3245 3
2615 3330 0
2629 3284 2
2647 3327 1
2736 3494 1
2763 3464 2
2818 3474 3
2828 3400 0
2829 3493 0
2868 3648 1
2928 3592 2
2968 3739 0
2972 3665 1
2973 3758 1
3043 3731 2
3058 3748 2
3110 3853 2
3137 3905 2
3142 3823 3
3186 3981 3
3229 3955 2
3240 4003 3
3289 3858 0
3360 4085 0
3381 4133 1
3397 4188 3
3399 4126 0
3419 4194 3
3446 4176 1
3480 4191 1
3492 4128 0
71 95 169 136
95 51 120 69
169 120 62 83
136 69 83 51

