75 4 2
0 64 2
35 353 0
97 418 0
119 393 3
124 157 2
158 527 0
164 554 0
178 329 2
196 285 1
229 591 0
291 679 1
334 403 3
349 704 1
381 512 3
466 769 1
469 850 1
488 733 3
539 868 1
551 752 3
602 887 1
605 962 0
605 978 0
634 874 3
651 1003 3
659 960 1
673 1000 0
685 1001 1
688 998 2
708 1060 0
715 1074 0
716 1037 1
791 1149 1
809 1164 2
814 1166 2
830 1197 0
857 1171 1
873 1091 3
920 1290 2
938 1199 0
1005 1382 1
1046 1413 1
1060 1433 0
1071 1380 2
1087 1256 3
1089 1438 0
1094 1434 1
1104 1474 0
1107 1463 1
1114 1490 0
1133 1472 1
1176 1483 1
1202 1540 1
1206 1549 0
1207 1563 1
1214 1360 3
1219 1611 0
1221 1444 3
1250 1631 0
1253 1499 3
1262 1654 0
1278 1439 2
1284 1664 1
1294 1514 3
1304 1608 3
1360 1740 1
1363 1761 0
1386 1682 3
1407 1518 2
1408 1776 0
1418 1803 3
1421 1817 0
1433 1783 2
1433 1826 1
1497 1843 1
1507 1857 2
21 29 87 107
29 21 116 134
87 116 43 58
107 134 58 43

