75 4 2
0 145 0
3 128 2
51 198 3
55 239 3
74 443 1
94 248 3
113 199 2
135 529 0
141 536 0
156 551 0
199 348 3
202 508 1
212 239 2
222 593 3
225 599 0
242 612 0
258 652 0
262 644 3
287 686 0
310 665 3
336 610 2
348 737 2
366 747 0
404 761 2
412 622 1
426 708 1
462 774 0
495 809 0
497 865 0
509 882 0
552 850 2
606 936 3
637 931 2
644 873 1
654 999 3
688 1034 3
718 1097 3
721 977 0
742 1138 3
782 973 1
783 1007 0
784 1183 3
807 1187 3
912 1226 3
930 1087 1
969 1359 0
975 1365 0
990 1389 1
999 1229 3
1010 1147 2
1015 1382 2
1021 1300 3
1045 1433 2
1061 1372 0
1104 1482 2
1184 1530 2
1200 1568 1
1223 1403 0
1223 1599 2
1226 1600 2
1265 1484 0
1266 1648 2
1346 1651 1
1350 1562 3
1394 1754 1
1395 1775 1
1405 1743 0
1420 1772 0
1457 1710 2
1469 1722 3
1475 1786 3
1510 1906 0
1526 1846 1
1531 1837 3
1595 1923 0
8 216 200 97
25 66 106 94
74 111 74 16
70 194 95 3

