50 4 1
0 31 3
44 206 1
82 85 0
93 527 3
130 620 3
139 804 3
175 856 1
209 678 0
287 581 2
303 1093 0
332 966 1
393 1168 0
431 1126 3
441 1184 0
455 1211 0
475 938 2
531 1168 2
551 1204 2
632 1325 3
726 1504 2
745 1544 2
787 1555 2
809 1592 2
842 1546 3
845 1633 2
874 972 1
939 1304 0
946 1357 0
1087 1589 1
1099 1871 0
1161 1688 2
1220 1889 2
1240 1933 0
1251 1863 3
1302 1971 0
1492 2177 1
1528 2295 2
1592 2142 0
1699 2335 1
1732 2384 1
1740 2526 2
1747 2384 3
1762 2444 3
1766 2544 3
1777 2545 3
1807 2596 2
1836 2205 0
1906 2587 3
1916 2496 1
2029 2737 1
3 4 20 11
4 5 16 15
14 5 3 1
13 4 1 27

