50 4 2
0 347 3
21 239 1
32 403 0
49 379 3
50 428 3
64 453 3
97 496 1
101 440 0
171 235 2
177 498 0
208 564 1
237 585 0
247 471 3
252 624 0
278 646 0
373 726 2
391 753 2
423 776 2
477 499 3
493 877 2
497 888 2
501 895 2
509 895 2
511 547 3
516 899 2
531 806 1
546 699 0
581 814 0
586 904 1
643 814 0
708 925 2
740 991 2
847 1173 0
859 1086 3
883 1276 0
898 1216 1
922 1263 2
958 1347 0
982 1361 1
992 1376 1
996 1390 2
999 1183 3
1010 1350 3
1030 1384 3
1030 1424 3
1062 1455 2
1084 1414 0
1089 1447 3
1109 1437 1
1110 1475 1
17 123 31 12
17 11 36 112
21 33 0 30
138 71 65 48

