50 4 1
0 374 2
6 570 2
12 171 1
30 186 1
78 847 2
84 466 0
151 595 1
200 734 1
202 896 2
213 928 2
286 747 0
289 1080 2
295 345 3
297 1041 3
347 900 0
349 1140 0
354 947 1
355 1061 3
406 1096 1
434 1140 2
453 1155 3
466 1159 3
532 1315 0
558 1338 0
566 1350 0
607 1365 0
649 1215 1
671 1374 3
703 1329 2
713 1494 1
718 1467 0
741 1487 2
761 1494 1
764 1554 2
796 1529 0
847 1570 2
894 1536 0
947 1557 1
1048 1452 3
1214 1997 1
1240 1754 2
1253 2038 2
1279 2059 1
1356 1682 0
1399 1830 0
1501 2068 2
1574 2177 1
1603 2292 0
1642 2370 0
1675 2433 0
14 170 8 7
119 36 28 29
76 97 45 43
84 80 16 22

