100 4 4
0 92 3
5 83 1
15 124 0
15 187 3
31 190 3
42 215 3
44 142 1
54 215 0
54 65 2
55 241 0
61 144 1
62 259 0
82 275 3
88 261 0
101 268 0
103 274 2
125 316 2
134 330 2
150 309 3
171 341 2
172 366 2
177 366 2
190 382 2
208 405 3
218 388 2
220 365 1
244 354 0
256 433 0
276 473 1
290 486 0
297 462 2
303 482 2
312 494 0
323 405 3
325 510 0
326 486 1
326 487 2
326 522 0
328 503 1
346 516 1
363 555 2
403 546 3
405 599 3
417 615 3
449 646 3
468 627 2
472 623 0
473 650 3
481 622 1
493 690 1
494 692 1
507 669 2
519 714 0
535 727 0
558 728 0
564 755 1
568 760 1
583 780 0
584 751 3
592 765 1
593 776 1
600 789 1
605 801 1
613 812 1
617 733 2
626 822 1
627 813 3
628 827 1
670 868 1
673 865 3
676 872 1
684 876 3
694 885 1
713 906 1
722 881 0
762 782 2
765 962 1
766 926 0
767 964 1
796 940 3
802 858 2
808 863 2
824 1014 0
824 865 2
833 1027 0
843 1031 0
867 919 2
875 1063 1
881 990 2
891 1073 1
904 958 3
918 1105 1
924 1096 0
928 1033 3
950 1105 0
953 1132 2
958 1136 0
959 1152 0
959 1151 2
960 1147 3
8 23 145 163
23 23 122 140
52 73 2 94
13 4 73 20

