75 4 1
0 14 0
30 390 2
81 328 3
116 898 3
127 806 1
244 1001 3
248 895 2
319 409 0
319 1093 0
407 1145 0
453 1242 3
546 940 1
547 1246 2
602 1359 3
639 1407 0
652 1443 0
797 1461 0
977 1500 3
1046 1498 0
1056 1759 3
1102 1351 2
1108 1898 2
1203 1501 0
1211 1953 2
1248 1595 1
1289 1888 1
1326 1583 0
1369 2117 0
1381 2121 0
1411 2200 0
1498 2263 2
1505 1826 3
1525 2323 2
1545 1978 1
1551 1973 3
1586 2296 3
1617 2395 3
1625 2388 0
1674 2411 3
1720 2343 1
1772 2460 0
1796 2412 3
1833 2580 3
1910 2600 3
1926 2475 1
1954 2646 0
2025 2784 0
2091 2604 1
2095 2674 3
2120 2616 2
2205 2998 2
2312 2694 3
2375 3059 2
2389 2858 0
2409 3208 2
2476 3236 2
2535 2868 1
2540 2937 0
2581 3362 2
2662 3443 2
2663 3461 0
2665 3457 2
2711 3193 1
2921 3288 3
2956 3297 1
3035 3675 1
3047 3486 0
3076 3689 0
3094 3529 2
3117 3496 3
3127 3601 3
3139 3693 0
3187 3730 1
3219 3679 3
3305 3962 0
55 21 200 182
21 18 179 161
19 48 40 20
39 28 20 12

