75 4 3
0 155 2
3 193 2
17 251 1
31 260 1
38 273 2
49 212 0
52 285 1
54 314 1
62 284 2
69 294 2
70 315 0
81 331 2
98 317 3
114 354 3
132 344 0
166 354 0
221 414 1
230 431 3
234 453 1
243 447 2
269 467 3
283 517 3
317 501 0
341 600 0
351 612 0
364 616 0
375 563 1
385 619 3
390 598 2
411 670 1
433 682 0
455 703 2
456 699 1
466 728 2
474 717 0
479 739 2
488 749 0
572 763 1
583 625 3
586 808 1
602 799 2
622 836 2
626 862 1
644 844 0
654 913 0
656 844 2
659 888 1
695 937 0
696 948 0
703 960 0
754 965 3
786 975 3
786 986 0
823 905 1
824 1073 0
829 952 2
845 1024 3
853 1039 1
868 1122 3
894 1055 1
957 1200 0
957 1069 1
974 1022 2
995 1230 0
1009 1223 3
1013 1237 0
1029 1290 0
1033 1295 0
1038 1303 0
1050 1305 0
1062 1287 1
1064 1162 2
1089 1313 1
1095 1353 1
1106 1162 2
15 80 148 12
3 29 75 38
179 34 48 142
19 94 82 21

