75 4 2
0 327 0
5 363 1
5 166 2
10 399 1
36 341 0
58 442 1
96 454 1
106 451 0
108 353 2
115 502 1
121 369 3
123 508 1
153 445 2
161 408 3
161 530 0
182 462 3
183 535 3
187 552 2
200 531 1
202 538 3
258 639 0
268 658 1
269 548 3
327 622 2
431 722 1
460 623 3
461 727 0
464 742 0
471 800 2
523 806 0
550 903 0
568 909 0
577 963 2
579 943 0
597 853 1
598 913 1
643 1025 3
657 1033 3
659 1046 3
674 946 0
675 947 0
723 1097 2
733 1112 1
756 1099 2
768 1046 3
776 1112 1
807 1162 2
840 1001 0
846 1182 2
867 1262 2
878 1246 1
917 1244 0
938 1304 2
961 1296 0
1021 1152 3
1027 1307 0
1048 1348 1
1077 1473 0
1094 1445 2
1095 1480 0
1109 1366 1
1148 1525 0
1172 1293 3
1180 1516 2
1182 1418 1
1210 1590 2
1214 1474 1
1237 1567 1
1248 1551 0
1296 1605 0
1347 1419 3
1352 1637 0
1376 1462 3
1383 1647 0
1387 1755 0
22 33 30 36
33 24 63 69
30 63 10 14
36 69 14 10

