75 4 2
0 142 2
0 46 0
29 311 0
46 299 3
54 257 2
68 379 0
80 470 0
83 445 2
103 491 1
110 491 0
111 503 1
186 409 3
204 585 1
209 455 3
225 617 1
252 632 1
268 488 3
315 695 1
333 509 3
400 798 1
441 737 0
455 823 0
466 686 3
482 694 3
484 869 1
489 832 0
499 895 1
502 852 2
509 902 0
528 926 0
571 910 1
597 938 1
601 953 2
602 966 2
609 984 0
614 1013 1
616 755 3
645 1026 2
648 987 0
657 1029 1
673 1067 1
679 1014 0
689 1033 2
699 990 3
755 1129 0
758 1090 1
781 1172 0
802 1129 1
803 1172 0
813 1202 1
816 1206 1
828 1213 1
828 1174 0
892 1284 1
902 1095 3
939 1283 0
944 1204 3
962 1307 0
1001 1372 3
1005 1346 0
1013 1167 2
1063 1345 1
1079 1432 3
1081 1465 3
1085 1425 1
1106 1503 0
1130 1493 3
1145 1244 2
1163 1508 0
1178 1532 3
1235 1616 0
1251 1467 2
1292 1576 1
1299 1661 1
1325 1701 2
14 12 108 40
27 69 20 182
52 15 16 112
51 12 9 76

