100 4 4
0 55 0
9 48 2
20 65 3
23 158 3
30 76 1
52 233 3
54 107 2
59 90 0
64 110 0
66 222 0
75 272 3
83 249 1
85 125 2
97 272 3
109 306 0
122 307 0
128 315 0
137 305 3
156 331 0
160 336 3
167 268 2
185 315 2
201 339 0
202 347 2
208 332 1
229 351 1
256 355 0
272 427 0
275 450 0
280 465 0
297 412 2
312 415 3
313 452 2
323 520 1
343 534 3
343 542 3
344 542 3
356 468 0
408 579 3
417 534 1
437 636 0
440 606 3
447 637 3
452 647 3
458 653 1
461 660 0
464 662 0
476 675 1
484 665 3
505 636 2
545 700 2
553 706 3
565 708 2
565 670 0
567 727 2
587 767 2
588 692 1
628 742 0
630 780 2
652 815 2
652 763 0
657 823 2
665 794 1
684 775 3
690 822 1
693 838 1
710 814 0
718 865 0
720 855 2
752 933 3
762 952 3
774 878 0
784 961 1
794 982 3
810 920 0
828 1027 0
839 1037 0
847 1040 0
848 1019 3
863 1001 1
872 1023 3
887 1058 2
887 1007 1
894 1070 2
913 1103 2
914 1107 3
924 1103 2
933 1054 0
944 1138 3
945 1132 0
975 1138 3
988 1074 1
994 1185 1
1008 1200 1
1008 1202 1
1028 1167 3
1035 1156 0
1043 1193 3
1049 1246 0
1067 1235 3
106 24 72 91
24 20 96 115
60 120 24 79
139 199 79 18

