75 4 2
0 276 2
24 419 2
27 140 1
61 146 1
86 422 2
87 147 0
92 355 1
128 362 1
130 483 2
133 486 2
134 379 0
159 510 2
160 506 3
162 553 3
163 497 0
188 526 0
202 377 1
211 579 3
217 530 1
250 526 2
263 639 3
267 657 3
288 638 0
309 652 0
320 712 0
336 715 0
341 624 1
344 695 3
356 669 2
366 756 1
367 741 0
383 756 2
409 775 1
432 766 2
459 744 0
509 904 2
592 848 0
605 971 1
612 973 3
625 1016 1
663 920 2
684 1076 2
735 1023 1
771 909 0
786 990 0
805 1139 2
822 1118 1
837 1078 0
844 1166 0
876 1231 0
909 1210 3
942 1332 3
943 1244 0
958 1302 1
970 1334 0
978 1357 2
992 1358 3
1119 1392 1
1135 1522 3
1140 1458 1
1163 1393 0
1194 1479 1
1200 1407 2
1227 1528 0
1243 1618 3
1246 1628 0
1250 1643 0
1304 1648 0
1306 1651 0
1317 1668 0
1394 1486 1
1442 1544 2
1442 1552 1
1497 1639 1
1498 1545 2
40 55 54 115
55 38 51 60
54 51 38 61
115 60 61 45

