50 4 2
0 343 0
29 307 1
57 87 2
60 317 1
101 460 0
106 480 1
142 512 1
185 571 0
192 227 2
207 580 1
230 424 3
289 643 1
300 399 2
312 639 3
330 649 0
339 669 3
340 698 3
367 528 2
401 665 1
406 795 3
411 716 0
438 755 1
448 832 3
466 533 2
471 829 1
471 858 3
476 724 0
502 799 0
524 673 2
562 841 0
572 914 0
574 921 0
581 844 2
587 925 0
589 858 1
619 954 1
627 1000 3
627 1012 3
648 1017 3
649 929 0
653 1005 0
666 1031 2
668 999 1
724 1060 2
734 1115 3
735 1125 1
793 1072 2
897 1192 0
926 1217 2
927 1256 2
53 29 2 29
29 16 27 58
39 58 20 48
9 10 48 8

