50 4 4
0 93 2
2 143 2
3 42 1
8 47 1
20 212 2
22 117 0
39 150 1
51 184 1
52 225 2
55 233 2
73 188 0
74 271 2
76 88 3
77 263 3
89 227 0
90 287 0
91 239 1
91 267 3
104 276 1
111 287 2
116 291 3
119 292 3
135 330 0
142 330 0
144 339 0
154 350 0
165 311 1
171 307 3
179 309 2
181 333 1
182 371 0
188 329 2
193 368 1
194 350 2
202 397 0
215 402 2
227 413 0
240 423 1
265 383 3
307 474 1
314 409 2
317 439 2
323 520 1
342 416 0
353 481 0
378 443 2
396 579 1
403 583 0
413 608 0
421 617 0
21 172 18 20
108 55 41 23
67 109 68 32
61 66 0 32

