75 4 4
0 3 0
8 98 2
21 82 3
30 225 3
33 202 1
62 251 3
63 224 2
81 103 0
81 274 0
103 287 0
114 311 3
137 235 1
137 311 2
151 340 3
160 352 0
163 360 0
199 365 0
244 374 3
261 374 0
263 438 3
274 336 2
275 472 2
299 404 0
301 486 2
310 396 1
320 469 1
329 516 0
340 516 0
343 518 0
350 535 0
372 487 2
374 477 3
379 518 2
384 581 1
386 577 3
395 594 3
403 597 3
405 595 0
417 601 3
429 584 1
442 614 0
448 602 3
457 643 3
476 648 3
480 617 1
487 660 0
505 694 0
521 649 1
522 666 3
528 652 2
549 747 2
576 671 3
592 763 2
595 712 0
600 799 2
617 807 2
632 715 1
633 732 0
643 838 2
663 858 2
663 862 0
664 858 2
676 734 1
728 849 3
737 883 1
757 912 1
760 887 0
767 956 0
772 945 2
778 860 3
781 965 3
784 972 0
796 959 1
804 986 3
825 983 0
27 10 180 171
10 9 170 161
7 27 20 10
17 17 10 6

