100 4 2
0 10 0
17 329 2
33 106 3
37 282 3
62 287 1
85 480 3
111 443 2
123 204 0
141 402 0
179 405 0
187 538 3
201 325 1
237 632 2
270 576 3
272 643 0
284 658 0
327 663 0
381 617 3
412 702 0
419 769 3
429 782 2
463 814 2
493 780 0
496 866 2
517 609 1
557 788 1
558 836 0
559 953 0
582 964 0
687 1030 0
705 967 2
744 1082 3
750 1149 2
765 829 1
774 1129 3
785 1174 3
790 1186 3
796 1138 0
820 1219 3
836 1102 1
879 1211 0
959 1339 3
975 1365 3
998 1388 3
998 1397 1
1001 1231 0
1040 1407 0
1041 1429 1
1121 1414 3
1125 1334 2
1169 1480 2
1170 1425 3
1180 1558 2
1195 1541 0
1232 1600 2
1244 1620 2
1250 1576 1
1285 1553 0
1301 1666 2
1306 1680 2
1370 1589 0
1390 1772 2
1413 1718 1
1433 1645 3
1454 1814 1
1486 1866 1
1522 1860 0
1543 1895 0
1558 1811 2
1560 1813 3
1591 1833 3
1610 1921 0
1641 2037 1
1641 1882 3
1655 1975 0
1693 1999 0
1696 2024 0
1716 2114 0
1735 2097 3
1757 2068 1
1758 2118 3
1818 1862 2
1844 2072 1
1856 2001 2
1885 2185 2
1886 2138 3
1927 2254 2
1941 2163 0
1957 2145 3
1968 2301 0
2004 2262 3
2030 2213 1
2063 2328 1
2092 2383 1
2100 2395 1
2129 2399 3
2131 2494 0
2157 2538 3
2194 2548 0
2223 2600 3
71 16 88 25
16 13 104 9
17 57 16 71
3 42 50 46

