75 4 2
0 35 2
12 407 2
15 40 1
18 390 1
27 422 2
51 164 0
54 390 1
88 441 1
113 458 2
114 467 2
119 364 0
155 506 2
157 503 3
160 551 3
161 495 0
186 524 0
187 555 1
189 565 3
190 580 1
215 565 2
229 572 3
238 630 3
244 536 0
277 550 0
290 550 0
294 599 0
315 694 1
336 687 3
347 660 2
363 753 1
368 742 0
371 744 2
383 778 1
393 759 2
394 755 0
410 801 2
436 828 0
459 793 1
486 782 3
536 858 1
619 974 2
632 1022 2
639 922 1
652 877 0
690 991 0
711 1055 2
762 1126 1
798 1177 0
813 1179 0
832 1219 0
849 1167 3
864 1239 3
871 1253 0
903 1146 1
936 1302 0
969 1097 2
970 1324 3
985 1306 1
997 1334 3
1005 1398 1
1019 1363 0
1146 1491 1
1162 1444 2
1167 1365 0
1190 1492 3
1221 1535 0
1227 1551 0
1254 1605 0
1270 1618 0
1273 1641 0
1277 1544 1
1331 1447 2
1333 1596 1
1344 1712 1
1421 1699 2
45 137 78 61
137 102 215 198
78 215 21 29
61 198 29 21

