75 4 1
0 243 0
85 441 2
88 181 3
137 497 3
167 414 1
218 1000 3
253 932 2
264 376 0
381 1138 0
385 1159 0
456 1058 3
456 596 1
544 1180 2
590 1328 3
683 1472 0
684 1475 0
739 1529 0
776 1388 3
789 1531 0
934 1533 3
1114 1371 2
1183 1931 2
1193 1865 0
1239 1940 2
1245 1394 1
1340 2047 1
1348 1869 0
1385 1871 0
1426 1980 0
1463 2043 0
1506 2002 2
1518 2007 3
1548 2170 2
1635 2337 1
1642 2216 3
1662 2402 3
1682 2471 3
1688 2453 0
1723 2521 3
1754 2464 1
1762 2540 0
1811 2574 3
1857 2594 3
1909 2597 3
1933 2486 1
1970 2573 0
2047 2635 0
2063 2679 1
2091 2838 3
2162 2759 2
2228 2888 2
2232 2922 3
2257 2949 2
2342 3101 0
2449 2962 2
2512 3091 2
2526 3022 1
2546 3339 0
2613 3297 2
2672 3471 2
2677 3341 0
2718 3478 2
2799 3132 1
2800 3197 3
2802 3187 1
2848 3239 1
3058 3477 0
3093 3485 0
3172 3800 2
3184 3498 3
3213 3994 3
3231 4012 0
3254 4052 1
3264 3999 3
3276 4052 0
22 30 81 160
30 22 91 130
81 91 60 89
160 130 89 66

