100 4 3
0 90 2
14 139 2
28 134 1
35 280 1
46 254 2
49 105 0
51 301 1
59 318 1
66 298 2
67 328 2
78 156 0
95 347 2
111 185 3
129 317 3
163 206 0
218 452 0
227 435 1
231 345 3
240 499 1
266 515 2
280 370 3
314 423 3
338 586 0
348 591 0
361 623 0
372 632 0
382 552 1
387 459 3
408 669 2
430 621 1
452 674 0
453 689 2
463 663 1
471 730 2
476 676 0
485 737 2
569 731 0
580 823 1
583 661 3
599 856 1
619 830 2
623 872 2
641 895 1
651 812 0
653 896 0
656 891 2
692 906 1
693 917 0
700 961 0
751 980 0
783 1012 3
783 1016 3
820 1009 0
821 1052 1
826 1070 0
842 948 2
850 1027 3
865 1110 1
891 1076 3
954 1194 1
954 1209 0
971 1199 1
992 1181 2
1006 1268 0
1010 1202 3
1026 1291 0
1030 1292 0
1035 1299 0
1047 1305 0
1059 1319 0
1061 1266 1
1086 1269 2
1092 1344 1
1103 1348 1
1110 1350 2
1114 1351 0
1116 1375 3
1175 1367 1
1198 1375 0
1238 1380 0
1240 1474 3
1242 1503 3
1249 1466 0
1254 1490 2
1288 1519 2
1290 1486 1
1292 1521 2
1313 1531 2
1352 1532 3
1367 1548 3
1397 1635 2
1397 1563 1
1399 1627 3
1405 1602 0
1435 1598 1
1440 1673 3
1442 1690 3
1504 1732 0
1515 1731 3
1529 1758 3
10 14 69 93
14 10 79 103
69 79 18 24
93 103 24 18

