50 4 3
0 104 0
24 120 2
62 166 3
69 266 3
70 195 1
74 300 3
98 261 2
111 270 0
113 341 0
137 356 0
180 326 3
243 349 1
264 302 2
264 443 3
274 407 0
276 519 0
283 541 0
299 551 3
304 564 0
310 561 3
312 316 2
316 531 2
335 592 0
336 536 2
364 410 1
365 484 1
381 592 0
391 636 0
408 670 0
420 672 0
424 571 2
463 718 3
464 598 2
488 609 1
488 729 3
517 780 3
532 794 3
563 703 0
563 809 3
581 696 1
593 792 0
597 845 3
645 868 3
705 898 3
728 961 1
731 966 0
746 979 0
748 994 1
780 934 3
783 920 2
33 49 54 44
49 36 79 83
54 79 12 16
44 83 16 12

