75 4 2
0 358 0
0 161 1
5 210 2
31 295 1
53 442 0
91 396 1
101 418 1
103 487 0
110 319 2
116 474 1
118 293 3
148 493 1
156 401 2
156 473 3
177 564 0
178 475 3
182 524 3
195 428 2
197 518 1
253 527 3
263 567 0
264 611 1
322 585 3
426 676 2
455 793 1
456 725 3
459 620 0
466 801 0
518 891 2
545 814 0
563 855 0
572 942 0
574 928 2
592 951 0
593 886 1
638 1023 1
652 765 3
654 946 3
669 1038 3
670 1022 0
718 1083 0
728 1059 2
751 1033 1
763 1099 2
771 1152 3
802 1192 1
835 1114 2
841 1136 0
862 1153 2
873 1202 2
912 1195 1
933 1286 0
956 1275 2
1016 1311 0
1022 1218 3
1043 1322 0
1072 1215 1
1089 1419 0
1090 1329 2
1104 1431 0
1143 1381 1
1167 1494 0
1175 1462 3
1177 1416 2
1205 1546 1
1209 1595 2
1232 1596 1
1243 1625 1
1291 1667 0
1342 1684 0
1347 1714 3
1371 1758 0
1378 1752 3
1382 1761 0
1386 1781 0
23 14 39 26
14 24 25 12
91 130 16 30
61 100 30 42

