100 4 1
0 271 2
41 418 2
83 403 1
105 842 1
137 763 2
147 318 0
152 905 1
175 955 1
195 895 2
198 982 2
230 465 0
281 1039 2
328 553 3
381 947 3
482 612 0
648 1351 0
674 1300 1
687 1032 3
713 1494 1
790 1539 2
833 1103 3
935 1263 3
1008 1754 0
1037 1770 0
1076 1866 0
1109 1892 0
1139 1653 1
1153 1370 3
1217 2002 2
1282 1858 1
1348 2017 0
1350 2061 2
1380 1983 1
1404 2184 2
1420 2023 0
1448 2206 2
1701 2190 0
1733 2465 1
1742 1977 3
1789 2564 1
1850 2487 2
1861 2611 2
1915 2680 1
1946 2433 0
1952 2684 0
1960 2668 2
2069 2712 1
2073 2747 0
2095 2882 0
2249 2938 0
2345 3035 3
2345 3047 3
2456 3026 0
2459 3156 1
2474 3210 0
2521 2841 2
2545 3079 3
2591 3328 1
2668 3224 3
2857 3578 1
2857 3624 0
2907 3592 1
2969 3538 2
3010 3798 0
3022 3600 3
3069 3867 0
3081 3869 0
3097 3893 0
3134 3912 0
3171 3954 0
3178 3794 1
3253 3806 2
3270 4029 1
3303 4042 1
3324 4048 2
3337 4051 0
3342 4122 3
3519 4097 1
3589 4122 0
3709 4136 0
3715 4419 3
3720 4506 3
3740 4393 0
3754 4466 2
3856 4550 2
3861 4451 1
3867 4557 2
3929 4586 2
4046 4587 3
4091 4636 3
4181 4898 2
4182 4683 1
4189 4877 3
4208 4802 0
4299 4791 1
4313 5015 3
4320 5067 3
4505 5192 0
4538 5190 3
4579 5269 3
30 40 105 124
40 30 81 154
105 81 54 73
124 154 73 54

