100 4 3
0 150 0
24 257 2
46 128 3
47 309 3
55 154 1
83 329 3
119 318 2
140 225 0
145 393 0
152 398 0
174 359 3
194 456 1
196 450 2
210 380 3
237 465 0
237 502 0
238 503 0
253 430 3
323 543 0
335 587 3
361 472 2
365 497 2
375 583 0
381 640 2
389 648 1
392 657 1
396 640 0
412 670 0
423 674 0
452 682 0
505 750 2
516 636 3
532 782 2
532 749 1
534 712 3
560 758 3
561 762 3
615 858 0
618 790 3
647 858 1
647 884 0
654 840 3
664 901 3
689 919 3
697 894 1
701 906 0
724 945 0
735 925 1
738 987 3
781 926 2
794 930 2
809 1063 3
822 1024 2
836 977 0
857 1096 2
881 1134 2
895 1120 1
905 1088 0
906 1140 2
927 1190 2
940 1100 0
960 1224 2
960 1201 1
969 1144 3
994 1201 1
996 1209 1
1010 1249 0
1023 1265 0
1038 1291 2
1039 1178 3
1079 1315 3
1096 1347 0
1104 1251 1
1123 1388 3
1124 1387 0
1151 1390 0
1160 1392 0
1170 1427 0
1178 1405 3
1202 1385 1
1219 1419 3
1241 1469 2
1261 1420 1
1266 1500 2
1285 1538 2
1286 1543 3
1304 1542 2
1329 1489 0
1348 1607 3
1396 1502 0
1399 1647 3
1422 1533 1
1429 1646 1
1437 1691 1
1437 1692 1
1439 1697 3
1460 1645 0
1489 1752 3
1495 1719 0
1506 1760 3
71 35 88 25
17 43 69 73
94 14 46 65
121 48 104 20

