75 4 3
0 257 0
31 189 2
31 155 3
49 193 3
61 261 1
65 276 3
113 209 2
173 271 0
196 289 0
199 290 0
214 336 3
216 461 1
248 305 2
251 353 3
263 320 0
277 539 0
289 541 0
303 374 3
307 562 0
317 451 3
346 467 2
348 499 2
355 596 0
362 569 2
364 526 1
376 639 1
386 606 0
389 622 0
405 667 0
420 668 0
437 660 2
445 602 3
457 690 2
483 718 1
488 623 3
497 670 3
521 682 3
543 727 0
544 736 3
552 758 1
580 813 0
616 806 3
637 883 3
642 904 3
649 903 1
671 841 0
691 919 0
693 918 1
707 972 3
734 777 2
734 878 2
735 993 3
750 1003 2
820 1036 0
832 1069 2
858 1103 2
862 935 1
872 1079 0
878 1106 2
886 1134 2
889 1087 0
893 1145 2
909 1079 1
920 1112 3
949 1114 1
1002 1265 1
1013 1140 0
1029 1178 0
1029 1256 2
1031 1187 3
1057 1322 3
1058 1235 0
1112 1332 1
1115 1367 3
1144 1255 0
55 21 200 97
21 18 179 76
25 42 40 94
74 128 38 7

