100 4 4
0 91 0
2 115 2
11 43 3
21 76 3
30 69 1
41 86 3
44 179 2
51 97 0
73 254 0
75 272 0
80 246 3
85 125 1
87 217 2
96 271 3
104 301 0
106 303 0
118 309 0
130 301 3
143 312 0
149 348 3
158 266 2
177 282 2
181 358 0
188 325 2
206 400 1
222 412 1
223 385 0
229 407 0
250 407 0
277 461 0
293 348 2
296 451 3
301 440 2
318 490 1
333 471 3
334 484 3
344 491 3
364 518 0
364 550 3
365 514 1
377 542 0
429 576 3
438 610 3
458 631 3
461 650 1
468 596 0
473 617 0
479 677 1
482 653 3
485 602 2
497 696 2
505 671 3
526 716 2
566 649 0
574 731 2
586 781 2
586 781 1
588 787 0
608 791 2
609 803 2
649 795 0
651 806 2
673 800 1
673 862 3
678 851 1
686 870 1
705 795 0
711 899 0
714 877 2
731 865 3
739 888 3
741 923 0
773 902 1
783 941 3
795 973 0
805 983 0
815 988 0
831 997 0
849 992 3
860 958 1
868 1055 3
869 978 2
884 967 1
893 995 2
908 1004 2
908 1099 3
915 1067 2
934 1040 0
935 1115 3
945 1052 0
954 1144 3
965 1134 1
966 1142 1
996 1151 1
1009 1207 1
1015 1175 3
1029 1138 0
1029 1182 3
1049 1157 0
1056 1194 3
43 58 155 192
58 43 97 134
155 97 72 99
192 134 99 74

