50 4 4
0 38 0
21 203 2
22 130 3
34 175 3
42 162 1
55 230 3
64 258 2
67 256 0
96 291 0
97 294 0
115 289 3
115 187 1
137 326 2
148 340 3
171 306 0
171 352 0
185 382 0
194 360 3
197 394 0
233 386 3
278 463 2
295 482 2
297 465 0
308 483 2
309 346 1
333 509 1
335 465 0
344 465 0
354 492 0
363 508 0
374 498 2
377 499 3
384 539 2
406 581 1
408 551 3
413 598 3
418 615 3
420 611 0
429 628 3
437 614 1
439 633 0
451 641 3
463 641 3
476 660 3
482 637 1
491 663 0
510 664 0
514 700 1
521 670 3
539 704 2
32 158 83 176
12 58 9 81
68 79 13 7
99 16 63 100

