75 4 4
0 163 3
10 183 1
15 209 0
23 222 3
24 222 3
31 228 3
47 206 1
49 220 0
84 90 2
87 234 0
103 280 1
118 259 0
123 248 3
126 323 0
139 337 0
187 258 2
196 300 2
212 374 2
239 434 3
247 439 2
249 440 2
251 443 2
255 452 2
256 439 3
259 455 2
266 330 1
273 359 0
290 459 0
293 368 1
321 492 0
353 512 2
369 526 2
423 534 0
429 600 3
441 538 0
449 450 1
461 660 2
479 595 0
491 581 1
496 597 1
498 672 2
500 635 3
505 701 3
515 701 3
515 707 3
531 696 2
542 674 0
544 717 3
554 724 1
554 753 1
555 753 1
561 753 2
562 722 0
582 749 0
588 760 0
601 782 1
603 792 1
625 800 0
634 745 3
650 815 1
671 821 1
672 841 1
677 842 1
690 854 1
708 799 2
718 894 1
720 748 3
744 918 1
756 930 1
776 957 3
790 974 1
797 960 3
803 985 1
812 1001 1
823 995 0
12 28 41 16
28 21 43 44
41 43 23 31
16 44 31 12

