100 4 3
0 43 0
14 88 2
26 78 3
40 101 3
44 224 1
54 115 3
83 324 2
85 156 0
92 299 0
99 362 0
101 321 3
113 287 1
123 356 2
126 388 3
142 388 0
157 405 0
174 407 0
182 417 3
194 427 0
220 466 3
225 379 2
234 419 2
258 520 0
280 534 2
281 388 1
289 459 1
317 545 0
353 578 0
374 639 0
379 642 0
386 535 2
408 519 3
428 655 2
430 586 1
444 709 3
471 723 3
471 730 3
472 731 0
487 752 3
557 710 1
569 813 0
595 780 3
599 790 3
609 828 3
615 807 1
623 881 0
626 889 0
630 842 1
646 849 3
657 801 2
686 812 2
739 896 3
750 881 2
766 950 0
766 946 2
768 986 2
794 878 1
795 978 0
849 1034 2
852 1048 2
881 1073 0
881 1145 2
888 894 1
898 911 3
923 930 1
931 1172 1
935 1110 0
958 1165 0
969 1173 2
972 1088 3
1015 1205 3
1028 1168 0
1043 1256 1
1056 1295 3
1070 1208 0
1091 1243 0
1115 1314 0
1129 1347 0
1139 1360 3
1140 1311 1
1161 1403 3
1174 1427 2
1194 1333 1
1194 1430 2
1203 1454 2
1228 1493 3
1230 1493 2
1244 1455 0
1257 1496 3
1272 1504 0
1273 1530 3
1313 1540 1
1330 1558 1
1338 1572 1
1357 1610 1
1358 1615 3
1385 1613 0
1394 1632 3
1404 1663 0
1412 1660 3
54 77 72 152
77 17 23 75
72 23 17 80
152 75 80 56

