100 4 1
0 122 0
1 127 1
116 710 2
323 621 1
381 465 0
383 941 1
389 1074 1
403 870 0
506 1016 2
560 1203 1
596 1009 3
614 1222 1
618 1055 2
655 1350 3
658 1184 0
747 1424 3
775 1446 3
778 1524 2
808 1346 1
809 1550 3
906 1219 0
926 1635 1
971 1578 3
995 1599 2
1012 1731 1
1075 1661 3
1141 1911 0
1154 1916 0
1196 1977 2
1219 1925 0
1297 1936 0
1339 1999 0
1385 2040 2
1504 2158 0
1515 2090 1
1556 2238 1
1614 2386 3
1648 2412 3
1651 2426 3
1680 2224 0
1757 2301 0
1806 2244 2
1822 2294 1
1827 2575 2
1882 2640 3
1890 2577 1
1936 2608 2
1958 2499 0
2053 2615 2
2155 2866 2
2164 2591 1
2213 2751 0
2227 2900 2
2235 2763 0
2243 3034 3
2247 2984 0
2283 2937 1
2310 3043 0
2368 3039 2
2385 3177 0
2386 3088 1
2437 3207 0
2506 3086 3
2535 3062 2
2546 3300 1
2599 3272 2
2723 3483 1
2799 3536 1
2834 3357 0
2866 3375 0
2875 3330 3
2906 3405 0
2938 3678 3
2978 3662 0
3146 3921 0
3172 3789 2
3184 3551 1
3218 3923 1
3257 4024 0
3321 3920 2
3378 4117 2
3385 3929 1
3411 4163 2
3431 3835 3
3663 3976 1
3665 4146 0
3736 4157 3
3762 4288 3
3812 4596 1
3865 4337 2
3869 4645 1
3902 4364 3
3948 4531 3
4039 4761 3
4045 4702 1
4065 4782 1
4074 4279 0
4075 4419 2
4094 4869 3
4143 4641 2
30 90 44 41
90 36 54 49
44 54 26 35
41 49 35 26

