101
0 28 5 28 12 16 6 14 17 11 24 31 17 16 26 24 23 10 25 9 18 18 22 19 3 17 14 20 18 16 18 9 14 10 19 15 23 3 9 22 24 18 3 11 5 22 22 11 20 15 14 6 16 7 14 24 23 14 10 20 7 9 27 25 12 30 24 15 22 10 15 19 8 23 20 15 21 26 13 4 13 25 14 22 28 13 19 14 23 28 14 26 14 17 26 29 29 22 11 30 27
28 0 25 5 28 19 31 42 38 39 31 27 17 12 52 31 32 31 4 24 39 28 23 46 25 36 15 16 41 43 26 28 39 38 11 15 48 25 27 32 28 28 26 18 23 44 11 34 37 42 14 24 14 33 14 36 47 29 38 19 35 24 14 24 35 27 25 23 31 38 26 28 35 47 32 43 9 30 40 30 41 45 15 43 49 34 39 25 49 2 40 46 35 27 50 23 16 7 28 12 1
5 25 0 27 17 18 6 18 14 15 18 25 20 14 26 18 28 7 23 4 23 13 25 24 6 22 10 15 18 19 23 14 14 14 19 16 24 7 14 17 19 23 2 7 4 20 22 16 15 18 14 1 17 12 14 29 28 9 14 15 11 4 23 28 17 25 27 10 17 15 20 24 11 23 15 19 21 21 16 6 17 23 10 20 33 12 24 9 28 24 15 31 19 22 26 24 25 18 6 30 24
28 5 27 0 28 18 32 42 41 39 35 32 15 12 53 35 29 34 3 27 39 32 20 46 25 36 19 20 44 44 25 28 40 38 10 15 50 25 27 36 33 26 27 19 24 47 8 34 41 43 14 26 14 33 14 34 47 32 38 23 35 28 19 21 35 32 22 27 35 38 25 27 36 49 36 43 8 34 41 31 41 49 17 46 49 38 39 29 49 7 41 45 35 26 52 28 21 11 32 7 5
12 28 17 28 0 10 18 17 29 18 35 41 13 17 34 35 11 22 25 21 11 30 12 18 11 8 21 28 28 23 7 3 23 17 18 13 31 10 3 34 35 6 15 17 13 33 20 6 32 22 15 18 14 8 15 12 19 26 16 29 16 21 34 15 7 40 13 26 34 13 4 7 17 32 32 20 20 37 21 16 19 37 20 34 21 25 11 26 21 29 23 18 7 5 34 38 36 24 23 28 27
16 19 18 18 10 0 21 26 32 26 36 37 3 10 42 36 12 24 15 22 21 31 7 28 13 18 18 23 33 31 7 10 29 25 8 5 39 13 9 35 35 9 17 15 14 37 10 16 33 30 8 19 5 16 8 17 29 27 24 26 23 22 27 10 17 36 9 26 35 21 7 9 24 38 33 28 10 37 29 20 27 41 16 38 31 28 21 27 31 20 30 27 17 8 41 33 29 17 24 18 18
6 31 6 32 18 21 0 13 11 9 20 29 23 20 20 20 29 4 29 8 23 15 28 20 8 22 16 21 12 13 24 15 8 8 24 20 18 9 15 18 21 24 5 13 8 16 27 16 14 12 19 7 21 11 18 30 25 8 8 20 5 7 29 31 17 29 30 14 18 10 21 25 5 17 14 13 25 23 10 2 11 19 16 16 30 7 24 13 24 30 9 31 19 23 20 29 31 24 5 35 30
14 42 18 42 17 26 13 0 19 5 33 42 28 30 19 33 25 16 39 21 15 28 29 8 17 16 28 33 16 9 24 15 11 5 32 27 17 17 16 31 34 23 16 25 19 21 34 12 22 8 28 19 28 9 28 24 13 21 5 33 8 20 41 32 12 42 30 27 31 4 21 23 8 18 27 5 34 36 8 13 5 25 28 23 19 15 16 26 12 42 10 21 13 22 20 42 43 36 18 42 41
17 38 14 41 29 32 11 19 0 14 16 28 34 28 15 16 40 8 37 13 33 14 39 27 19 33 21 24 6 13 35 26 8 14 33 30 13 20 26 13 19 35 15 21 18 6 36 27 3 13 28 14 31 22 28 41 32 8 15 23 14 12 32 42 28 28 41 16 14 19 32 36 13 12 10 15 35 20 11 13 14 8 22 6 38 4 34 14 31 36 9 39 30 34 15 30 34 29 8 44 36
11 39 15 39 18 26 9 5 14 0 28 38 28 27 15 28 28 11 36 17 20 23 30 13 14 20 25 30 11 5 25 16 6 1 30 26 13 14 17 25 29 24 13 22 16 16 33 14 17 4 25 16 27 10 25 28 18 16 2 29 4 16 38 33 15 37 31 23 26 6 22 25 4 14 22 4 32 31 3 9 2 20 25 18 24 10 21 21 17 39 5 26 17 23 16 37 40 33 13 41 38
24 31 18 35 35 36 20 33 16 28 0 12 36 27 31 0 46 17 32 14 41 5 43 40 24 40 18 15 22 29 41 32 23 28 32 32 29 25 32 3 3 41 20 21 22 22 35 34 14 28 29 17 32 30 28 47 45 12 28 12 25 14 20 46 35 12 45 10 2 30 38 42 25 28 6 30 34 4 26 22 29 22 20 20 50 18 42 9 44 30 24 49 37 40 31 14 21 24 15 41 31
31 27 25 32 41 37 29 42 28 38 12 0 36 27 43 12 49 26 30 21 48 14 43 49 30 47 19 13 34 39 44 38 34 37 32 32 41 31 38 15 9 44 27 23 28 34 35 41 26 39 29 24 32 37 28 52 53 21 37 11 34 22 13 46 42 0 45 15 14 39 41 45 34 40 18 41 33 8 37 30 39 34 21 32 58 28 49 16 53 25 35 56 44 43 43 4 12 22 24 39 27
17 17 20 15 13 3 23 28 34 28 36 36 0 9 43 36 15 26 12 23 24 31 7 31 15 21 18 23 35 33 10 13 31 27 6 4 40 14 12 35 35 12 19 15 16 39 7 19 35 32 7 20 4 19 8 19 32 28 27 26 24 23 26 10 20 36 9 26 35 24 10 12 25 40 33 31 7 37 30 21 30 42 16 39 34 30 24 27 34 17 31 30 20 11 43 33 28 16 26 15 15
16 12 14 12 17 10 20 30 28 27 27 27 9 0 40 27 22 21 9 15 28 22 16 34 13 25 9 14 32 32 17 16 28 26 5 5 38 13 15 26 26 18 15 7 12 34 8 22 29 31 2 14 5 21 2 26 35 20 26 17 23 16 17 19 23 27 18 17 26 26 16 19 24 37 25 31 7 28 29 19 29 36 7 34 38 26 28 19 37 12 29 35 23 18 40 24 19 7 20 16 11
26 52 26 53 34 42 20 19 15 15 31 43 43 40 0 31 43 20 49 26 34 29 45 26 28 35 34 39 9 10 40 31 12 16 44 40 2 29 32 28 34 39 25 33 28 9 47 29 17 11 39 27 41 25 38 43 31 23 17 38 19 25 47 48 30 43 46 31 29 20 37 40 18 3 25 14 45 35 12 22 14 10 35 11 37 15 35 29 29 49 11 40 31 38 1 45 49 42 21 55 49
24 31 18 35 35 36 20 33 16 28 0 12 36 27 31 0 46 17 32 14 41 5 43 40 24 40 18 15 22 29 41 32 23 28 32 32 29 25 32 3 3 41 20 21 22 22 35 34 14 28 29 17 32 30 28 47 45 12 28 12 25 14 20 46 35 12 45 10 2 30 38 42 25 28 6 30 34 4 26 22 29 22 20 20 50 18 42 9 44 30 24 49 37 40 31 14 21 24 15 41 31
23 32 28 29 11 12 29 25 40 28 46 49 15 22 43 46 0 33 27 32 13 41 9 23 22 11 30 35 38 33 5 14 33 27 20 17 41 21 14 45 46 5 26 26 24 43 21 14 43 32 20 29 17 18 20 5 21 37 26 38 26 32 39 11 14 48 9 36 45 22 8 4 27 42 43 29 22 47 31 27 28 47 28 45 22 36 13 37 23 32 33 18 12 6 44 45 41 29 34 27 30
10 31 7 34 22 24 4 16 8 11 17 26 26 21 20 17 33 0 30 7 27 12 31 24 11 26 15 20 11 14 28 19 9 11 26 22 18 12 19 14 18 28 7 14 10 14 29 20 10 13 21 7 23 15 20 34 28 5 11 19 9 6 28 34 21 26 33 12 15 14 25 29 8 17 11 15 27 20 11 6 13 16 16 14 34 5 28 10 28 30 10 35 23 27 20 26 30 23 2 37 30
25 4 23 3 25 15 29 39 37 36 32 30 12 9 49 32 27 30 0 24 36 29 19 43 22 33 16 17 41 41 22 25 37 35 7 12 47 22 24 33 30 24 24 16 21 43 7 31 38 40 11 23 11 30 11 31 44 29 35 20 32 24 17 20 32 30 20 24 32 35 22 24 33 46 33 40 5 31 38 28 38 45 14 43 46 34 36 26 46 5 38 42 32 23 49 26 19 8 28 9 3
9 24 4 27 21 22 8 21 13 17 14 21 23 15 26 14 32 7 24 0 27 9 29 28 10 26 8 13 17 21 27 18 16 16 20 19 24 11 18 13 14 27 6 8 8 19 23 20 13 20 16 3 19 16 15 33 32 5 16 12 13 1 21 32 21 21 31 6 13 18 24 28 13 23 11 21 22 16 18 9 19 21 10 19 37 11 28 5 32 23 17 35 23 26 26 21 23 16 5 31 23
18 39 23 39 11 21 23 15 33 20 41 48 24 28 34 41 13 27 36 27 0 36 21 10 19 3 31 38 31 24 15 13 26 19 29 24 32 19 13 40 41 13 21 27 21 36 31 7 36 23 26 24 25 12 26 10 8 31 18 38 19 27 44 23 6 48 21 33 40 14 14 13 20 33 37 20 31 43 23 21 20 40 30 38 10 29 1 32 10 40 25 8 5 13 35 47 46 35 28 39 38
18 28 13 32 30 31 15 28 14 23 5 14 31 22 29 5 41 12 29 9 36 0 38 35 19 35 13 12 20 25 36 27 19 23 27 27 27 20 27 4 6 36 15 16 17 20 30 29 12 24 24 12 27 25 23 42 40 7 23 10 20 9 19 41 30 14 40 5 4 25 33 37 20 26 4 26 29 8 22 17 25 20 15 18 45 14 37 4 39 27 20 44 32 35 29 16 20 21 10 38 28
22 23 25 20 12 7 28 29 39 30 43 43 7 16 45 43 9 31 19 29 21 38 0 29 20 18 25 30 40 35 6 14 35 29 13 11 43 19 14 42 42 8 24 22 21 44 12 18 40 34 14 26 11 20 15 14 29 34 28 33 27 29 33 3 18 43 2 33 42 25 8 8 28 44 40 32 14 44 33 26 31 47 23 44 31 35 21 34 31 24 34 27 17 8 46 40 35 23 31 18 22
19 46 24 46 18 28 20 8 27 13 40 49 31 34 26 40 23 24 43 28 10 35 29 0 21 12 33 39 23 16 23 18 19 13 36 31 24 21 19 38 41 22 22 29 23 28 38 12 30 15 32 25 32 13 32 20 5 28 12 39 15 27 46 32 11 49 30 34 38 10 21 22 15 25 34 12 38 43 16 20 13 32 32 30 11 23 11 33 4 46 18 14 12 21 27 48 48 40 25 46 45
3 25 6 25 11 13 8 17 19 14 24 30 15 13 28 24 22 11 22 10 19 19 20 21 0 18 11 18 20 19 17 8 16 13 16 12 26 1 8 23 24 17 4 8 2 24 19 12 21 18 12 7 13 8 11 23 24 15 13 19 10 10 24 23 13 30 22 15 23 13 14 18 11 25 21 18 18 26 16 7 16 27 11 24 29 15 20 15 25 25 17 27 15 16 28 28 26 19 12 27 24
17 36 22 36 8 18 22 16 33 20 40 47 21 25 35 40 11 26 33 26 3 35 18 12 18 0 29 36 31 24 12 10 26 19 26 21 32 17 11 39 40 10 20 25 20 36 28 6 36 23 23 23 22 11 23 8 11 30 18 37 19 26 42 20 5 47 18 32 39 14 11 10 20 33 36 21 28 42 23 20 20 40 28 38 13 29 3 31 13 37 25 10 3 10 35 46 44 32 27 36 35
14 15 10 19 21 18 16 28 21 25 18 19 18 9 34 18 30 15 16 8 31 13 25 33 11 29 0 7 25 29 25 19 24 24 14 14 32 12 18 17 17 25 12 4 9 27 17 23 21 28 11 9 14 19 10 33 35 13 24 8 21 9 13 28 24 19 27 8 17 24 22 26 21 31 17 29 16 19 26 16 27 29 2 27 40 19 31 10 36 14 25 38 26 24 34 17 15 8 13 25 15
20 16 15 20 28 23 21 33 24 30 15 13 23 14 39 15 35 20 17 13 38 12 30 39 18 36 7 0 30 34 30 26 29 29 19 19 37 19 25 16 12 32 17 11 16 30 22 30 23 33 16 14 19 26 15 40 42 16 29 3 26 14 8 33 31 13 32 8 15 30 29 32 26 36 16 34 20 14 31 21 32 31 8 29 47 24 38 10 43 15 30 45 33 31 39 10 10 9 18 26 16
18 41 18 44 28 33 12 16 6 11 22 34 35 32 9 22 38 11 41 17 31 20 40 23 20 31 25 30 0 8 35 25 5 12 36 32 7 21 26 19 25 34 17 25 20 5 39 25 9 8 31 18 33 20 30 39 28 14 13 29 12 16 38 43 26 34 41 22 20 17 31 35 11 6 16 11 37 26 8 14 11 9 26 7 34 6 32 20 27 39 6 37 28 33 9 36 40 33 12 47 40
16 43 19 44 23 31 13 9 13 5 29 39 33 32 10 29 33 14 41 21 24 25 35 16 19 24 29 34 8 0 30 21 5 6 35 31 8 19 22 26 31 29 17 26 20 12 38 19 16 1 30 20 32 15 30 32 21 18 7 33 9 20 42 38 20 39 36 26 27 10 27 30 8 9 23 4 37 33 3 13 4 16 29 14 27 10 25 24 19 43 4 30 21 28 11 40 44 37 16 46 42
18 26 23 25 7 7 24 24 35 25 41 44 10 17 40 41 5 28 22 27 15 36 6 23 17 12 25 30 35 30 0 9 30 24 15 12 38 16 9 40 40 2 21 21 19 40 17 12 38 29 15 24 12 15 15 9 23 32 23 33 22 27 34 9 12 43 7 31 40 20 3 2 23 39 38 27 17 42 28 22 26 43 23 40 25 31 15 32 25 27 29 21 11 2 41 40 36 24 29 24 25
9 28 14 28 3 10 15 15 26 16 32 38 13 16 31 32 14 19 25 18 13 27 14 18 8 10 19 26 25 21 9 0 20 15 18 13 29 7 1 31 32 9 12 15 10 30 20 6 29 20 14 15 14 6 14 15 19 23 14 27 13 18 32 17 7 38 15 23 31 11 6 10 14 29 29 18 20 34 19 13 17 34 18 31 23 22 13 23 21 28 20 20 8 8 32 36 34 23 20 28 27
14 39 14 40 23 29 8 11 8 6 23 34 31 28 12 23 33 9 37 16 26 19 35 19 16 26 24 29 5 5 30 20 0 7 32 28 10 17 21 20 25 29 13 21 16 10 35 20 11 4 27 15 29 15 26 34 24 13 8 28 7 15 37 37 21 33 35 21 21 12 26 30 6 9 17 7 33 27 3 10 6 14 24 12 30 5 27 19 23 38 1 32 23 28 12 35 39 32 11 43 38
10 38 14 38 17 25 8 5 14 1 28 37 27 26 16 28 27 11 35 16 19 23 29 13 13 19 24 29 12 6 24 15 7 0 29 25 14 13 16 25 29 23 12 21 15 17 32 13 17 5 24 15 26 9 24 27 18 16 1 28 3 15 37 32 14 37 30 22 26 5 21 24 3 15 22 5 31 31 4 8 3 21 24 19 24 11 20 21 17 38 6 25 16 22 17 37 39 32 13 40 37
19 11 19 10 18 8 24 32 33 30 32 32 6 5 44 32 20 26 7 20 29 27 13 36 16 26 14 19 36 35 15 18 32 29 0 5 42 16 17 31 31 17 19 12 15 39 3 24 33 34 5 19 4 23 5 24 37 25 29 22 26 21 20 15 25 32 15 22 31 28 15 17 27 41 30 34 2 33 32 22 32 41 12 39 39 30 29 24 39 12 32 35 25 16 44 28 22 10 25 11 10
15 15 16 15 13 5 20 27 30 26 32 32 4 5 40 32 17 22 12 19 24 27 11 31 12 21 14 19 32 31 12 13 28 25 5 0 38 12 12 31 31 14 15 11 12 36 7 19 31 30 3 17 1 18 4 21 32 24 25 22 22 19 22 14 20 32 13 22 31 23 11 14 23 37 29 30 7 33 28 19 28 38 12 36 34 27 24 23 34 16 29 31 20 13 40 29 24 12 22 15 14
23 48 24 50 31 39 18 17 13 13 29 41 40 38 2 29 41 18 47 24 32 27 43 24 26 32 32 37 7 8 38 29 10 14 42 38 0 26 30 26 32 37 23 31 26 7 45 27 15 9 37 25 39 23 36 40 29 21 15 36 16 23 45 46 28 41 44 29 27 18 35 38 15 1 23 12 43 33 10 19 12 10 33 9 35 13 33 27 27 46 9 38 29 36 3 43 47 40 19 53 47
3 25 7 25 10 13 9 17 20 14 25 31 14 13 29 25 21 12 22 11 19 20 19 21 1 17 12 19 21 19 16 7 17 13 16 12 26 0 7 24 25 16 5 8 3 25 19 12 22 18 11 8 13 8 11 22 24 16 13 20 10 11 25 22 13 31 21 16 24 13 13 17 11 26 22 18 18 27 16 7 16 28 11 25 29 16 19 16 25 25 17 26 14 15 29 29 27 19 13 27 24
9 27 14 27 3 9 15 16 26 17 32 38 12 15 32 32 14 19 24 18 13 27 14 19 8 11 18 25 26 22 9 1 21 16 17 12 30 7 0 31 32 9 12 14 10 31 19 7 29 21 13 15 13 7 13 15 20 23 15 26 14 18 31 17 8 37 15 23 31 12 6 10 15 30 29 19 19 34 20 13 18 34 17 31 23 22 13 23 22 27 21 20 8 8 33 35 33 22 20 27 26
22 32 17 36 34 35 18 31 13 25 3 15 35 26 28 3 45 14 33 13 40 4 42 38 23 39 17 16 19 26 40 31 20 25 31 31 26 24 31 0 6 40 19 20 21 19 34 33 11 24 28 16 31 29 27 46 42 9 25 13 23 13 22 45 34 15 44 9 1 28 37 41 22 25 3 27 33 7 23 20 26 19 19 17 48 15 41 8 42 31 21 48 36 39 28 17 23 25 12 42 32
24 28 19 33 35 35 21 34 19 29 3 9 35 26 34 3 46 18 30 14 41 6 42 41 24 40 17 12 25 31 40 32 25 29 31 31 32 25 32 6 0 41 20 20 22 25 34 34 17 29 28 17 31 30 27 47 46 13 29 9 26 15 17 45 35 9 44 9 5 31 38 42 26 31 9 32 32 2 28 23 31 25 19 23 51 20 42 9 45 27 26 49 37 40 34 11 18 21 16 38 28
18 28 23 26 6 9 24 23 35 24 41 44 12 18 39 41 5 28 24 27 13 36 8 22 17 10 25 32 34 29 2 9 29 23 17 14 37 16 9 40 41 0 21 21 19 39 18 11 38 28 16 24 14 14 17 8 21 32 22 33 22 27 35 10 11 44 8 32 40 19 3 1 23 38 38 26 19 43 27 22 25 43 24 40 23 31 13 32 23 29 29 19 10 1 40 42 37 25 29 26 27
3 26 2 27 15 17 5 16 15 13 20 27 19 15 25 20 26 7 24 6 21 15 24 22 4 20 12 17 17 17 21 12 13 12 19 15 23 5 12 19 20 21 0 9 3 21 22 14 17 16 14 3 16 10 13 27 26 11 12 17 9 6 25 27 15 27 26 12 19 13 18 22 9 22 17 17 20 22 14 4 15 23 12 21 31 12 22 11 26 26 14 29 17 20 25 26 27 20 8 30 25
11 18 7 19 17 15 13 25 21 22 21 23 15 7 33 21 26 14 16 8 27 16 22 29 8 25 4 11 25 26 21 15 21 21 12 11 31 8 14 20 20 21 9 0 6 27 15 20 21 25 8 7 11 16 7 29 32 13 21 12 18 9 17 25 21 23 24 11 20 21 18 22 18 30 18 26 14 22 23 13 24 29 3 27 37 19 27 12 33 17 22 34 22 20 33 21 19 11 13 23 17
5 23 4 24 13 14 8 19 18 16 22 28 16 12 28 22 24 10 21 8 21 17 21 23 2 20 9 16 20 20 19 10 16 15 15 12 26 3 10 21 22 19 3 6 0 24 18 14 19 19 11 5 13 10 10 25 26 13 15 17 12 8 22 24 15 28 23 13 21 15 16 20 12 25 19 20 17 24 17 7 18 26 9 24 31 15 22 13 27 23 17 29 17 18 28 26 24 17 10 26 22
22 44 20 47 33 37 16 21 6 16 22 34 39 34 9 22 43 14 43 19 36 20 44 28 24 36 27 30 5 12 40 30 10 17 39 36 7 25 31 19 25 39 21 27 24 0 42 30 8 13 34 20 37 25 34 44 33 14 18 29 17 18 38 47 31 34 45 22 20 22 36 40 16 6 16 16 41 26 13 18 16 4 28 2 39 9 37 20 31 41 11 42 33 38 9 36 40 35 14 50 42
22 11 22 8 20 10 27 34 36 33 35 35 7 8 47 35 21 29 7 23 31 30 12 38 19 28 17 22 39 38 17 20 35 32 3 7 45 19 19 34 34 18 22 15 18 42 0 26 36 37 8 22 6 25 8 26 39 28 32 25 29 24 23 13 27 35 14 25 34 30 17 19 30 43 33 37 2 36 35 25 35 44 15 42 41 33 31 27 41 12 35 37 27 18 46 31 25 13 28 8 10
11 34 16 34 6 16 16 12 27 14 34 41 19 22 29 34 14 20 31 20 7 29 18 12 12 6 23 30 25 19 12 6 20 13 24 19 27 12 7 33 34 11 14 20 14 30 26 0 30 17 20 17 20 5 20 14 13 24 12 31 13 20 36 21 1 41 19 26 33 8 10 12 14 27 30 15 26 36 17 14 14 34 23 32 17 23 8 25 15 34 19 15 3 10 30 40 38 29 21 34 33
20 37 15 41 32 33 14 22 3 17 14 26 35 29 17 14 43 10 38 13 36 12 40 30 21 36 21 23 9 16 38 29 11 17 33 31 15 22 29 11 17 38 17 21 19 8 36 30 0 15 29 15 32 25 28 44 35 8 18 22 17 13 31 43 31 26 42 15 12 22 35 39 16 14 8 18 35 18 14 16 17 8 23 6 41 7 37 13 34 35 12 42 33 37 17 28 32 29 9 44 36
15 42 18 43 22 30 12 8 13 4 28 39 32 31 11 28 32 13 40 20 23 24 34 15 18 23 28 33 8 1 29 20 4 5 34 30 9 18 21 24 29 28 16 25 19 13 37 17 15 0 29 19 31 14 29 31 20 17 6 32 8 19 41 37 18 37 35 25 25 9 26 29 7 10 21 3 36 31 2 12 3 17 28 15 26 9 24 23 19 42 3 29 20 27 12 39 43 36 15 45 41
14 14 14 14 15 8 19 28 28 25 29 29 7 2 39 29 20 21 11 16 26 24 14 32 12 23 11 16 31 30 15 14 27 24 5 3 37 11 13 28 28 16 14 8 11 34 8 20 29 29 0 15 3 19 1 24 33 21 24 19 21 17 19 17 21 29 16 19 28 24 14 17 22 36 26 29 7 30 27 18 27 36 9 34 36 26 26 20 35 14 28 33 21 16 39 26 21 9 20 16 13
6 24 1 26 18 19 7 19 14 16 17 24 20 14 27 17 29 7 23 3 24 12 26 25 7 23 9 14 18 20 24 15 15 15 19 17 25 8 15 16 17 24 3 7 5 20 22 17 15 19 15 0 17 13 14 30 29 8 15 14 12 3 22 29 18 24 28 9 16 16 21 25 12 24 14 20 21 19 17 7 18 22 9 20 34 12 25 8 29 23 16 32 20 23 27 23 24 17 6 30 23
16 14 17 14 14 5 21 28 31 27 32 32 4 5 41 32 17 23 11 19 25 27 11 32 13 22 14 19 33 32 12 14 29 26 4 1 39 13 13 31 31 14 16 11 13 37 6 20 32 31 3 17 0 19 4 21 33 24 26 22 23 20 22 14 21 32 13 22 31 24 12 14 24 38 29 31 6 33 29 20 29 39 12 37 35 28 25 23 35 15 30 32 21 13 41 29 24 12 23 14 13
7 33 12 33 8 16 11 9 22 10 30 37 19 21 25 30 18 15 30 16 12 25 20 13 8 11 19 26 20 15 15 6 15 9 23 18 23 8 7 29 30 14 10 16 10 25 25 5 25 14 19 13 19 0 19 19 16 19 8 27 8 16 32 23 6 37 21 22 29 5 12 15 9 24 25 12 25 32 13 9 11 29 19 27 21 18 13 21 17 33 15 20 8 13 26 36 34 27 16 33 32
14 14 14 14 15 8 18 28 28 25 28 28 8 2 38 28 20 20 11 15 26 23 15 32 11 23 10 15 30 30 15 14 26 24 5 4 36 11 13 27 27 17 13 7 10 34 8 20 28 29 1 14 4 19 0 24 33 20 24 18 21 16 19 18 21 28 17 18 27 24 14 17 22 35 25 29 7 29 27 17 27 36 8 34 36 25 26 19 35 14 27 33 21 16 38 25 21 9 20 16 13
24 36 29 34 12 17 30 24 41 28 47 52 19 26 43 47 5 34 31 33 10 42 14 20 23 8 33 40 39 32 9 15 34 27 24 21 40 22 15 46 47 8 27 29 25 44 26 14 44 31 24 30 21 19 24 0 17 38 26 41 27 33 43 16 13 52 14 38 46 22 11 7 28 41 44 29 26 49 31 28 28 48 32 46 17 37 9 38 19 36 33 13 11 9 43 49 45 33 35 32 34
23 47 28 47 19 29 25 13 32 18 45 53 32 35 31 45 21 28 44 32 8 40 29 5 24 11 35 42 28 21 23 19 24 18 37 32 29 24 20 42 46 21 26 32 26 33 39 13 35 20 33 29 33 16 33 17 0 33 17 43 19 32 48 31 12 53 29 38 43 14 22 21 20 30 39 17 39 48 21 24 18 37 35 35 6 28 8 37 2 47 23 9 12 21 32 52 50 42 30 47 46
14 29 9 32 26 27 8 21 8 16 12 21 28 20 23 12 37 5 29 5 31 7 34 28 15 30 13 16 14 18 32 23 13 16 25 24 21 16 23 9 13 32 11 13 13 14 28 24 8 17 21 8 24 19 20 38 33 0 16 15 13 5 24 37 25 21 36 8 10 18 29 33 13 20 6 20 27 15 16 10 18 16 15 14 38 8 32 6 32 27 14 39 27 31 23 22 26 21 3 36 28
10 38 14 38 16 24 8 5 15 2 28 37 27 26 17 28 26 11 35 16 18 23 28 12 13 18 24 29 13 7 23 14 8 1 29 25 15 13 15 25 29 22 12 21 15 18 32 12 18 6 24 15 26 8 24 26 17 16 0 28 3 15 37 31 13 37 29 22 26 4 20 23 3 16 22 5 31 31 5 8 3 22 24 20 23 12 19 21 16 38 7 25 15 21 18 37 39 32 13 40 37
20 19 15 23 29 26 20 33 23 29 12 11 26 17 38 12 38 19 20 12 38 10 33 39 19 37 8 3 29 33 33 27 28 28 22 22 36 20 26 13 9 33 17 12 17 29 25 31 22 32 19 14 22 27 18 41 43 15 28 0 25 13 9 36 32 11 35 7 12 30 30 34 25 35 14 33 23 11 30 21 31 30 10 28 48 23 39 9 43 18 29 46 34 32 38 9 11 12 17 29 19
7 35 11 35 16 23 5 8 14 4 25 34 24 23 19 25 26 9 32 13 19 20 27 15 10 19 21 26 12 9 22 13 7 3 26 22 16 10 14 23 26 22 9 18 12 17 29 13 17 8 21 12 23 8 21 27 19 13 3 25 0 12 34 30 14 34 28 19 23 5 19 23 1 16 19 8 28 28 6 5 6 21 21 19 25 10 20 18 19 35 7 26 16 21 19 34 36 29 10 37 34
9 24 4 28 21 22 7 20 12 16 14 22 23 16 25 14 32 6 24 1 27 9 29 27 10 26 9 14 16 20 27 18 15 15 21 19 23 11 18 13 15 27 6 9 8 18 24 20 13 19 17 3 20 16 16 33 32 5 15 13 12 0 22 32 21 22 31 7 13 17 24 28 12 22 11 20 23 17 17 8 18 20 10 18 37 10 28 6 31 23 16 35 23 26 25 22 24 17 4 32 24
27 14 23 19 34 27 29 41 32 38 20 13 26 17 47 20 39 28 17 21 44 19 33 46 24 42 13 8 38 42 34 32 37 37 20 22 45 25 31 22 17 35 25 17 22 38 23 36 31 41 19 22 22 32 19 43 48 24 37 9 34 22 0 35 37 13 35 16 21 37 33 36 34 44 23 42 21 18 39 29 40 39 14 37 53 32 44 18 49 12 38 51 39 35 47 9 2 10 26 26 14
25 24 28 21 15 10 31 32 42 33 46 46 10 19 48 46 11 34 20 32 23 41 3 32 23 20 28 33 43 38 9 17 37 32 15 14 46 22 17 45 45 10 27 25 24 47 13 21 43 37 17 29 14 23 18 16 31 37 31 36 30 32 35 0 21 46 2 36 45 28 11 10 31 46 43 35 15 47 36 29 34 50 26 47 33 38 23 37 33 25 37 29 20 11 49 43 37 25 34 17 23
12 35 17 35 7 17 17 12 28 15 35 42 20 23 30 35 14 21 32 21 6 30 18 11 13 5 24 31 26 20 12 7 21 14 25 20 28 13 8 34 35 11 15 21 15 31 27 1 31 18 21 18 21 6 21 13 12 25 13 32 14 21 37 21 0 42 19 27 34 9 10 12 15 28 31 16 27 37 18 15 15 35 24 33 16 24 7 26 14 35 20 14 2 10 30 41 39 30 22 35 34
30 27 25 32 40 36 29 42 28 37 12 0 36 27 43 12 48 26 30 21 48 14 43 49 30 47 19 13 34 39 43 38 33 37 32 32 41 31 37 15 9 44 27 23 28 34 35 41 26 37 29 24 32 37 28 52 53 21 37 11 34 22 13 46 42 0 45 15 14 39 41 45 34 40 18 40 33 8 36 30 39 34 21 32 58 28 49 16 53 25 34 56 44 43 43 4 12 22 24 39 27
24 25 27 22 13 9 30 30 41 31 45 45 9 18 46 45 9 33 20 31 21 40 2 30 22 18 27 32 41 36 7 15 35 30 15 13 44 21 15 44 44 8 26 24 23 45 14 19 42 35 16 28 13 21 17 14 29 36 29 35 28 31 35 2 19 45 0 35 44 26 9 8 29 44 42 33 15 46 34 28 32 49 25 46 31 37 21 36 31 25 35 27 18 9 47 42 37 25 33 18 23
15 23 10 27 26 26 14 27 16 23 10 15 26 17 31 10 36 12 24 6 33 5 33 34 15 32 8 8 22 26 31 23 21 22 22 22 29 16 23 9 9 32 12 11 13 22 25 26 15 25 19 9 22 22 18 38 38 8 22 7 19 7 16 36 27 15 35 0 9 24 29 33 19 28 9 27 24 11 23 15 25 23 10 21 43 16 34 2 38 22 22 41 29 31 31 15 18 16 10 33 23
22 31 17 35 34 35 18 31 14 26 2 14 35 26 29 2 45 15 32 13 40 4 42 38 23 39 17 15 20 27 40 31 21 26 31 31 27 24 31 1 5 40 19 20 21 20 34 33 12 25 28 16 31 29 27 46 43 10 26 12 23 13 21 45 34 14 44 9 0 28 37 41 23 26 4 28 33 6 24 20 27 20 19 18 48 16 41 8 42 30 22 48 36 39 29 16 22 24 13 41 31
10 38 15 38 13 21 10 4 19 6 30 39 24 26 20 30 22 14 35 18 14 25 25 10 13 14 24 30 17 10 20 11 12 5 28 23 18 13 12 28 31 19 13 21 15 22 30 8 22 9 24 16 24 5 24 22 14 18 4 30 5 17 37 28 9 39 26 24 28 0 17 20 6 19 24 7 30 33 9 10 6 26 24 24 20 15 15 23 14 38 11 21 11 18 21 39 39 32 15 38 37
15 26 20 25 4 7 21 21 32 22 38 41 10 16 37 38 8 25 22 24 14 33 8 21 14 11 22 29 31 27 3 6 26 21 15 11 35 13 6 37 38 3 18 18 16 36 17 10 35 26 14 21 12 12 14 11 22 29 20 30 19 24 33 11 10 41 9 29 37 17 0 4 20 35 35 24 17 40 25 19 23 40 21 37 24 28 14 29 24 27 26 21 10 2 38 39 35 23 26 25 25
19 28 24 27 7 9 25 23 36 25 42 45 12 19 40 42 4 29 24 28 13 37 8 22 18 10 26 32 35 30 2 10 30 24 17 14 38 17 10 41 42 1 22 22 20 40 19 12 39 29 17 25 14 15 17 7 21 33 23 34 23 28 36 10 12 45 8 33 41 20 4 0 24 39 39 27 19 44 28 23 26 44 25 41 23 32 13 33 23 29 30 19 10 2 41 42 38 26 30 26 27
8 35 11 36 17 24 5 8 13 4 25 34 25 24 18 25 27 8 33 13 20 20 28 15 11 20 21 26 11 8 23 14 6 3 27 23 15 11 15 22 26 23 9 18 12 16 30 14 16 7 22 12 24 9 22 28 20 13 3 25 1 12 34 31 15 34 29 19 23 6 20 24 0 15 19 8 29 28 5 5 6 20 21 18 26 9 21 18 19 35 6 27 17 22 18 34 36 29 10 38 34
23 47 23 49 32 38 17 18 12 14 28 40 40 37 3 28 42 17 46 23 33 26 44 25 25 33 31 36 6 9 39 29 9 15 41 37 1 26 30 25 31 38 22 30 25 6 43 27 14 10 36 24 38 24 35 41 30 20 16 35 16 22 44 46 28 40 44 28 26 19 35 39 15 0 22 13 42 32 11 19 13 9 32 8 36 12 34 26 28 45 10 39 30 37 3 42 46 39 18 51 46
20 32 15 36 32 33 14 27 10 22 6 18 33 25 25 6 43 11 33 11 37 4 40 34 21 36 17 16 16 23 38 29 17 22 30 29 23 22 29 3 9 38 17 18 19 16 33 30 8 21 26 14 29 25 25 44 39 6 22 14 19 11 23 43 31 18 42 9 4 24 35 39 19 22 0 24 32 10 20 16 23 16 19 14 44 12 38 7 38 31 18 45 33 37 25 20 24 25 9 41 32
15 43 19 43 20 28 13 5 15 4 30 41 31 31 14 30 29 15 40 21 20 26 32 12 18 21 29 34 11 4 27 18 7 5 34 30 12 18 19 27 32 26 17 26 20 16 37 15 18 3 29 20 31 12 29 29 17 20 5 33 8 20 42 35 16 40 33 27 28 7 24 27 8 13 24 0 36 34 4 13 2 20 29 18 23 12 21 25 16 43 6 26 18 25 15 41 44 37 17 45 42
21 9 21 8 20 10 25 34 35 32 34 33 7 7 45 34 22 27 5 22 31 29 14 38 18 28 16 20 37 37 17 20 33 31 2 7 43 18 19 33 32 19 20 14 17 41 2 26 35 36 7 21 6 25 7 26 39 27 31 23 28 23 21 15 27 33 15 24 33 30 17 19 29 42 32 36 0 34 34 24 34 43 14 41 41 32 31 26 41 10 34 37 27 18 45 29 23 11 27 10 8
26 30 21 34 37 37 23 36 20 31 4 8 37 28 35 4 47 20 31 16 43 8 44 43 26 42 19 14 26 33 42 34 27 31 33 33 33 27 34 7 2 43 22 22 24 26 36 36 18 31 30 19 33 32 29 49 48 15 31 11 28 17 18 47 37 8 46 11 6 33 40 44 28 32 10 34 34 0 30 25 33 26 21 24 53 22 44 11 47 29 28 51 39 42 35 11 18 23 18 40 30
13 40 16 41 21 29 10 8 11 3 26 37 30 29 12 26 31 11 38 18 23 22 33 16 16 23 26 31 8 3 28 19 3 4 32 28 10 16 20 23 28 27 14 23 17 13 35 17 14 2 27 17 29 13 27 31 21 16 5 30 6 17 39 36 18 36 34 23 24 9 25 28 5 11 20 4 34 30 0 10 3 17 26 15 27 8 24 21 20 40 2 29 20 26 13 37 41 34 13 43 39
4 30 6 31 16 20 2 13 13 9 22 30 21 19 22 22 27 6 28 9 21 17 26 20 7 20 16 21 14 13 22 13 10 8 22 19 19 7 13 20 23 22 4 13 7 18 25 14 16 12 18 7 20 9 17 28 24 10 8 21 5 8 29 29 15 30 28 15 20 10 19 23 5 19 16 13 24 25 10 0 11 21 16 18 29 9 22 14 24 30 10 29 17 21 22 30 31 24 7 33 29
13 41 17 41 19 27 11 5 14 2 29 39 30 29 14 29 28 13 38 19 20 25 31 13 16 20 27 32 11 4 26 17 6 3 32 28 12 16 18 26 31 25 15 24 18 16 35 14 17 3 27 18 29 11 27 28 18 18 3 31 6 18 40 34 15 39 32 25 27 6 23 26 6 13 23 2 34 33 3 11 0 20 27 18 24 11 21 23 17 41 5 26 17 24 15 39 42 35 15 43 40
25 45 23 49 37 41 19 25 8 20 22 34 42 36 10 22 47 16 45 21 40 20 47 32 27 40 29 31 9 16 43 34 14 21 41 38 10 28 34 19 25 43 23 29 26 4 44 34 8 17 36 22 39 29 36 48 37 16 22 30 21 20 39 50 35 34 49 23 20 26 40 44 20 9 16 20 43 26 17 21 20 0 30 2 43 11 41 21 35 43 15 46 37 41 10 36 40 37 16 52 44
14 15 10 17 20 16 16 28 22 25 20 21 16 7 35 20 28 16 14 10 30 15 23 32 11 28 2 8 26 29 23 18 24 24 12 12 33 11 17 19 19 24 12 3 9 28 15 23 23 28 9 9 12 19 8 32 35 15 24 10 21 10 14 26 24 21 25 10 19 24 21 25 21 32 19 29 14 21 26 16 27 30 0 28 40 20 30 12 36 14 25 37 25 23 35 18 16 8 14 23 14
22 43 20 46 34 38 16 23 6 18 20 32 39 34 11 20 45 14 43 19 38 18 44 30 24 38 27 29 7 14 40 31 12 19 39 36 9 25 31 17 23 40 21 27 24 2 42 32 6 15 34 20 37 27 34 46 35 14 20 28 19 18 37 47 33 32 46 21 18 24 37 41 18 8 14 18 41 24 15 18 18 2 28 0 41 9 39 19 33 41 13 44 35 39 11 34 38 35 14 50 42
28 49 33 49 21 31 30 19 38 24 50 58 34 38 37 50 22 34 46 37 10 45 31 11 29 13 40 47 34 27 25 23 30 24 39 34 35 29 23 48 51 23 31 37 31 39 41 17 41 26 36 34 35 21 36 17 6 38 23 48 25 37 53 33 16 58 31 43 48 20 24 23 26 36 44 23 41 53 27 29 24 43 40 41 0 34 10 42 8 50 29 5 15 23 38 57 55 45 35 49 48
13 34 12 38 25 28 7 15 4 10 18 28 30 26 15 18 36 5 34 11 29 14 35 23 15 29 19 24 6 10 31 22 5 11 30 27 13 16 22 15 20 31 12 19 15 9 33 23 7 9 26 12 28 18 25 37 28 8 12 23 10 10 32 38 24 28 37 16 16 15 28 32 9 12 12 12 32 22 8 9 11 11 20 9 34 0 30 14 27 33 6 36 26 30 15 30 34 27 6 41 34
19 39 24 39 11 21 24 16 34 21 42 49 24 28 35 42 13 28 36 28 1 37 21 11 20 3 31 38 32 25 15 13 27 20 29 24 33 19 13 41 42 13 22 27 22 37 31 8 37 24 26 25 25 13 26 9 8 32 19 39 20 28 44 23 7 49 21 34 41 15 14 13 21 34 38 21 31 44 24 22 21 41 30 39 10 30 0 33 10 40 26 7 5 13 36 48 46 35 29 39 38
14 25 9 29 26 27 13 26 14 21 9 16 27 19 29 9 37 10 26 5 32 4 34 33 15 31 10 10 20 24 32 23 19 21 24 23 27 16 23 8 9 32 11 12 13 20 27 25 13 23 20 8 23 21 19 38 37 6 21 9 18 6 18 37 26 16 36 2 8 23 29 33 18 26 7 25 26 11 21 14 23 21 12 19 42 14 33 0 37 24 20 40 28 31 29 16 20 18 8 35 25
23 49 28 49 21 31 24 12 31 17 44 53 34 37 29 44 23 28 46 32 10 39 31 4 25 13 36 43 27 19 25 21 23 17 39 34 27 25 22 42 45 23 26 33 27 31 41 15 34 19 35 29 35 17 35 19 2 32 16 43 19 31 49 33 14 53 31 38 42 14 24 23 19 28 38 16 41 47 20 24 17 35 36 33 8 27 10 37 0 49 22 11 14 23 30 52 51 44 29 49 48
28 2 24 7 29 20 30 42 36 39 30 25 17 12 49 30 32 30 5 23 40 27 24 46 25 37 14 15 39 43 27 28 38 38 12 16 46 25 27 31 27 29 26 17 23 41 12 34 35 42 14 23 15 33 14 36 47 27 38 18 35 23 12 25 35 25 25 22 30 38 27 29 35 45 31 43 10 29 40 30 41 43 14 41 50 33 40 24 49 0 39 47 35 28 48 21 14 6 27 14 2
14 40 15 41 23 30 9 10 9 5 24 35 31 29 11 24 33 10 38 17 25 20 34 18 17 25 25 30 6 4 29 20 1 6 32 29 9 17 21 21 26 29 14 22 17 11 35 19 12 3 28 16 30 15 27 33 23 14 7 29 7 16 38 37 20 34 35 22 22 11 26 30 6 10 18 6 34 28 2 10 5 15 25 13 29 6 26 20 22 39 0 31 22 28 12 36 40 33 12 43 39
26 46 31 45 18 27 31 21 39 26 49 56 30 35 40 49 18 35 42 35 8 44 27 14 27 10 38 45 37 30 21 20 32 25 35 31 38 26 20 48 49 19 29 34 29 42 37 15 42 29 33 32 32 20 33 13 9 39 25 46 26 35 51 29 14 56 27 41 48 21 21 19 27 39 45 26 37 51 29 29 26 46 37 44 5 36 7 40 11 47 31 0 12 19 41 55 53 42 36 45 45
14 35 19 35 7 17 19 13 30 17 37 44 20 23 31 37 12 23 32 23 5 32 17 12 15 3 26 33 28 21 11 8 23 16 25 20 29 14 8 36 37 10 17 22 17 33 27 3 33 20 21 20 21 8 21 11 12 27 15 34 16 23 39 20 2 44 18 29 36 11 10 10 17 30 33 18 27 39 20 17 17 37 25 35 15 26 5 28 14 35 22 12 0 9 32 43 41 30 24 35 34
17 27 22 26 5 8 23 22 34 23 40 43 11 18 38 40 6 27 23 26 13 35 8 21 16 10 24 31 33 28 2 8 28 22 16 13 36 15 8 39 40 1 20 20 18 38 18 10 37 27 16 23 13 13 16 9 21 31 21 32 21 26 35 11 10 43 9 31 39 18 2 2 22 37 37 25 18 42 26 21 24 41 23 39 23 30 13 31 23 28 28 19 9 0 39 41 37 25 28 26 26
26 50 26 52 34 41 20 20 15 16 31 43 43 40 1 31 44 20 49 26 35 29 46 27 28 35 34 39 9 11 41 32 12 17 44 40 3 29 33 28 34 40 25 33 28 9 46 30 17 12 39 27 41 26 38 43 32 23 18 38 19 25 47 49 30 43 47 31 29 21 38 41 18 3 25 15 45 35 13 22 15 10 35 11 38 15 36 29 30 48 12 41 32 39 0 45 49 42 21 54 49
29 23 24 28 38 33 29 42 30 37 14 4 33 24 45 14 45 26 26 21 47 16 40 48 28 46 17 10 36 40 40 36 35 37 28 29 43 29 35 17 11 42 26 21 26 36 31 40 28 39 26 23 29 36 25 49 52 22 37 9 34 22 9 43 41 4 42 15 16 39 39 42 34 42 20 41 29 11 37 30 39 36 18 34 57 30 48 16 52 21 36 55 43 41 45 0 8 18 24 35 23
29 16 25 21 36 29 31 43 34 40 21 12 28 19 49 21 41 30 19 23 46 20 35 48 26 44 15 10 40 44 36 34 39 39 22 24 47 27 33 23 18 37 27 19 24 40 25 38 32 43 21 24 24 34 21 45 50 26 39 11 36 24 2 37 39 12 37 18 22 39 35 38 36 46 24 44 23 18 41 31 42 40 16 38 55 34 46 20 51 14 40 53 41 37 49 8 0 12 28 28 16
22 7 18 11 24 17 24 36 29 33 24 22 16 7 42 24 29 23 8 16 35 21 23 40 19 32 8 9 33 37 24 23 32 32 10 12 40 19 22 25 21 25 20 11 17 35 13 29 29 36 9 17 12 27 9 33 42 21 32 12 29 17 10 25 30 22 25 16 24 32 23 26 29 39 25 37 11 23 34 24 35 37 8 35 45 27 35 18 44 6 33 42 30 25 42 18 12 0 21 17 7
11 28 6 32 23 24 5 18 8 13 15 24 26 20 21 15 34 2 28 5 28 10 31 25 12 27 13 18 12 16 29 20 11 13 25 22 19 13 20 12 16 29 8 13 10 14 28 21 9 15 20 6 23 16 20 35 30 3 13 17 10 4 26 34 22 24 33 10 13 15 26 30 10 18 9 17 27 18 13 7 15 16 14 14 35 6 29 8 29 27 12 36 24 28 21 24 28 21 0 36 28
30 12 30 7 28 18 35 42 44 41 41 39 15 16 55 41 27 37 9 31 39 38 18 46 27 36 25 26 47 46 24 28 43 40 11 15 53 27 27 42 38 26 30 23 26 50 8 34 44 45 16 30 14 33 16 32 47 36 40 29 37 32 26 17 35 39 18 33 41 38 25 26 38 51 41 45 10 40 43 33 43 52 23 50 49 41 39 35 49 14 43 45 35 26 54 35 28 17 36 0 12
27 1 24 5 27 18 30 41 36 38 31 27 15 11 49 31 30 30 3 23 38 28 22 45 24 35 15 16 40 42 25 27 38 37 10 14 47 24 26 32 28 27 25 17 22 42 10 33 36 41 13 23 13 32 13 34 46 28 37 19 34 24 14 23 34 27 23 23 31 37 25 27 34 46 32 42 8 30 39 29 40 44 14 42 48 34 38 25 48 2 39 45 34 26 49 23 16 7 28 12 0
0         862      
273       289      
2         61       
278       318      
447       481      
463       569      
0         63       
384       451      
47        126      
89        126      
138       190      
148       207      
234       271      
218       246      
63        144      
116       201      
453       516      
28        45       
254       297      
0         72       
493       548      
105       164      
475       518      
367       473      
0         43       
402       470      
164       239      
204       272      
8         106      
68        120      
439       505      
437       497      
111       156      
93        172      
195       260      
253       293      
67        127      
0         52       
479       563      
165       220      
341       384      
482       515      
0         56       
207       264      
0         15       
6         60       
231       287      
395       487      
344       418      
73        152      
188       278      
0         55       
227       296      
418       483      
196       285      
505       583      
419       443      
614       684      
109       126      
278       358      
96        135      
131       203      
289       335      
504       532      
444       512      
313       363      
516       598      
304       357      
165       211      
714       787      
442       530      
438       511      
386       420      
70        112      
146       197      
111       151      
217       304      
175       229      
65        102      
102       158      
75        143      
20        74       
268       342      
24        131      
400       476      
0         100      
422       472      
127       217      
426       484      
709       745      
95        141      
547       603      
436       462      
467       515      
651       682      
152       244      
169       229      
245       317      
98        196      
783       826      
763       835      
