101
0 26 13 4 27 27 19 14 17 33 14 29 20 18 22 15 26 24 16 24 26 11 24 23 20 9 20 21 10 6 31 27 25 12 13 13 14 18 18 29 16 33 12 13 34 3 22 20 11 27 8 33 11 22 19 33 12 15 6 19 28 15 13 38 20 24 13 19 33 18 28 4 28 24 29 26 24 7 25 26 20 23 25 4 35 13 23 7 32 25 22 13 31 22 14 31 8 33 18 2 22
26 0 39 22 16 1 41 19 43 18 26 13 6 44 25 41 39 16 40 2 29 16 11 27 6 35 46 29 16 28 19 18 50 38 19 36 40 20 20 14 10 27 20 19 24 24 18 28 15 41 33 27 32 13 43 50 35 28 20 10 47 11 16 53 46 16 35 45 34 38 19 27 29 31 24 5 29 20 33 11 13 41 20 30 22 24 3 33 26 20 42 22 40 33 33 45 34 47 9 28 27
13 39 0 17 40 40 10 22 6 42 24 39 33 5 28 4 24 32 15 37 29 23 37 27 33 4 8 23 23 11 44 35 19 10 25 14 2 26 30 41 29 39 20 24 42 15 34 23 24 24 10 40 15 34 9 26 7 23 19 32 20 28 23 32 9 36 8 8 35 13 36 13 31 25 36 39 26 19 25 39 31 18 37 9 43 24 36 6 39 33 16 20 29 21 18 26 5 28 31 11 25
4 22 17 0 24 23 22 12 21 30 14 26 16 22 22 19 28 21 19 20 26 8 20 23 16 13 24 21 6 8 28 24 29 16 11 16 18 16 16 25 12 31 11 10 31 3 20 20 7 29 12 31 13 18 23 35 15 15 3 15 30 11 10 40 24 21 16 23 33 21 25 6 28 24 27 22 24 4 25 22 17 26 23 8 32 13 19 11 30 23 25 13 31 22 15 33 12 35 14 6 22
27 16 40 24 0 17 46 29 44 34 21 29 14 45 37 41 49 30 37 14 41 24 5 39 14 36 46 39 18 31 4 33 47 37 15 34 41 31 12 2 16 42 29 16 40 24 7 38 16 50 33 42 31 5 46 58 38 23 23 9 54 14 25 62 46 4 39 45 48 44 34 27 42 42 38 11 41 24 44 5 26 49 5 30 38 20 15 33 41 34 48 31 51 42 30 54 34 56 11 28 38
27 1 40 23 17 0 42 20 44 17 27 12 7 45 25 42 39 16 41 3 29 17 12 27 7 36 47 29 17 29 20 17 51 39 20 37 41 20 21 15 11 26 21 20 23 25 19 28 16 41 34 26 33 14 44 50 36 29 21 11 48 12 17 53 47 17 36 46 34 39 18 28 29 31 23 6 29 21 33 12 13 42 21 31 21 25 4 34 25 20 43 23 40 33 34 45 35 47 10 29 27
19 41 10 22 46 42 0 23 5 41 32 40 36 7 24 14 16 32 25 39 24 25 42 23 36 10 15 19 27 14 50 35 28 20 32 24 12 25 37 47 32 34 21 32 38 22 41 19 29 14 19 35 24 40 2 16 7 31 22 36 10 31 25 22 17 43 6 16 29 4 34 20 26 19 32 42 22 22 18 43 32 8 44 16 42 31 38 13 35 31 6 20 20 16 27 16 13 18 34 18 21
14 19 22 12 29 20 23 0 25 19 26 17 15 26 10 26 20 10 30 18 14 5 24 11 15 18 30 10 13 11 33 13 39 26 21 27 24 4 26 28 12 19 2 21 20 15 27 9 15 22 22 19 25 24 25 31 17 27 9 19 28 14 3 34 31 26 17 30 21 20 14 18 16 13 15 21 12 8 15 25 9 23 30 16 21 25 17 18 18 11 23 3 22 14 27 26 19 28 17 16 10
17 43 6 21 44 44 5 25 0 44 30 42 37 2 28 9 21 35 20 41 29 27 41 27 37 8 10 23 27 15 48 38 23 15 30 20 7 27 35 46 33 39 23 30 42 20 39 23 28 19 16 40 21 39 4 21 8 29 23 36 15 32 27 27 12 41 8 11 34 9 37 18 31 24 36 43 26 23 23 43 34 13 42 14 45 29 40 11 39 34 11 22 25 21 24 21 11 23 35 16 25
33 18 42 30 34 17 41 19 44 0 41 5 20 45 18 45 33 9 49 20 20 21 29 20 20 37 49 24 28 30 37 7 58 45 33 46 43 16 37 32 22 12 21 34 7 33 36 23 29 36 41 11 43 31 43 45 36 43 26 27 45 25 20 45 50 34 35 49 22 38 8 35 18 25 11 23 22 26 27 29 12 40 38 35 4 39 19 37 11 11 41 21 32 28 45 40 38 41 25 35 21
14 26 24 14 21 27 32 26 30 41 0 36 21 29 36 22 40 33 16 24 40 21 19 37 21 22 27 35 13 20 24 36 26 16 7 13 23 30 9 23 19 44 25 6 43 11 14 34 12 41 14 44 10 16 32 47 25 2 17 15 42 15 23 52 25 17 26 24 47 31 37 11 42 38 40 23 38 18 39 21 29 36 17 15 44 1 23 18 43 36 35 27 45 36 9 44 19 46 16 13 36
29 13 39 26 29 12 40 17 42 5 36 0 15 43 17 43 32 8 45 15 20 17 24 19 15 35 47 23 23 28 32 7 54 41 28 42 41 15 32 27 17 15 19 29 11 29 31 22 24 35 37 15 39 26 42 44 34 38 22 22 44 20 16 46 48 29 34 47 24 37 8 31 19 24 13 18 21 22 26 24 8 39 33 32 9 34 14 34 14 11 40 20 33 27 41 39 35 40 20 31 20
20 6 33 16 14 7 36 15 37 20 21 15 0 38 23 35 35 16 33 4 27 11 9 25 0 29 40 25 10 22 18 19 43 31 13 30 34 17 16 13 4 28 16 14 26 18 16 24 9 37 27 28 26 11 37 46 29 23 14 7 43 5 12 49 40 14 30 39 33 34 20 21 28 28 24 6 27 14 30 10 12 37 18 24 24 19 3 27 27 20 38 18 37 29 27 41 28 43 5 22 24
18 44 5 22 45 45 7 26 2 45 29 43 38 0 30 7 23 36 18 42 31 28 42 29 38 9 8 25 28 16 49 39 21 14 30 19 6 29 35 46 34 41 24 29 44 20 39 25 29 21 15 42 20 39 6 23 9 28 24 37 17 33 28 29 10 41 10 9 36 11 39 18 33 26 38 44 28 24 25 44 35 15 42 14 47 29 41 11 41 36 13 23 27 23 23 23 10 25 36 16 27
22 25 28 22 37 25 24 10 28 18 36 17 23 30 0 32 15 9 38 25 4 15 32 2 23 24 36 6 23 18 41 11 47 34 31 35 30 6 36 36 21 11 11 31 14 25 37 5 25 18 30 12 33 32 26 27 21 37 19 28 27 23 13 29 37 35 20 36 11 20 10 26 6 7 8 28 4 18 9 33 12 22 39 24 18 35 24 25 11 7 23 9 16 10 36 22 26 23 26 24 3
15 41 4 19 41 42 14 26 9 45 22 43 35 7 32 0 28 36 11 39 33 26 39 31 35 8 5 27 25 15 44 39 15 7 26 12 2 30 30 43 31 43 24 25 46 17 35 27 26 28 8 44 13 36 13 30 11 21 21 34 24 30 26 36 5 37 12 4 39 17 40 14 35 29 40 41 30 21 29 41 34 22 38 11 47 22 38 8 43 37 20 24 33 25 16 30 7 32 33 13 29
26 39 24 28 49 39 16 20 21 33 40 32 35 23 15 28 0 24 39 38 13 24 43 13 35 22 31 10 31 20 52 26 43 34 38 38 26 19 43 48 31 23 19 38 28 29 46 11 33 3 32 24 37 43 18 12 18 41 26 38 12 33 23 13 33 45 16 32 14 12 25 30 15 8 22 41 11 25 6 44 26 9 49 26 33 39 37 25 24 22 11 17 5 6 40 7 26 8 36 28 12
24 16 32 21 30 16 32 10 35 9 33 8 16 36 9 36 24 0 40 17 13 13 25 11 16 28 40 15 20 21 34 3 49 36 27 37 34 7 32 29 16 12 12 27 10 24 32 14 21 27 32 12 34 27 34 36 27 35 18 23 36 19 11 37 41 30 26 40 18 29 4 27 13 16 8 20 13 17 18 26 4 31 34 26 11 32 16 28 11 4 32 12 25 19 36 31 29 32 21 26 12
16 40 15 19 37 41 25 30 20 49 16 45 33 18 38 11 39 40 0 37 41 27 35 39 33 17 13 35 24 20 40 43 10 5 22 3 13 34 25 39 30 49 28 21 50 16 30 34 23 39 8 49 6 32 24 41 21 14 22 30 35 27 29 47 12 33 23 12 47 28 44 13 43 38 45 38 38 23 38 37 36 33 33 14 51 17 35 14 48 41 31 29 44 35 7 41 13 43 30 14 36
24 2 37 20 14 3 39 18 41 20 24 15 4 42 25 39 38 17 37 0 29 14 9 27 4 33 44 28 14 26 17 19 47 35 16 34 38 19 18 12 8 28 19 17 26 22 16 27 13 40 31 28 30 11 41 49 33 26 18 8 46 9 15 51 44 14 33 43 34 37 20 25 29 31 25 3 29 18 33 9 13 40 18 28 24 22 1 31 27 21 41 21 40 32 31 44 32 46 7 26 26
26 29 29 26 41 29 24 14 29 20 40 20 27 31 4 33 13 13 41 29 0 19 36 3 27 25 37 5 27 20 45 13 48 36 35 38 31 10 40 40 25 10 15 35 15 29 41 6 29 16 33 11 37 36 26 25 22 41 23 32 25 27 17 26 38 39 20 37 7 20 12 30 2 5 9 32 2 22 7 37 16 20 43 26 20 39 28 26 11 9 21 13 13 8 40 20 27 21 30 28 4
11 16 23 8 24 17 25 5 27 21 21 17 11 28 15 26 24 13 27 14 19 0 19 16 11 19 31 15 8 12 28 16 36 23 16 24 25 9 21 23 7 23 5 16 23 11 22 14 10 26 19 23 21 18 27 35 19 23 5 14 32 9 2 37 31 21 19 30 26 23 17 14 21 18 19 17 17 5 20 20 9 26 25 15 24 20 13 18 22 15 27 7 27 18 23 30 19 32 12 13 15
24 11 37 20 5 12 42 24 41 29 19 24 9 42 32 39 43 25 35 9 36 19 0 34 9 33 44 34 14 27 9 28 45 35 13 32 38 26 11 5 12 37 24 14 35 22 8 33 13 45 31 37 29 3 42 54 34 21 19 5 50 10 21 56 44 5 35 43 42 40 29 25 37 37 33 6 36 20 39 2 21 45 9 28 33 18 10 31 36 29 44 26 46 37 28 49 32 51 7 26 33
23 27 27 23 39 27 23 11 27 20 37 19 25 29 2 31 13 11 39 27 3 16 34 0 25 23 35 4 24 18 43 13 46 34 32 36 29 8 37 38 23 12 12 32 15 26 38 3 26 16 30 13 34 34 24 25 19 38 20 30 25 25 14 26 36 37 18 34 10 18 12 27 5 5 9 30 2 19 7 35 14 20 41 24 20 36 26 24 12 9 21 10 14 8 37 20 25 21 28 25 1
20 6 33 16 14 7 36 15 37 20 21 15 0 38 23 35 35 16 33 4 27 11 9 25 0 29 40 25 10 22 18 19 43 31 13 30 34 17 16 13 4 28 16 14 26 18 16 24 9 37 27 28 26 11 37 46 29 23 14 7 43 5 12 48 40 14 30 39 33 34 20 21 28 28 24 6 27 14 30 10 12 37 18 24 24 19 3 27 27 20 38 18 37 29 27 41 28 43 5 22 24
9 35 4 13 36 36 10 18 8 37 22 35 29 9 24 8 22 28 17 33 25 19 33 23 29 0 12 20 19 7 40 31 23 12 22 16 6 21 27 38 25 35 16 22 37 12 31 20 20 22 10 36 15 31 10 25 4 21 15 28 20 24 19 30 13 33 6 12 32 11 31 10 27 22 32 35 23 15 22 35 27 16 34 6 39 21 32 3 35 28 15 16 27 19 18 24 4 26 27 8 22
20 46 8 24 46 47 15 30 10 49 27 47 40 8 36 5 31 40 13 44 37 31 44 35 40 12 0 31 30 19 49 43 13 9 31 14 6 33 34 48 36 47 28 30 49 22 39 31 31 29 13 48 15 41 14 31 15 23 26 39 25 35 31 37 2 42 16 1 43 19 43 19 39 33 44 46 34 26 33 46 39 23 42 16 51 26 43 13 47 40 21 28 35 29 18 31 12 33 38 18 33
21 29 23 21 39 29 19 10 23 24 35 23 25 25 6 27 10 15 35 28 5 15 34 4 25 20 31 0 22 15 43 17 42 30 30 33 25 9 35 38 22 15 10 30 19 24 37 1 24 12 27 16 32 33 21 21 17 36 18 29 21 24 13 23 32 36 15 31 12 15 16 25 7 3 13 31 3 17 5 35 16 16 40 21 24 34 27 21 16 13 17 8 12 4 35 16 22 18 27 23 3
10 16 23 6 18 17 27 13 27 28 13 23 10 28 23 25 31 20 24 14 27 8 14 24 10 19 30 22 0 13 22 23 34 21 8 21 24 17 13 19 6 31 12 8 30 8 15 21 2 33 17 31 18 13 28 40 20 15 5 9 36 5 10 44 30 16 21 29 34 26 24 11 29 25 27 16 25 6 27 16 16 31 18 14 31 12 13 17 30 23 30 14 34 25 19 37 18 39 8 12 23
6 28 11 8 31 29 14 11 15 30 20 28 22 16 18 15 20 21 20 26 20 12 27 18 22 7 19 15 13 0 35 24 28 16 19 18 13 14 24 32 18 29 9 18 30 9 28 14 15 21 12 29 17 26 15 27 7 21 8 22 22 17 12 32 20 29 8 19 27 13 24 10 22 18 25 28 18 8 19 29 20 18 31 6 32 19 25 7 28 21 17 9 25 16 20 25 8 27 20 8 16
31 19 44 28 4 20 50 33 48 37 24 32 18 49 41 44 52 34 40 17 45 28 9 43 18 40 49 43 22 35 0 36 50 40 18 37 44 35 15 5 20 45 33 19 43 28 10 42 20 54 36 45 34 9 50 62 42 26 27 13 57 18 29 65 49 7 43 48 51 48 37 31 46 46 42 14 45 28 48 8 30 53 7 34 41 23 18 37 44 38 52 35 55 46 33 58 38 60 15 32 42
27 18 35 24 33 17 35 13 38 7 36 7 19 39 11 39 26 3 43 19 13 16 28 13 19 31 43 17 23 24 36 0 52 39 30 40 37 10 35 31 19 9 15 30 7 27 35 16 24 29 35 9 37 30 37 38 30 38 21 26 38 22 14 39 44 33 29 43 17 31 1 30 12 18 6 22 15 20 20 28 7 33 37 29 8 35 18 31 8 4 34 15 26 21 39 33 32 34 24 29 14
25 50 19 29 47 51 28 39 23 58 26 54 43 21 47 15 43 49 10 47 48 36 45 46 43 23 13 42 34 28 50 52 0 12 32 13 17 42 35 49 40 57 37 31 58 25 40 42 33 42 16 57 16 42 27 44 26 24 31 40 38 37 38 50 11 43 27 12 54 32 52 22 49 44 53 48 45 32 44 47 45 36 43 22 60 27 45 21 56 49 34 37 48 40 17 44 20 46 40 22 44
12 38 10 16 37 39 20 26 15 45 16 41 31 14 34 7 34 36 5 35 36 23 35 34 31 12 9 30 21 16 40 39 12 0 22 5 8 30 25 39 27 45 24 21 46 13 30 30 22 34 4 45 6 32 19 36 16 14 18 30 30 26 25 42 9 33 18 8 42 23 40 10 37 33 41 37 33 19 33 37 32 28 33 10 47 17 34 9 44 37 26 25 39 30 9 36 8 38 29 10 32
13 19 25 11 15 20 32 21 30 33 7 28 13 30 31 26 38 27 22 16 35 16 13 32 13 22 31 30 8 19 18 30 32 22 0 19 26 25 5 17 11 39 20 1 37 10 9 29 6 40 18 39 16 10 32 46 25 9 13 8 41 8 18 51 31 11 26 30 42 31 31 13 37 33 35 16 33 13 35 15 23 36 12 16 37 6 16 19 38 31 35 22 42 32 15 44 20 46 9 14 31
13 36 14 16 34 37 24 27 20 46 13 42 30 19 35 12 38 37 3 34 38 24 32 36 30 16 14 33 21 18 37 40 13 5 19 0 13 31 22 36 27 46 25 18 47 13 27 32 20 38 6 46 3 29 23 40 20 11 19 27 34 24 26 46 13 30 22 13 45 27 41 10 40 36 42 35 36 20 37 34 33 32 30 12 48 14 32 13 45 38 30 26 43 34 4 40 12 42 27 11 34
14 40 2 18 41 41 12 24 7 43 23 41 34 6 30 2 26 34 13 38 31 25 38 29 34 6 6 25 24 13 44 37 17 8 26 13 0 27 31 42 30 40 22 25 43 16 35 25 25 26 9 41 14 35 11 28 9 22 20 33 22 29 25 34 7 37 10 6 37 15 37 13 32 27 38 40 28 20 27 40 33 20 38 10 45 23 37 7 41 34 18 22 31 23 17 28 6 30 32 12 27
18 20 26 16 31 20 25 4 27 16 30 15 17 29 6 30 19 7 34 19 10 9 26 8 17 21 33 9 17 14 35 10 42 30 25 31 27 0 30 30 15 15 6 25 15 19 30 8 19 21 26 15 29 26 27 30 19 31 13 22 29 17 7 32 34 29 19 33 17 22 10 22 12 11 11 22 9 12 13 27 7 24 33 20 18 29 18 21 14 7 25 5 20 13 31 25 22 27 20 20 7
18 20 30 16 12 21 37 26 35 37 9 32 16 35 36 30 43 32 25 18 40 21 11 37 16 27 34 35 13 24 15 35 35 25 5 22 31 30 0 14 16 44 25 6 42 15 5 34 11 45 22 44 19 8 37 51 30 11 18 10 46 13 23 56 34 8 31 33 47 36 36 18 42 38 40 17 38 18 40 13 28 41 8 21 40 8 18 24 43 36 40 27 47 37 18 49 25 51 11 19 36
29 14 41 25 2 15 47 28 46 32 23 27 13 46 36 43 48 29 39 12 40 23 5 38 13 38 48 38 19 32 5 31 49 39 17 36 42 30 14 0 16 40 28 18 38 26 9 37 18 49 35 40 33 7 47 58 39 25 24 10 54 15 25 60 48 6 40 47 46 45 32 29 41 41 37 9 39 25 43 3 25 49 7 32 36 22 13 35 39 33 49 30 50 41 32 53 36 55 11 30 37
16 10 29 12 16 11 32 12 33 22 19 17 4 34 21 31 31 16 30 8 25 7 12 23 4 25 36 22 6 18 20 19 40 27 11 27 30 15 16 16 0 28 12 12 26 14 16 21 7 33 23 28 24 11 33 42 25 20 10 7 39 3 9 44 36 14 26 35 32 30 20 17 27 25 24 10 24 10 27 13 12 33 18 20 26 17 7 23 27 20 34 14 34 25 25 37 24 39 5 18 22
33 27 39 31 42 26 34 19 39 12 44 15 28 41 11 43 23 12 49 28 10 23 37 12 28 35 47 15 31 29 45 9 57 45 39 46 40 15 44 40 28 0 21 39 5 34 44 15 33 26 41 1 44 39 36 35 31 46 28 35 35 31 21 35 47 42 30 46 10 30 8 37 8 15 4 31 12 27 17 37 16 30 46 35 10 43 27 36 1 8 31 20 22 18 46 30 37 31 33 35 13
12 20 20 11 29 21 21 2 23 21 25 19 16 24 11 24 19 12 28 19 15 5 24 12 16 16 28 10 12 9 33 15 37 24 20 25 22 6 25 28 12 21 0 20 21 14 27 9 14 21 20 21 23 23 23 30 15 26 8 19 26 14 4 32 29 26 15 28 22 18 16 16 17 13 17 22 13 7 15 25 11 21 30 14 23 24 18 16 20 13 22 2 22 13 26 25 17 27 17 14 11
13 19 24 10 16 20 32 21 30 34 6 29 14 29 31 25 38 27 21 17 35 16 14 32 14 22 30 30 8 18 19 30 31 21 1 18 25 25 6 18 12 39 20 0 37 10 10 29 6 39 17 39 15 11 32 45 25 8 12 9 40 9 18 50 30 12 26 29 42 31 31 12 37 33 35 17 33 13 35 16 24 36 13 15 38 5 17 18 38 31 35 22 41 32 14 43 19 45 10 13 31
34 24 42 31 40 23 38 20 42 7 43 11 26 44 14 46 28 10 50 26 15 23 35 15 26 37 49 19 30 30 43 7 58 46 37 47 43 15 42 38 26 5 21 37 0 34 42 18 31 31 41 4 44 37 39 40 34 45 28 33 40 29 21 40 49 40 33 48 15 33 6 37 13 20 6 29 17 27 22 35 14 35 44 35 5 42 25 36 4 8 36 20 27 23 46 35 37 36 31 35 16
3 24 15 3 24 25 22 15 20 33 11 29 18 20 25 17 29 24 16 22 29 11 22 26 18 12 22 24 8 9 28 27 25 13 10 13 16 19 15 26 14 34 14 10 34 0 19 23 9 30 9 34 10 19 22 36 15 12 6 17 31 13 13 41 22 21 16 21 36 21 28 3 31 27 30 24 27 7 28 24 20 26 22 6 35 10 21 9 33 26 25 16 34 25 12 34 10 36 16 4 25
22 18 34 20 7 19 41 27 39 36 14 31 16 39 37 35 46 32 30 16 41 22 8 38 16 31 39 37 15 28 10 35 40 30 9 27 35 30 5 9 16 44 27 10 42 19 0 36 13 48 27 44 24 5 41 55 34 16 20 9 50 13 24 59 39 3 35 38 47 40 36 22 42 40 40 14 39 21 42 9 28 45 3 25 40 13 17 28 43 36 44 29 49 40 23 52 29 54 11 23 37
20 28 23 20 38 28 19 9 23 23 34 22 24 25 5 27 11 14 34 27 6 14 33 3 24 20 31 1 21 14 42 16 42 30 29 32 25 8 34 37 21 15 9 29 18 23 36 0 23 13 26 16 31 32 21 22 16 35 17 28 22 23 12 24 32 35 15 31 13 15 15 24 8 4 12 30 4 16 6 34 15 17 39 20 23 33 26 21 15 12 18 7 13 5 34 17 22 19 26 22 2
11 15 24 7 16 16 29 15 28 29 12 24 9 29 25 26 33 21 23 13 29 10 13 26 9 20 31 24 2 15 20 24 33 22 6 20 25 19 11 18 7 33 14 6 31 9 13 23 0 35 18 33 17 11 30 42 22 14 7 8 37 4 12 46 31 14 23 30 36 28 25 12 31 27 29 15 27 8 29 15 18 33 16 15 32 11 12 18 32 25 32 16 36 27 18 39 19 41 7 13 25
27 41 24 29 50 41 14 22 19 36 41 35 37 21 18 28 3 27 39 40 16 26 45 16 37 22 29 12 33 21 54 29 42 34 40 38 26 21 45 49 33 26 21 39 31 30 48 13 35 0 32 27 37 44 16 9 18 42 28 40 9 35 25 11 31 47 16 30 17 11 28 31 18 11 25 43 14 27 9 46 28 7 51 26 36 40 39 25 27 25 9 19 6 8 40 4 26 6 38 28 15
8 33 10 12 33 34 19 22 16 41 14 37 27 15 30 8 32 32 8 31 33 19 31 30 27 10 13 27 17 12 36 35 16 4 18 6 9 26 22 35 23 41 20 17 41 9 27 26 18 32 0 41 5 28 19 35 14 13 14 26 29 22 21 40 13 29 16 12 39 21 36 6 34 30 37 33 30 15 31 33 28 26 30 6 43 14 30 7 40 33 25 21 37 28 8 34 6 36 25 6 28
33 27 40 31 42 26 35 19 40 11 44 15 28 42 12 44 24 12 49 28 11 23 37 13 28 36 48 16 31 29 45 9 57 45 39 46 41 15 44 40 28 1 21 39 4 34 44 16 33 27 41 0 44 39 37 36 32 46 28 35 36 31 21 36 48 42 31 47 11 31 8 37 9 16 4 31 13 27 18 37 16 31 46 35 9 43 27 36 1 8 32 20 23 19 46 31 37 32 33 35 14
11 32 15 13 31 33 24 25 21 43 10 39 26 20 33 13 37 34 6 30 37 21 29 34 26 15 15 32 18 17 34 37 16 6 16 3 14 29 19 33 24 44 23 15 44 10 24 31 17 37 5 44 0 26 24 40 19 8 16 24 34 21 23 45 15 27 21 14 44 26 38 8 39 35 40 32 35 17 36 31 30 31 27 11 45 11 29 12 43 36 30 24 42 33 3 39 11 41 24 9 33
22 13 34 18 5 14 40 24 39 31 16 26 11 39 32 36 43 27 32 11 36 18 3 34 11 31 41 33 13 26 9 30 42 32 10 29 35 26 8 7 11 39 23 11 37 19 5 32 11 44 28 39 26 0 41 53 33 18 18 4 48 9 20 55 41 3 34 40 43 39 31 22 38 36 35 9 35 19 38 5 23 44 7 25 35 15 12 28 38 31 43 25 45 36 25 48 29 50 6 23 33
19 43 9 23 46 44 2 25 4 43 32 42 37 6 26 13 18 34 24 41 26 27 42 24 37 10 14 21 28 15 50 37 27 19 32 23 11 27 37 47 33 36 23 32 39 22 41 21 30 16 19 37 24 41 0 17 8 31 23 37 11 32 27 23 16 43 8 15 31 6 36 20 28 21 33 43 24 23 20 44 34 9 44 16 44 31 40 13 36 33 7 22 22 18 27 17 14 19 35 18 23
33 50 26 35 58 50 16 31 21 45 47 44 46 23 27 30 12 36 41 49 25 35 54 25 46 25 31 21 40 27 62 38 44 36 46 40 28 30 51 58 42 35 30 45 40 36 55 22 42 9 35 36 40 53 17 0 21 46 35 49 6 44 34 6 33 56 19 32 25 14 37 35 27 20 34 52 23 34 18 55 37 9 58 30 45 46 48 28 36 34 10 28 13 17 43 5 29 4 47 32 24
12 35 7 15 38 36 7 17 8 36 25 34 29 9 21 11 18 27 21 33 22 19 34 19 29 4 15 17 20 7 42 30 26 16 25 20 9 19 30 39 25 31 15 25 34 15 34 16 22 18 14 32 19 33 8 21 0 25 15 29 16 24 19 27 16 36 2 15 28 7 29 14 24 18 28 35 20 15 18 36 26 12 37 9 37 25 32 7 31 26 11 14 23 15 22 20 8 22 27 11 18
15 28 23 15 23 29 31 27 29 43 2 38 23 28 37 21 41 35 14 26 41 23 21 38 23 21 23 36 15 21 26 38 24 14 9 11 22 31 11 25 20 46 26 8 45 12 16 35 14 42 13 46 8 18 31 46 25 0 18 17 41 17 25 51 23 19 26 22 48 31 39 11 43 39 42 25 39 19 40 23 31 36 19 15 46 3 25 18 45 38 35 28 46 37 7 44 18 46 18 13 37
6 20 19 3 23 21 22 9 23 26 17 22 14 24 19 21 26 18 22 18 23 5 19 20 14 15 26 18 5 8 27 21 31 18 13 19 20 13 18 24 10 28 8 12 28 6 20 17 7 28 14 28 16 18 23 35 15 18 0 14 30 9 7 39 26 21 16 25 30 21 22 9 25 21 24 20 21 1 23 21 14 26 23 10 29 16 17 13 27 20 25 10 29 20 18 32 14 34 12 8 19
19 10 32 15 9 11 36 19 36 27 15 22 7 37 28 34 38 23 30 8 32 14 5 30 7 28 39 29 9 22 13 26 40 30 8 27 33 22 10 10 7 35 19 9 33 17 9 28 8 40 26 35 24 4 37 49 29 17 14 0 44 5 16 51 39 7 30 38 39 35 27 20 34 32 31 8 31 15 34 7 19 40 11 23 31 14 8 26 34 27 39 21 41 32 23 44 27 46 2 21 29
28 47 20 30 54 48 10 28 15 45 42 44 43 17 27 24 12 36 35 46 25 32 50 25 43 20 25 21 36 22 57 38 38 30 41 34 22 29 46 54 39 35 26 40 40 31 50 22 37 9 29 36 34 48 11 6 16 41 30 44 0 39 30 12 27 51 14 26 26 9 37 30 27 20 34 48 23 30 18 51 36 5 53 25 45 41 44 23 36 34 5 25 15 17 37 7 23 8 42 27 24
15 11 28 11 14 12 31 14 32 25 15 20 5 33 23 30 33 19 27 9 27 9 10 25 5 24 35 24 5 17 18 22 37 26 8 24 29 17 13 15 3 31 14 9 29 13 13 23 4 35 22 31 21 9 32 44 24 17 9 5 39 0 11 46 35 12 25 34 34 30 23 16 29 27 27 11 26 10 29 11 15 35 16 19 29 14 8 22 30 23 34 16 36 27 22 39 23 41 3 17 24
13 16 23 10 25 17 25 3 27 20 23 16 12 28 13 26 23 11 29 15 17 2 21 14 12 19 31 13 10 12 29 14 38 25 18 26 25 7 23 25 9 21 4 18 21 13 24 12 12 25 21 21 23 20 27 34 19 25 7 16 30 11 0 36 31 23 19 30 24 22 15 16 19 16 17 18 15 6 18 22 8 25 27 16 22 22 14 18 20 13 26 6 25 17 25 29 19 31 14 15 13
38 53 32 40 62 53 22 34 27 45 52 46 49 29 29 36 13 37 47 51 26 37 56 26 48 30 37 23 44 32 65 39 50 42 51 46 34 32 56 60 44 35 32 50 40 41 59 24 46 11 40 36 45 55 23 6 27 51 39 51 12 46 36 0 39 58 25 38 25 19 38 40 27 21 34 54 24 38 19 57 39 14 62 36 45 51 50 33 36 35 16 30 13 19 48 7 34 5 49 38 25
20 46 9 24 46 47 17 31 12 50 25 48 40 10 37 5 33 41 12 44 38 31 44 36 40 13 2 32 30 20 49 44 11 9 31 13 7 34 34 48 36 47 29 30 49 22 39 32 31 31 13 48 15 41 16 33 16 23 26 39 27 35 31 39 0 42 17 1 44 21 44 19 39 34 44 46 35 26 34 46 39 25 42 16 52 26 43 13 47 41 23 29 37 30 17 33 12 35 38 18 34
24 16 36 21 4 17 43 26 41 34 17 29 14 41 35 37 45 30 33 14 39 21 5 37 14 33 42 36 16 29 7 33 43 33 11 30 37 29 8 6 14 42 26 12 40 21 3 35 14 47 29 42 27 3 43 56 36 19 21 7 51 12 23 58 42 0 37 41 46 42 34 24 41 39 38 11 38 22 41 6 26 47 4 27 38 16 15 30 41 34 46 28 48 39 26 51 31 53 9 25 36
13 35 8 16 39 36 6 17 8 35 26 34 30 10 20 12 16 26 23 33 20 19 35 18 30 6 16 15 21 8 43 29 27 18 26 22 10 19 31 40 26 30 15 26 33 16 35 15 23 16 16 31 21 34 8 19 2 26 16 30 14 25 19 25 17 37 0 16 26 5 29 15 22 16 27 36 18 16 16 36 26 10 38 11 37 26 32 9 30 26 9 14 21 13 24 18 10 20 28 13 17
19 45 8 23 45 46 16 30 11 49 24 47 39 9 36 4 32 40 12 43 37 30 43 34 39 12 1 31 29 19 48 43 12 8 30 13 6 33 33 47 35 46 28 29 48 21 38 31 30 30 12 47 14 40 15 32 15 22 25 38 26 34 30 38 1 41 16 0 42 20 43 18 38 32 43 45 34 25 32 45 38 24 41 15 51 25 42 12 46 40 22 28 36 29 17 32 11 34 37 17 33
33 34 35 33 48 34 29 21 34 22 47 24 33 36 11 39 14 18 47 34 7 26 42 10 33 32 43 12 34 27 51 17 54 42 42 45 37 17 47 46 32 10 22 42 15 36 47 13 36 17 39 11 44 43 31 25 28 48 30 39 26 34 24 25 44 46 26 42 0 24 16 37 5 10 11 37 9 29 10 43 21 23 50 33 20 46 33 33 11 14 25 20 12 13 47 20 34 21 37 35 11
18 38 13 21 44 39 4 20 9 38 31 37 34 11 20 17 12 29 28 37 20 23 40 18 34 11 19 15 26 13 48 31 32 23 31 27 15 22 36 45 30 30 18 31 33 21 40 15 28 11 21 31 26 39 6 14 7 31 21 35 9 30 22 19 21 42 5 20 24 0 30 20 22 15 27 40 18 21 14 41 29 5 43 16 38 31 36 14 30 27 4 17 17 12 29 13 15 15 33 18 17
28 19 36 25 34 18 34 14 37 8 37 8 20 39 10 40 25 4 44 20 12 17 29 12 20 31 43 16 24 24 37 1 52 40 31 41 37 10 36 32 20 8 16 31 6 28 36 15 25 28 36 8 38 31 36 37 29 39 22 27 37 23 15 38 44 34 29 43 16 30 0 31 11 17 5 23 14 21 19 29 8 32 38 30 8 36 19 31 7 3 33 15 25 20 40 32 32 33 25 30 13
4 27 13 6 27 28 20 18 18 35 11 31 21 18 26 14 30 27 13 25 30 14 25 27 21 10 19 25 11 10 31 30 22 10 13 10 13 22 18 29 17 37 16 12 37 3 22 24 12 31 6 37 8 22 20 35 14 11 9 20 30 16 16 40 19 24 15 18 37 20 31 0 32 28 33 27 28 10 29 27 23 25 25 4 38 11 24 7 36 29 24 17 35 26 10 33 8 35 19 2 26
28 29 31 28 42 29 26 16 31 18 42 19 28 33 6 35 15 13 43 29 2 21 37 5 28 27 39 7 29 22 46 12 49 37 37 40 32 12 42 41 27 8 17 37 13 31 42 8 31 18 34 9 39 38 28 27 24 43 25 34 27 29 19 27 39 41 22 38 5 22 11 32 0 7 7 32 4 24 9 38 16 22 45 28 18 41 28 28 9 9 23 15 14 10 42 22 29 23 32 30 6
24 31 25 24 42 31 19 13 24 25 38 24 28 26 7 29 8 16 38 31 5 18 37 5 28 22 33 3 25 18 46 18 44 33 33 36 27 11 38 41 25 15 13 33 20 27 40 4 27 11 30 16 35 36 21 20 18 39 21 32 20 27 16 21 34 39 16 32 10 15 17 28 7 0 14 33 3 20 2 38 18 15 43 24 25 37 29 24 16 14 16 11 9 3 38 15 25 16 30 26 4
29 24 36 27 38 23 32 15 36 11 40 13 24 38 8 40 22 8 45 25 9 19 33 9 24 32 44 13 27 25 42 6 53 41 35 42 38 11 40 37 24 4 17 35 6 30 40 12 29 25 37 4 40 35 33 34 28 42 24 31 34 27 17 34 44 38 27 43 11 27 5 33 7 14 0 28 11 23 16 34 12 29 42 31 11 39 24 32 3 4 30 16 21 17 42 29 33 30 29 31 10
26 5 39 22 11 6 42 21 43 23 23 18 6 44 28 41 41 20 38 3 32 17 6 30 6 35 46 31 16 28 14 22 48 37 16 35 40 22 17 9 10 31 22 17 29 24 14 30 15 43 33 31 32 9 43 52 35 25 20 8 48 11 18 54 46 11 36 45 37 40 23 27 32 33 28 0 31 20 35 6 16 43 15 30 27 22 4 33 30 24 44 24 42 35 31 47 34 49 8 28 29
24 29 26 24 41 29 22 12 26 22 38 21 27 28 4 30 11 13 38 29 2 17 36 2 27 23 34 3 25 18 45 15 45 33 33 36 28 9 38 39 24 12 13 33 17 27 39 4 27 14 30 13 35 35 24 23 20 39 21 31 23 26 15 24 35 38 18 34 9 18 14 28 4 3 11 31 0 20 5 36 16 18 42 24 22 37 27 24 13 11 19 11 12 6 38 18 25 19 29 26 2
7 20 19 4 24 21 22 8 23 26 18 22 14 24 18 21 25 17 23 18 22 5 20 19 14 15 26 17 6 8 28 20 32 19 13 20 20 12 18 25 10 27 7 13 27 7 21 16 8 27 15 27 17 19 23 34 15 19 1 15 30 10 6 38 26 22 16 25 29 21 21 10 24 20 23 20 20 0 22 21 14 25 24 10 28 17 17 13 26 19 25 9 28 19 19 31 14 33 13 9 18
25 33 25 25 44 33 18 15 23 27 39 26 30 25 9 29 6 18 38 33 7 20 39 7 30 22 33 5 27 19 48 20 44 33 35 37 27 13 40 43 27 17 15 35 22 28 42 6 29 9 31 18 36 38 20 18 18 40 23 34 18 29 18 19 34 41 16 32 10 14 19 29 9 2 16 35 5 22 0 40 20 13 45 25 27 38 31 24 18 16 15 13 7 3 39 13 25 14 32 27 6
26 11 39 22 5 12 43 25 43 29 21 24 10 44 33 41 44 26 37 9 37 20 2 35 10 35 46 35 16 29 8 28 47 37 15 34 40 27 13 3 13 37 25 16 35 24 9 34 15 46 33 37 31 5 44 55 36 23 21 7 51 11 22 57 46 6 36 45 43 41 29 27 38 38 34 6 36 21 40 0 22 46 9 30 33 20 10 33 36 30 45 27 47 38 30 50 34 52 8 28 34
20 13 31 17 26 13 32 9 34 12 29 8 12 35 12 34 26 4 36 13 16 9 21 14 12 27 39 16 16 20 30 7 45 32 23 33 33 7 28 25 12 16 11 24 14 20 28 15 18 28 28 16 30 23 34 37 26 31 14 19 36 15 8 39 39 26 26 38 21 29 8 23 16 18 12 16 16 14 20 22 0 31 30 24 15 28 12 26 15 8 32 12 27 20 32 32 27 34 17 22 14
23 41 18 26 49 42 8 23 13 40 36 39 37 15 22 22 9 31 33 40 20 26 45 20 37 16 23 16 31 18 53 33 36 28 36 32 20 24 41 49 33 30 21 36 35 26 45 17 33 7 26 31 31 44 9 9 12 36 26 40 5 35 25 14 25 47 10 24 23 5 32 25 22 15 29 43 18 25 13 46 31 0 48 21 40 36 39 19 31 29 2 20 13 12 34 8 20 10 38 23 19
25 20 37 23 5 21 44 30 42 38 17 33 18 42 39 38 49 34 33 18 43 25 9 41 18 34 42 40 18 31 7 37 43 33 12 30 38 33 8 7 18 46 30 13 44 22 3 39 16 51 30 46 27 7 44 58 37 19 23 11 53 16 27 62 42 4 38 41 50 43 38 25 45 43 42 15 42 24 45 9 30 48 0 28 42 16 19 31 45 38 47 32 52 43 26 55 32 57 13 26 40
4 30 9 8 30 31 16 16 14 35 15 32 24 14 24 11 26 26 14 28 26 15 28 24 24 6 16 21 14 6 34 29 22 10 16 12 10 20 21 32 20 35 14 15 35 6 25 20 15 26 6 35 11 25 16 30 9 15 10 23 25 19 16 36 16 27 11 15 33 16 30 4 28 24 31 30 24 10 25 30 24 21 28 0 37 15 27 3 34 27 20 15 31 22 14 29 4 31 22 2 22
35 22 43 32 38 21 42 21 45 4 44 9 24 47 18 47 33 11 51 24 20 24 33 20 24 39 51 24 31 32 41 8 60 47 37 48 45 18 40 36 26 10 23 38 5 35 40 23 32 36 43 9 45 35 44 45 37 46 29 31 45 29 22 45 52 38 37 51 20 38 8 38 18 25 11 27 22 28 27 33 15 40 42 37 0 43 23 39 9 11 41 23 32 28 47 40 40 41 29 37 21
13 24 24 13 20 25 31 25 29 39 1 34 19 29 35 22 39 32 17 22 39 20 18 36 19 21 26 34 12 19 23 35 27 17 6 14 23 29 8 22 17 43 24 5 42 10 13 33 11 40 14 43 11 15 31 46 25 3 16 14 41 14 22 51 26 16 26 25 46 31 36 11 41 37 39 22 37 17 38 20 28 36 16 15 43 0 22 18 42 35 35 26 44 35 10 44 19 46 15 13 35
23 3 36 19 15 4 38 17 40 19 23 14 3 41 24 38 37 16 35 1 28 13 10 26 3 32 43 27 13 25 18 18 45 34 16 32 37 18 18 13 7 27 18 17 25 21 17 26 12 39 30 27 29 12 40 48 32 25 17 8 44 8 14 50 43 15 32 42 33 36 19 24 28 29 24 4 27 17 31 10 12 39 19 27 23 22 0 30 26 20 40 20 38 31 30 43 31 45 7 25 25
7 33 6 11 33 34 13 18 11 37 18 34 27 11 25 8 25 28 14 31 26 18 31 24 27 3 13 21 17 7 37 31 21 9 19 13 7 21 24 35 23 36 16 18 36 9 28 21 18 25 7 36 12 28 13 28 7 18 13 26 23 22 18 33 13 30 9 12 33 14 31 7 28 24 32 33 24 13 24 33 26 19 31 3 39 18 30 0 35 28 18 16 30 21 15 27 1 29 25 5 23
32 26 39 30 41 25 35 18 39 11 43 14 27 41 11 43 24 11 48 27 11 22 36 12 27 35 47 16 30 28 44 8 56 44 38 45 41 14 43 39 27 1 20 38 4 33 43 15 32 27 40 1 43 38 36 36 31 45 27 34 36 30 20 36 47 41 30 46 11 30 7 36 9 16 3 30 13 26 18 36 15 31 45 34 9 42 26 35 0 7 32 19 23 19 45 31 36 32 32 34 13
25 20 33 23 34 20 31 11 34 11 36 11 20 36 7 37 22 4 41 21 9 15 29 9 20 28 40 13 23 21 38 4 49 37 31 38 34 7 36 33 20 8 13 31 8 26 36 12 25 25 33 8 36 31 33 34 26 38 20 27 34 23 13 35 41 34 26 40 14 27 3 29 9 14 4 24 11 19 16 30 8 29 38 27 11 35 20 28 7 0 30 12 22 17 38 29 29 30 25 27 10
22 42 16 25 48 43 6 23 11 41 35 40 38 13 23 20 11 32 31 41 21 27 44 21 38 15 21 17 30 17 52 34 34 26 35 30 18 25 40 49 34 31 22 35 36 25 44 18 32 9 25 32 30 43 7 10 11 35 25 39 5 34 26 16 23 46 9 22 25 4 33 24 23 16 30 44 19 25 15 45 32 2 47 20 41 35 40 18 32 30 0 20 15 13 33 10 19 12 37 22 20
13 22 20 13 31 23 20 3 22 21 27 20 18 23 9 24 17 12 29 21 13 7 26 10 18 16 28 8 14 9 35 15 37 25 22 26 22 5 27 30 14 20 2 22 20 16 29 7 16 19 21 20 24 25 22 28 14 28 10 21 25 16 6 30 29 28 14 28 20 17 15 17 15 11 16 24 11 9 13 27 12 20 32 15 23 26 20 16 19 12 20 0 20 11 27 23 17 25 19 15 9
31 40 29 31 51 40 20 22 25 32 45 33 37 27 16 33 5 25 44 40 13 27 46 14 37 27 35 12 34 25 55 26 48 39 42 43 31 20 47 50 34 22 22 41 27 34 49 13 36 6 37 23 42 45 22 13 23 46 29 41 15 36 25 13 37 48 21 36 12 17 25 35 14 9 21 42 12 28 7 47 27 13 52 31 32 44 38 30 23 22 15 20 0 9 45 8 31 9 39 33 13
22 33 21 22 42 33 16 14 21 28 36 27 29 23 10 25 6 19 35 32 8 18 37 8 29 19 29 4 25 16 46 21 40 30 32 34 23 13 37 41 25 18 13 32 23 25 40 5 27 8 28 19 33 36 18 17 15 37 20 32 17 27 17 19 30 39 13 29 13 12 20 26 10 3 17 35 6 19 3 38 20 12 43 22 28 35 31 21 19 17 13 11 9 0 36 12 22 14 30 24 7
14 33 18 15 30 34 27 27 24 45 9 41 27 23 36 16 40 36 7 31 40 23 28 37 27 18 18 35 19 20 33 39 17 9 15 4 17 31 18 32 25 46 26 14 46 12 23 34 18 40 8 46 3 25 27 43 22 7 18 23 37 22 25 48 17 26 24 17 47 29 40 10 42 38 42 31 38 19 39 30 32 34 26 14 47 10 30 15 45 38 33 27 45 36 0 42 14 44 24 12 36
31 45 26 33 54 45 16 26 21 40 44 39 41 23 22 30 7 31 41 44 20 30 49 20 41 24 31 16 37 25 58 33 44 36 44 40 28 25 49 53 37 30 25 43 35 34 52 17 39 4 34 31 39 48 17 5 20 44 32 44 7 39 29 7 33 51 18 32 20 13 32 33 22 15 29 47 18 31 13 50 32 8 55 29 40 44 43 27 31 29 10 23 8 12 42 0 28 2 42 31 19
8 34 5 12 34 35 13 19 11 38 19 35 28 10 26 7 26 29 13 32 27 19 32 25 28 4 12 22 18 8 38 32 20 8 20 12 6 22 25 36 24 37 17 19 37 10 29 22 19 26 6 37 11 29 14 29 8 18 14 27 23 23 19 34 12 31 10 11 34 15 32 8 29 25 33 34 25 14 25 34 27 20 32 4 40 19 31 1 36 29 19 17 31 22 14 28 0 30 26 6 24
33 47 28 35 56 47 18 28 23 41 46 40 43 25 23 32 8 32 43 46 21 32 51 21 43 26 33 18 39 27 60 34 46 38 46 42 30 27 51 55 39 31 27 45 36 36 54 19 41 6 36 32 41 50 19 4 22 46 34 46 8 41 31 5 35 53 20 34 21 15 33 35 23 16 30 49 19 33 14 52 34 10 57 31 41 46 45 29 32 30 12 25 9 14 44 2 30 0 44 33 20
18 9 31 14 11 10 34 17 35 25 16 20 5 36 26 33 36 21 30 7 30 12 7 28 5 27 38 27 8 20 15 24 40 29 9 27 32 20 11 11 5 33 17 10 31 16 11 26 7 38 25 33 24 6 35 47 27 18 12 2 42 3 14 49 38 9 28 37 37 33 25 19 32 30 29 8 29 13 32 8 17 38 13 22 29 15 7 25 32 25 37 19 39 30 24 42 26 44 0 20 27
2 28 11 6 28 29 18 16 16 35 13 31 22 16 24 13 28 26 14 26 28 13 26 25 22 8 18 23 12 8 32 29 22 10 14 11 12 20 19 30 18 35 14 13 35 4 23 22 13 28 6 35 9 23 18 32 11 13 8 21 27 17 15 38 18 25 13 17 35 18 30 2 30 26 31 28 26 9 27 28 22 23 26 2 37 13 25 5 34 27 22 15 33 24 12 31 6 33 20 0 24
22 27 25 22 38 27 21 10 25 21 36 20 24 27 3 29 12 12 36 26 4 15 33 1 24 22 33 3 23 16 42 14 44 32 31 34 27 7 36 37 22 13 11 31 16 25 37 2 25 15 28 14 33 33 23 24 18 37 19 29 24 24 13 25 34 36 17 33 11 17 13 26 6 4 10 29 2 18 6 34 14 19 40 22 21 35 25 23 13 10 20 9 13 7 36 19 24 20 27 24 0
0         883      
134       141      
252       271      
0         37       
155       212      
107       139      
423       490      
0         52       
402       456      
102       153      
220       229      
66        118      
311       345      
419       448      
538       559      
236       291      
565       566      
37        105      
236       278      
98        149      
507       529      
0         44       
182       190      
508       564      
322       383      
228       297      
599       619      
475       532      
302       334      
437       449      
142       173      
34        101      
612       623      
237       266      
192       226      
199       252      
377       443      
8         36       
203       213      
132       181      
283       341      
689       699      
8         62       
183       242      
81        87       
282       328      
310       375      
488       529      
180       201      
452       513      
257       312      
69        88       
214       277      
148       194      
417       429      
445       498      
423       473      
219       237      
0         22       
287       335      
436       507      
194       200      
26        71       
773       844      
704       746      
154       194      
553       597      
601       610      
549       562      
421       491      
72        106      
360       391      
513       561      
494       552      
43        78       
121       157      
504       535      
35        71       
486       539      
133       165      
26        71       
553       575      
154       182      
240       305      
89        127      
359       411      
313       337      
242       298      
63        88       
51        87       
433       503      
18        30       
480       528      
489       508      
222       237      
458       523      
270       313      
651       697      
189       221      
258       311      
768       790      
