101
0 48 26 44 40 28 43 17 44 40 16 40 19 7 42 7 24 39 30 25 30 29 12 18 16 27 33 28 27 15 22 25 30 28 38 43 8 43 31 28 50 51 32 38 41 32 21 11 36 30 22 38 31 27 13 15 21 12 31 29 35 42 19 41 46 48 11 10 10 29 43 36 53 40 27 42 24 5 18 2 41 8 32 5 36 3 42 38 36 29 8 24 35 39 22 40 29 44 28 41 34
48 0 37 30 15 31 5 39 38 17 37 27 41 55 24 46 25 21 42 24 32 20 45 34 37 21 20 20 31 32 47 28 20 36 35 9 52 5 43 24 6 3 26 21 7 31 31 51 19 18 31 25 17 29 49 33 43 42 35 20 30 9 33 38 11 5 51 57 37 18 39 16 5 8 21 9 24 46 29 49 43 52 18 42 30 46 6 16 34 26 50 32 27 9 40 25 34 6 34 8 24
26 37 0 18 39 6 31 33 18 22 11 15 36 31 18 31 27 19 45 16 39 18 16 29 30 25 16 20 6 24 11 31 31 40 12 29 25 31 46 13 42 40 10 41 34 40 9 21 17 27 8 42 25 8 18 16 38 31 41 18 10 27 29 15 29 33 21 31 23 24 17 20 41 33 19 27 18 29 21 26 15 26 18 24 10 28 34 20 45 10 22 34 11 27 5 16 3 30 2 35 38
44 30 18 0 37 16 25 45 8 13 28 5 48 49 6 47 34 10 54 22 46 19 34 40 43 29 15 22 17 35 28 38 34 47 7 21 43 25 54 17 36 32 12 43 29 46 23 39 13 28 22 45 25 17 36 30 50 45 48 19 9 21 40 8 20 26 39 49 37 26 9 16 34 29 23 21 25 46 32 44 13 44 17 41 8 45 29 15 51 15 40 42 9 22 23 6 15 24 16 30 41
40 15 39 37 0 33 14 27 44 24 34 33 29 47 31 36 15 27 27 23 17 21 41 23 26 14 24 19 33 23 47 16 9 21 39 18 45 14 28 26 13 18 29 6 9 16 30 47 24 12 31 10 14 31 45 28 30 31 20 21 34 18 22 43 23 19 47 49 28 15 45 21 20 9 20 18 21 37 22 40 47 45 22 33 34 37 10 22 19 29 44 19 31 15 41 31 37 16 37 8 9
28 31 6 16 33 0 25 31 17 16 12 12 34 33 14 31 23 13 42 10 35 12 19 27 29 19 10 14 1 21 16 27 25 36 11 23 28 25 43 7 36 34 5 35 28 36 7 25 12 21 6 37 19 2 22 14 36 30 37 12 7 22 26 15 24 28 25 34 21 18 17 15 36 27 13 22 13 30 19 28 17 29 12 25 8 29 28 15 41 4 25 31 7 21 10 12 4 25 4 29 32
43 5 31 25 14 25 0 35 33 12 32 22 38 50 19 42 21 16 39 18 29 14 40 30 33 16 15 15 25 27 41 25 17 33 30 5 47 0 40 18 11 8 21 20 5 28 25 46 14 13 25 24 12 23 44 28 40 38 32 14 25 4 29 33 9 6 46 52 32 13 34 11 10 5 16 4 19 41 24 44 38 47 13 37 25 41 4 11 32 21 44 29 22 4 34 20 29 2 29 6 21
17 39 33 45 27 31 35 0 48 38 22 40 3 23 41 10 14 38 13 23 14 27 25 5 2 19 31 24 30 9 34 11 19 11 42 38 25 35 14 27 40 42 32 24 32 16 23 28 34 22 24 22 24 29 28 16 5 5 14 27 36 37 6 45 43 41 28 26 10 23 47 34 44 31 23 37 20 12 13 19 47 25 30 13 37 14 33 36 19 30 25 9 35 33 30 39 33 37 32 31 20
44 38 18 8 44 17 33 48 0 21 28 11 51 49 14 48 39 17 59 26 51 24 34 44 46 34 21 27 18 38 26 43 39 52 6 29 43 33 59 21 44 40 16 49 37 51 24 39 20 34 23 51 31 19 36 31 53 47 53 24 11 29 43 3 28 34 39 49 38 31 1 23 42 36 28 29 29 46 35 44 6 44 23 41 11 45 36 22 56 18 40 47 14 29 23 13 15 32 16 37 47
40 17 22 13 24 16 12 38 21 0 26 10 41 47 7 42 24 4 44 15 35 11 34 33 36 19 7 14 17 29 32 28 22 37 18 8 42 12 44 12 23 19 11 30 16 35 20 40 4 17 19 33 15 15 38 25 43 40 38 11 13 8 32 21 8 13 40 48 32 15 22 4 21 15 15 8 18 41 25 41 26 43 8 36 13 40 16 2 39 13 39 32 10 9 26 8 19 11 19 17 30
16 37 11 28 34 12 32 22 28 26 0 24 25 21 26 19 21 24 35 13 32 17 8 20 20 20 18 17 11 15 13 24 26 31 22 31 16 32 36 13 41 40 16 36 32 33 6 14 21 22 6 37 21 11 12 7 27 20 33 17 19 30 20 25 33 36 14 22 12 19 27 22 42 30 16 29 13 18 14 16 26 17 18 13 20 17 32 24 38 13 13 26 19 27 8 24 13 31 12 32 33
40 27 15 5 33 12 22 40 11 10 24 0 43 45 3 43 29 6 49 17 41 14 30 35 38 24 10 17 13 30 26 33 29 42 8 18 39 22 49 12 33 29 8 38 25 41 19 36 9 23 18 40 21 13 33 26 45 41 43 14 5 18 35 11 17 23 36 45 33 21 12 12 31 24 18 18 20 42 27 40 16 40 12 37 5 41 25 11 46 11 36 37 5 18 20 2 12 21 13 26 36
19 41 36 48 29 34 38 3 51 41 25 43 0 25 44 12 17 41 11 26 14 30 28 8 5 22 34 27 33 12 37 13 21 10 45 41 27 38 12 30 42 44 35 25 34 16 26 30 37 25 27 23 27 32 30 19 2 7 13 30 39 40 9 48 46 44 30 28 13 26 50 37 46 33 26 40 23 14 16 21 50 27 33 15 40 16 35 39 18 33 27 10 38 36 33 42 36 40 35 33 21
7 55 31 49 47 33 50 23 49 47 21 45 25 0 47 13 31 45 36 32 37 36 15 24 22 34 39 35 32 22 23 31 37 34 43 50 6 50 37 34 57 58 37 44 48 38 27 10 42 37 27 44 38 32 13 22 27 18 37 36 40 49 25 46 53 55 10 3 17 36 48 43 60 47 34 49 31 11 25 6 45 5 39 12 41 9 49 45 42 34 9 30 40 46 26 45 34 51 33 48 40
42 24 18 6 31 14 19 41 14 7 26 3 44 47 0 45 29 4 49 18 41 14 33 36 39 24 10 17 15 32 29 33 29 42 11 15 42 19 49 14 30 26 10 37 23 41 21 39 8 23 20 40 20 15 36 28 46 43 43 14 8 15 35 14 14 20 39 48 35 21 15 10 28 22 18 15 21 44 28 42 19 43 12 39 8 43 23 9 46 13 39 37 7 16 23 2 15 18 16 24 36
7 46 31 47 36 31 42 10 48 42 19 43 12 13 45 0 22 42 23 27 24 31 18 13 10 25 35 28 30 14 28 20 27 21 41 43 15 42 24 31 48 49 35 33 40 26 24 18 38 28 25 32 30 30 20 17 14 5 24 31 38 42 14 44 47 47 18 16 10 28 46 38 51 38 27 42 24 2 18 9 45 15 34 6 39 4 40 40 29 32 15 18 38 38 27 43 32 43 31 39 29
24 25 27 34 15 23 21 14 39 24 21 29 17 31 29 22 0 25 19 13 12 14 27 9 12 5 18 11 23 8 34 5 6 13 33 24 30 21 20 18 27 28 22 15 18 13 18 32 21 8 19 16 10 21 31 14 19 17 15 14 27 23 8 37 29 27 32 34 13 9 39 20 30 17 11 23 10 22 7 25 40 30 17 18 27 22 19 22 18 20 29 8 25 19 28 27 27 23 27 18 12
39 21 19 10 27 13 16 38 17 4 24 6 41 45 4 42 25 0 44 15 37 11 32 33 36 21 7 14 14 29 29 30 25 38 14 12 40 16 45 11 27 23 8 33 19 38 18 38 4 19 18 36 16 13 35 25 43 40 40 11 9 12 32 17 12 17 38 46 32 17 18 6 25 19 15 12 18 41 25 39 22 41 8 36 9 40 19 5 42 11 37 33 7 12 23 4 16 15 16 20 32
30 42 45 54 27 42 39 13 59 44 35 49 11 36 49 23 19 44 0 32 10 33 38 15 15 24 37 30 41 20 47 15 22 6 52 42 38 39 1 37 40 45 41 21 35 11 34 41 40 27 35 18 29 40 41 28 9 18 7 33 46 41 15 56 47 45 41 39 23 28 58 39 47 34 30 41 29 25 23 32 58 38 36 26 46 27 36 41 10 39 38 11 44 37 43 46 44 41 43 34 18
25 24 16 22 23 10 18 23 26 15 13 17 26 32 18 27 13 15 32 0 25 4 21 18 21 9 8 4 10 14 24 17 15 26 19 18 29 18 33 5 28 26 10 25 19 26 7 27 11 11 8 27 9 8 25 10 28 25 27 4 14 17 18 23 21 23 27 34 17 8 25 11 28 18 3 17 3 26 10 26 27 29 7 21 15 25 20 13 31 7 26 21 13 14 18 16 14 19 14 20 22
30 32 39 46 17 35 29 14 51 35 32 41 14 37 41 24 12 37 10 25 0 26 37 13 14 17 30 23 35 17 45 8 13 4 44 33 38 29 11 30 30 35 34 12 25 2 30 41 33 18 31 9 20 33 41 25 13 19 3 26 39 32 12 48 38 35 41 40 22 20 50 31 37 24 23 32 22 26 18 32 52 38 29 26 39 27 26 33 6 32 38 6 37 28 40 39 39 31 39 24 8
29 20 18 19 21 12 14 27 24 11 17 14 30 36 14 31 14 11 33 4 26 0 25 22 25 10 4 3 12 18 27 19 15 27 18 14 33 14 34 5 24 22 8 24 16 27 11 31 7 9 11 26 7 10 29 14 32 29 29 0 13 13 21 22 17 19 31 38 21 7 24 7 24 15 4 13 7 30 14 30 26 33 3 25 13 29 16 9 32 8 30 22 11 10 21 13 16 15 16 17 22
12 45 16 34 41 19 40 25 34 34 8 30 28 15 33 18 27 32 38 21 37 25 0 24 23 27 26 25 18 20 10 30 32 35 28 39 9 39 39 21 49 47 24 42 40 39 14 6 29 30 14 43 29 19 4 13 30 21 38 25 25 38 25 31 41 44 6 15 15 27 33 30 49 38 24 37 21 16 20 11 30 10 26 13 26 14 40 32 43 21 6 31 26 35 11 31 19 39 18 40 39
18 34 29 40 23 27 30 5 44 33 20 35 8 24 36 13 9 33 15 18 13 22 24 0 3 14 26 19 26 5 33 7 14 11 37 33 25 30 16 23 35 37 28 20 27 15 19 28 29 17 20 20 19 25 28 13 10 8 14 22 32 32 1 41 38 36 28 27 9 18 43 29 39 26 18 32 15 14 8 19 43 25 25 13 33 15 28 31 19 25 25 7 31 28 28 34 29 32 28 26 16
16 37 30 43 26 29 33 2 46 36 20 38 5 22 39 10 12 36 15 21 14 25 23 3 0 17 29 22 28 7 32 10 17 12 40 36 24 33 16 25 38 40 30 23 30 16 21 27 32 20 22 21 22 27 27 14 7 5 15 25 34 35 4 43 41 39 27 25 8 21 45 32 42 29 21 35 18 12 11 18 45 24 28 12 35 13 31 34 20 28 24 8 33 31 28 37 31 35 30 29 19
27 21 25 29 14 19 16 19 34 19 20 24 22 34 24 25 5 21 24 9 17 10 27 14 17 0 14 7 19 11 33 9 6 18 28 19 32 16 25 14 23 24 18 16 14 17 16 33 17 3 17 17 5 17 31 14 24 22 19 10 23 18 13 32 24 22 33 37 16 4 34 15 26 13 7 18 7 25 8 28 36 33 13 21 23 25 15 17 22 16 31 13 21 14 27 23 23 18 23 14 13
33 20 16 15 24 10 15 31 21 7 18 10 34 39 10 35 18 7 37 8 30 4 26 26 29 14 0 7 10 22 26 23 19 31 15 13 34 15 38 5 26 23 6 28 18 31 13 32 3 13 12 30 11 8 30 18 36 33 33 4 10 12 25 19 15 18 32 40 25 11 21 5 25 17 8 12 11 34 18 34 23 35 2 29 10 33 18 6 36 6 31 26 7 11 19 9 14 15 14 19 26
28 20 20 22 19 14 15 24 27 14 17 17 27 35 17 28 11 14 30 4 23 3 25 19 22 7 7 0 14 15 28 16 12 24 21 15 32 15 31 7 24 23 11 21 15 24 11 31 10 7 12 24 5 12 29 13 29 26 26 3 16 14 18 25 19 20 31 37 18 4 27 10 25 14 1 14 4 27 11 29 29 32 6 23 16 27 16 12 29 10 30 19 14 11 22 16 18 16 18 16 20
27 31 6 17 33 1 25 30 18 17 11 13 33 32 15 30 23 14 41 10 35 12 18 26 28 19 10 14 0 20 16 27 25 36 12 23 27 25 42 7 36 33 6 35 28 36 6 24 13 21 5 36 19 2 21 13 35 29 37 12 8 22 25 16 25 28 24 33 20 18 18 15 35 27 13 22 13 29 18 27 18 28 12 24 9 28 28 16 41 4 24 31 8 21 10 13 4 25 4 29 32
15 32 24 35 23 21 27 9 38 29 15 30 12 22 32 14 8 29 20 14 17 18 20 5 7 11 22 15 20 0 28 10 14 15 32 29 22 27 21 18 34 35 23 23 25 19 14 24 25 14 15 23 15 20 24 8 14 11 18 18 27 28 5 36 34 33 24 25 5 14 38 25 37 24 14 28 11 14 4 17 38 22 21 10 28 14 26 27 23 21 21 11 26 24 23 30 24 28 23 25 19
22 47 11 28 47 16 41 34 26 32 13 26 37 23 29 28 34 29 47 24 45 27 10 33 32 33 26 28 16 28 0 37 39 43 21 39 17 41 48 22 51 49 21 49 43 46 17 13 28 35 16 50 33 17 10 20 39 31 46 27 21 38 33 23 40 44 13 23 24 32 25 31 51 42 27 38 26 26 27 21 22 18 27 23 21 24 43 31 51 19 15 39 22 36 6 27 14 40 13 44 46
25 28 31 38 16 27 25 11 43 28 24 33 13 31 33 20 5 30 15 17 8 19 30 7 10 9 23 16 27 10 37 0 8 9 36 28 32 25 16 22 29 31 27 13 21 9 22 34 26 12 23 13 14 25 34 17 15 15 10 19 31 27 6 40 33 31 34 34 15 13 42 24 33 20 16 27 14 21 10 26 44 32 22 20 32 22 22 26 14 24 31 4 30 23 32 32 31 27 31 20 9
30 20 31 34 9 25 17 19 39 22 26 29 21 37 29 27 6 25 22 15 13 15 32 14 17 6 19 12 25 14 39 8 0 16 33 20 36 17 23 19 21 23 23 10 13 13 22 38 20 5 23 12 7 23 36 19 23 22 16 14 27 19 13 37 25 23 38 39 19 8 39 18 25 12 13 19 13 28 13 31 40 36 16 24 28 28 14 20 17 22 35 12 25 15 33 27 29 19 29 12 8
28 36 40 47 21 36 33 11 52 37 31 42 10 34 42 21 13 38 6 26 4 27 35 11 12 18 31 24 36 15 43 9 16 0 45 36 36 33 7 31 34 39 35 16 29 6 29 39 34 21 30 13 23 34 39 23 9 16 3 27 40 35 10 49 41 39 39 37 20 22 51 33 41 28 24 35 23 23 18 30 53 36 30 24 40 25 30 35 8 33 36 5 38 31 38 40 39 35 38 28 12
38 35 12 7 39 11 30 42 6 18 22 8 45 43 11 41 33 14 52 19 44 18 28 37 40 28 15 21 12 32 21 36 33 45 0 26 37 30 52 14 41 37 10 42 33 45 18 33 16 27 17 44 25 13 30 25 46 41 46 18 5 26 37 4 25 31 33 43 32 25 6 19 39 32 21 26 22 40 29 38 8 38 17 35 5 39 33 19 50 12 34 40 8 26 17 10 9 29 10 34 40
43 9 29 21 18 23 5 38 29 8 31 18 41 50 15 43 24 12 42 18 33 14 39 33 36 19 13 15 23 29 39 28 20 36 26 0 47 5 43 17 15 11 17 24 9 32 25 45 10 16 24 28 14 21 43 28 43 40 36 14 21 1 32 29 5 5 45 52 33 15 30 8 13 10 16 1 19 42 26 44 34 47 12 38 21 42 9 7 36 19 44 32 18 5 32 16 25 3 25 10 26
8 52 25 43 45 28 47 25 43 42 16 39 27 6 42 15 30 40 38 29 38 33 9 25 24 32 34 32 27 22 17 32 36 36 37 47 0 47 39 29 55 55 32 45 46 40 22 5 37 35 22 45 35 27 7 19 29 20 39 33 34 46 26 40 49 52 5 6 17 34 42 38 57 45 31 45 28 13 24 6 39 1 34 12 35 11 47 40 44 29 3 32 35 43 20 40 28 47 27 46 41
43 5 31 25 14 25 0 35 33 12 32 22 38 50 19 42 21 16 39 18 29 14 39 30 33 16 15 15 25 27 41 25 17 33 30 5 47 0 40 18 11 8 21 20 5 28 25 45 14 13 25 24 12 23 43 28 40 38 32 14 25 4 29 33 9 6 45 52 32 13 34 11 10 5 16 4 19 41 24 44 38 47 13 37 25 41 4 11 32 21 44 29 22 4 34 20 29 2 29 6 21
31 43 46 54 28 43 40 14 59 44 36 49 12 37 49 24 20 45 1 33 11 34 39 16 16 25 38 31 42 21 48 16 23 7 52 43 39 40 0 38 41 46 42 22 36 12 35 42 41 28 36 18 30 41 42 29 10 19 8 34 47 42 16 56 48 46 42 40 24 29 58 40 48 35 31 42 30 26 24 33 59 39 37 27 47 28 37 42 10 40 39 12 45 38 44 47 45 42 44 35 19
28 24 13 17 26 7 18 27 21 12 13 12 30 34 14 31 18 11 37 5 30 5 21 23 25 14 5 7 7 18 22 22 19 31 14 17 29 18 38 0 29 26 5 28 21 31 8 27 8 14 7 31 12 5 25 14 32 29 32 5 9 16 23 18 19 22 27 35 21 11 20 9 28 20 7 16 8 30 15 29 22 30 5 25 10 29 21 11 36 3 26 26 8 14 16 12 11 18 11 22 27
50 6 42 36 13 36 11 40 44 23 41 33 42 57 30 48 27 27 40 28 30 24 49 35 38 23 26 24 36 34 51 29 21 34 41 15 55 11 41 29 0 6 32 19 9 29 35 55 25 20 35 23 20 34 53 37 43 43 33 24 36 15 34 44 17 11 55 59 39 21 45 22 7 10 25 15 27 48 31 51 49 56 24 44 36 48 8 22 32 32 53 32 33 15 45 31 40 12 40 9 22
51 3 40 32 18 34 8 42 40 19 40 29 44 58 26 49 28 23 45 26 35 22 47 37 40 24 23 23 33 35 49 31 23 39 37 11 55 8 46 26 6 0 28 24 10 34 33 53 21 21 33 28 20 31 51 36 46 45 38 22 32 11 36 40 12 6 53 60 40 21 41 18 2 11 24 11 27 49 32 52 45 55 21 45 32 49 9 18 37 29 52 35 29 12 42 27 36 8 36 11 27
32 26 10 12 29 5 21 32 16 11 16 8 35 37 10 35 22 8 41 10 34 8 24 28 30 18 6 11 6 23 21 27 23 35 10 17 32 21 42 5 32 28 0 32 24 35 11 30 7 17 10 34 15 5 27 18 37 33 37 8 5 17 28 14 19 22 30 38 25 15 16 10 30 23 12 17 13 34 20 32 18 33 8 29 5 33 24 10 40 3 29 30 3 17 15 8 8 20 8 25 30
38 21 41 43 6 35 20 24 49 30 36 38 25 44 37 33 15 33 21 25 12 24 42 20 23 16 28 21 35 23 49 13 10 16 42 24 45 20 22 28 19 24 32 0 15 10 32 47 29 14 33 4 16 33 46 29 25 28 14 23 36 24 19 46 29 25 47 47 28 17 48 27 26 15 22 24 23 34 22 39 49 45 25 33 37 35 16 28 13 31 44 15 34 21 43 36 39 22 39 14 4
41 7 34 29 9 28 5 32 37 16 32 25 34 48 23 40 18 19 35 19 25 16 40 27 30 14 18 15 28 25 43 21 13 29 33 9 46 5 36 21 9 10 24 15 0 24 26 46 17 11 27 19 11 26 44 27 36 35 28 16 28 9 26 36 14 10 46 50 30 12 37 14 12 1 16 9 18 39 22 42 41 46 16 35 28 39 1 14 27 24 44 25 25 7 37 23 32 7 32 1 17
32 31 40 46 16 36 28 16 51 35 33 41 16 38 41 26 13 38 11 26 2 27 39 15 16 17 31 24 36 19 46 9 13 6 45 32 40 28 12 31 29 34 35 10 24 0 31 43 33 18 32 7 20 34 43 26 15 21 4 27 40 31 14 49 37 34 43 41 24 21 51 31 36 23 24 31 23 28 19 34 53 40 29 28 40 29 25 33 5 33 40 8 38 28 41 40 40 30 40 23 7
21 31 9 23 30 7 25 23 24 20 6 19 26 27 21 24 18 18 34 7 30 11 14 19 21 16 13 11 6 14 17 22 22 29 18 25 22 25 35 8 35 33 11 32 26 31 0 20 16 18 1 33 16 6 18 7 28 22 32 11 14 24 19 22 27 30 20 28 14 15 24 17 35 25 10 24 9 23 12 21 24 23 13 18 15 22 27 19 36 8 19 25 14 21 11 19 10 26 9 27 29
11 51 21 39 47 25 46 28 39 40 14 36 30 10 39 18 32 38 41 27 41 31 6 28 27 33 32 31 24 24 13 34 38 39 33 45 5 45 42 27 55 53 30 47 46 43 20 0 35 36 20 47 35 25 3 19 32 23 42 31 31 43 29 36 46 49 0 10 19 33 38 36 55 44 30 43 27 16 25 10 35 5 32 15 31 14 46 38 47 27 3 35 32 41 16 37 24 45 23 46 43
36 19 17 13 24 12 14 34 20 4 21 9 37 42 8 38 21 4 40 11 33 7 29 29 32 17 3 10 13 25 28 26 20 34 16 10 37 14 41 8 25 21 7 29 17 33 16 35 0 14 15 31 12 11 33 21 39 36 35 7 11 10 28 19 12 15 35 43 28 13 21 3 23 16 11 10 14 37 21 37 24 38 4 32 11 36 17 3 37 9 34 29 8 10 22 7 15 13 15 18 27
30 18 27 28 12 21 13 22 34 17 22 23 25 37 23 28 8 19 27 11 18 9 30 17 20 3 13 7 21 14 35 12 5 21 27 16 35 13 28 14 20 21 17 14 11 18 18 36 14 0 19 17 2 19 34 17 27 25 21 9 22 15 16 31 21 19 36 39 19 3 33 13 23 10 8 15 9 28 11 31 35 36 11 24 22 28 12 15 22 17 34 16 20 11 29 21 25 15 25 11 13
22 31 8 22 31 6 25 24 23 19 6 18 27 27 20 25 19 18 35 8 31 11 14 20 22 17 12 12 5 15 16 23 23 30 17 24 22 25 36 7 35 33 10 33 27 32 1 20 15 19 0 34 17 5 18 8 29 23 33 11 13 23 20 21 26 29 20 28 15 16 23 16 35 26 11 23 10 24 13 22 23 23 12 19 14 23 27 18 37 7 19 26 13 21 10 18 9 25 8 28 30
38 25 42 45 10 37 24 22 51 33 37 40 23 44 40 32 16 36 18 27 9 26 43 20 21 17 30 24 36 23 50 13 12 13 44 28 45 24 18 31 23 28 34 4 19 7 33 47 31 17 34 0 19 34 47 30 22 26 11 26 39 28 19 48 33 29 47 46 28 20 50 30 30 19 24 28 24 33 23 39 52 45 28 33 39 34 20 31 9 33 44 13 37 25 44 38 40 26 40 18 4
31 17 25 25 14 19 12 24 31 15 21 21 27 38 20 30 10 16 29 9 20 7 29 19 22 5 11 5 19 15 33 14 7 23 25 14 35 12 30 12 20 20 15 16 11 20 16 35 12 2 17 19 0 17 33 16 29 26 23 7 20 13 18 29 19 17 35 40 20 1 31 11 22 10 6 13 7 29 12 32 33 35 9 25 20 29 12 13 24 15 33 18 18 9 27 19 23 13 23 11 15
27 29 8 17 31 2 23 29 19 15 11 13 32 32 15 30 21 13 40 8 33 10 19 25 27 17 8 12 2 20 17 25 23 34 13 21 27 23 41 5 34 31 5 33 26 34 6 25 11 19 5 34 17 0 23 13 34 28 35 10 8 20 25 17 23 26 25 33 20 16 19 13 33 25 11 20 11 29 17 27 19 28 10 24 9 28 26 14 39 2 24 29 8 19 11 13 6 23 6 27 30
13 49 18 36 45 22 44 28 36 38 12 33 30 13 36 20 31 35 41 25 41 29 4 28 27 31 30 29 21 24 10 34 36 39 30 43 7 43 42 25 53 51 27 46 44 43 18 3 33 34 18 47 33 23 0 17 32 23 42 29 28 41 29 33 44 47 3 13 19 31 35 34 53 42 28 41 25 18 24 12 32 8 30 15 28 16 44 36 47 25 5 35 29 39 13 34 21 43 20 44 43
15 33 16 30 28 14 28 16 31 25 7 26 19 22 28 17 14 25 28 10 25 14 13 13 14 14 18 13 13 8 20 17 19 23 25 28 19 28 29 14 37 36 18 29 27 26 7 19 21 17 8 30 16 13 17 0 21 15 26 14 21 27 13 29 31 33 19 24 7 15 31 21 38 26 12 27 9 16 7 16 31 19 17 11 22 15 28 23 31 15 17 19 21 24 15 26 17 29 16 27 26
21 43 38 50 30 36 40 5 53 43 27 45 2 27 46 14 19 43 9 28 13 32 30 10 7 24 36 29 35 14 39 15 23 9 46 43 29 40 10 32 43 46 37 25 36 15 28 32 39 27 29 22 29 34 32 21 0 9 12 32 41 42 11 50 48 46 32 30 15 28 52 39 48 35 28 42 25 16 18 23 52 29 35 17 42 18 37 41 17 35 29 11 40 38 35 44 38 42 37 35 21
12 42 31 45 31 30 38 5 47 40 20 41 7 18 43 5 17 40 18 25 19 29 21 8 5 22 33 26 29 11 31 15 22 16 41 40 20 38 19 29 43 45 33 28 35 21 22 23 36 25 23 26 26 28 23 15 9 0 19 29 36 39 9 44 45 43 23 21 8 25 46 36 47 34 25 39 22 7 15 14 46 20 32 8 37 9 36 38 24 30 20 13 36 35 28 41 32 39 31 34 24
31 35 41 48 20 37 32 14 53 38 33 43 13 37 43 24 15 40 7 27 3 29 38 14 15 19 33 26 37 18 46 10 16 3 46 36 39 32 8 32 33 38 37 14 28 4 32 42 35 21 33 11 23 35 42 26 12 19 0 29 41 35 13 50 41 38 42 40 23 23 52 34 40 27 26 35 24 26 20 33 54 39 32 27 42 28 29 36 5 34 39 7 40 31 41 42 41 34 41 27 11
29 20 18 19 21 12 14 27 24 11 17 14 30 36 14 31 14 11 33 4 26 0 25 22 25 10 4 3 12 18 27 19 14 27 18 14 33 14 34 5 24 22 8 23 16 27 11 31 7 9 11 26 7 10 29 14 32 29 29 0 13 13 21 22 17 19 31 38 21 7 24 7 24 15 4 13 7 30 14 30 26 33 3 25 13 29 16 9 31 8 30 22 11 10 21 13 16 15 16 17 22
35 30 10 9 34 7 25 36 11 13 19 5 39 40 8 38 27 9 46 14 39 13 25 32 34 23 10 16 8 27 21 31 27 40 5 21 34 25 47 9 36 32 5 36 28 40 14 31 11 22 13 39 20 8 28 21 41 36 41 13 0 21 32 9 21 26 31 40 28 20 11 14 34 27 16 21 17 37 24 35 13 35 12 32 1 36 28 14 44 7 31 35 3 21 15 7 7 24 8 29 35
42 9 27 21 18 22 4 37 29 8 30 18 40 49 15 42 23 12 41 17 32 13 38 32 35 18 12 14 22 28 38 27 19 35 26 1 46 4 42 16 15 11 17 24 9 31 24 43 10 15 23 28 13 20 41 27 42 39 35 13 21 0 31 29 6 6 43 51 32 14 30 7 13 9 15 0 18 41 25 43 34 46 11 37 21 41 8 7 35 18 42 31 18 4 31 16 25 3 25 10 25
19 33 29 40 22 26 29 6 43 32 20 35 9 25 35 14 8 32 15 18 12 21 25 1 4 13 25 18 25 5 33 6 13 10 37 32 26 29 16 23 34 36 28 19 26 14 19 29 28 16 20 19 18 25 29 13 11 9 13 21 32 31 0 41 37 35 29 28 10 17 43 28 38 25 17 31 15 15 8 20 43 26 24 14 33 16 27 30 18 25 26 6 31 27 28 34 29 31 28 25 15
41 38 15 8 43 15 33 45 3 21 25 11 48 46 14 44 37 17 56 23 48 22 31 41 43 32 19 25 16 36 23 40 37 49 4 29 40 33 56 18 44 40 14 46 36 49 22 36 19 31 21 48 29 17 33 29 50 44 50 22 9 29 41 0 28 34 36 46 36 29 2 22 42 35 25 29 26 43 33 41 5 41 21 38 9 42 36 22 53 16 37 44 12 29 20 13 12 32 13 37 44
46 11 29 20 23 24 9 43 28 8 33 17 46 53 14 47 29 12 47 21 38 17 41 38 41 24 15 19 25 34 40 33 25 41 25 5 49 9 48 19 17 12 19 29 14 37 27 46 12 21 26 33 19 23 44 31 48 45 41 17 21 6 37 28 0 6 46 54 37 20 29 10 14 14 20 6 23 46 30 47 33 49 14 42 21 46 13 9 41 21 45 37 18 10 34 15 27 7 27 15 30
48 5 33 26 19 28 6 41 34 13 36 23 44 55 20 47 27 17 45 23 35 19 44 36 39 22 18 20 28 33 44 31 23 39 31 5 52 6 46 22 11 6 22 25 10 34 30 49 15 19 29 29 17 26 47 33 46 43 38 19 26 6 35 34 6 0 49 57 37 18 35 13 8 11 21 6 24 46 29 49 39 52 17 42 26 46 9 12 37 24 48 35 23 9 37 21 30 4 30 11 27
11 51 21 39 47 25 46 28 39 40 14 36 30 10 39 18 32 38 41 27 41 31 6 28 27 33 32 31 24 24 13 34 38 39 33 45 5 45 42 27 55 53 30 47 46 43 20 0 35 36 20 47 35 25 3 19 32 23 42 31 31 43 29 36 46 49 0 10 19 33 38 36 55 44 30 43 27 16 25 10 35 5 32 15 31 14 46 38 47 27 3 35 32 41 16 37 24 45 23 46 43
10 57 31 49 49 34 52 26 49 48 22 45 28 3 48 16 34 46 39 34 40 38 15 27 25 37 40 37 33 25 23 34 39 37 43 52 6 52 40 35 59 60 38 47 50 41 28 10 43 39 28 46 40 33 13 24 30 21 40 38 40 51 28 46 54 57 10 0 20 39 48 44 62 49 36 51 33 14 28 8 45 5 40 14 41 12 51 46 45 35 9 33 41 48 26 46 34 53 33 50 43
10 37 23 37 28 21 32 10 38 32 12 33 13 17 35 10 13 32 23 17 22 21 15 9 8 16 25 18 20 5 24 15 19 20 32 33 17 32 24 21 39 40 25 28 30 24 14 19 28 19 15 28 20 20 19 7 15 8 23 21 28 32 10 36 37 37 19 20 0 19 38 28 42 29 17 32 14 9 8 11 38 17 24 5 29 9 31 30 28 22 16 16 28 29 20 33 24 33 23 30 24
29 18 24 26 15 18 13 23 31 15 19 21 26 36 21 28 9 17 28 8 20 7 27 18 21 4 11 4 18 14 32 13 8 22 25 15 34 13 29 11 21 21 15 17 12 21 15 33 13 3 16 20 1 16 31 15 28 25 23 7 20 14 17 29 20 18 33 39 19 0 31 11 23 11 5 14 6 28 11 30 33 34 9 24 20 28 13 13 25 14 32 17 18 10 26 20 22 14 22 12 16
43 39 17 9 45 17 34 47 1 22 27 12 50 48 15 46 39 18 58 25 50 24 33 43 45 34 21 27 18 38 25 42 39 51 6 30 42 34 58 20 45 41 16 48 37 51 24 38 21 33 23 50 31 19 35 31 52 46 52 24 11 30 43 2 29 35 38 48 38 31 0 24 43 36 27 30 28 45 35 43 5 43 23 40 11 44 37 23 55 18 39 46 14 30 22 14 14 33 15 38 46
36 16 20 16 21 15 11 34 23 4 22 12 37 43 10 38 20 6 39 11 31 7 30 29 32 15 5 10 15 25 31 24 18 33 19 8 38 11 40 9 22 18 10 27 14 31 17 36 3 13 16 30 11 13 34 21 39 36 34 7 14 7 28 22 10 13 36 44 28 11 24 0 20 13 11 7 14 37 21 37 27 39 4 32 14 36 14 2 35 11 35 28 11 7 24 10 18 10 18 15 26
53 5 41 34 20 36 10 44 42 21 42 31 46 60 28 51 30 25 47 28 37 24 49 39 42 26 25 25 35 37 51 33 25 41 39 13 57 10 48 28 7 2 30 26 12 36 35 55 23 23 35 30 22 33 53 38 48 47 40 24 34 13 38 42 14 8 55 62 42 23 43 20 0 13 26 13 29 51 34 53 47 57 23 47 34 51 11 20 39 31 54 37 31 14 44 29 38 10 38 13 29
40 8 33 29 9 27 5 31 36 15 30 24 33 47 22 38 17 19 34 18 24 15 38 26 29 13 17 14 27 24 42 20 12 28 32 10 45 5 35 20 10 11 23 15 1 23 25 44 16 10 26 19 10 25 42 26 35 34 27 15 27 9 25 35 14 11 44 49 29 11 36 13 13 0 15 9 17 38 21 40 40 45 15 34 27 38 2 13 26 23 43 24 24 6 36 22 31 7 31 2 16
27 21 19 23 20 13 16 23 28 15 16 18 26 34 18 27 11 15 30 3 23 4 24 18 21 7 8 1 13 14 27 16 13 24 21 16 31 16 31 7 25 24 12 22 16 24 10 30 11 8 11 24 6 11 28 12 28 25 26 4 16 15 17 25 20 21 30 36 17 5 27 11 26 15 0 15 3 26 10 28 29 31 7 22 17 26 17 13 29 10 29 19 14 12 21 17 17 17 17 17 20
42 9 27 21 18 22 4 37 29 8 29 18 40 49 15 42 23 12 41 17 32 13 37 32 35 18 12 14 22 28 38 27 19 35 26 1 45 4 42 16 15 11 17 24 9 31 24 43 10 15 23 28 13 20 41 27 42 39 35 13 21 0 31 29 6 6 43 51 32 14 30 7 13 9 15 0 18 41 25 43 34 46 11 37 21 41 8 7 35 18 42 31 18 4 31 16 25 3 25 10 25
24 24 18 25 21 13 19 20 29 18 13 20 23 31 21 24 10 18 29 3 22 7 21 15 18 7 11 4 13 11 26 14 13 23 22 19 28 19 30 8 27 27 13 23 18 23 9 27 14 9 10 24 7 11 25 9 25 22 24 7 17 18 15 26 23 24 27 33 14 6 28 14 29 17 3 18 0 23 7 25 30 28 10 19 18 23 19 16 28 10 26 18 16 15 20 19 17 20 17 18 20
5 46 29 46 37 30 41 12 46 41 18 42 14 11 44 2 22 41 25 26 26 30 16 14 12 25 34 27 29 14 26 21 28 23 40 42 13 41 26 30 48 49 34 34 39 28 23 16 37 28 24 33 29 29 18 16 16 7 26 30 37 41 15 43 46 46 16 14 9 28 45 37 51 38 26 41 23 0 17 7 44 13 33 5 38 2 40 39 31 31 13 20 37 38 26 42 31 42 30 39 30
18 29 21 32 22 19 24 13 35 25 14 27 16 25 28 18 7 25 23 10 18 14 20 8 11 8 18 11 18 4 27 10 13 18 29 26 24 24 24 15 31 32 20 22 22 19 12 25 21 11 13 23 12 17 24 7 18 15 20 14 24 25 8 33 30 29 25 28 8 11 35 21 34 21 10 25 7 17 0 19 36 25 17 13 25 17 23 23 24 17 23 13 23 21 22 26 22 25 21 22 19
2 49 26 44 40 28 44 19 44 41 16 40 21 6 42 9 25 39 32 26 32 30 11 19 18 28 34 29 27 17 21 26 31 30 38 44 6 44 33 29 51 52 32 39 42 34 21 10 37 31 22 39 32 27 12 16 23 14 33 30 35 43 20 41 47 49 10 8 11 30 43 37 53 40 28 43 25 7 19 0 40 6 33 6 36 5 42 39 38 29 7 26 35 40 21 40 29 44 28 41 35
41 43 15 13 47 17 38 47 6 26 26 16 50 45 19 45 40 22 58 27 52 26 30 43 45 36 23 29 18 38 22 44 40 53 8 34 39 38 59 22 49 45 18 49 41 53 24 35 24 35 23 52 33 19 32 31 52 46 54 26 13 34 43 5 33 39 35 45 38 33 5 27 47 40 29 34 30 44 36 40 0 40 25 39 13 43 41 27 57 20 36 48 16 34 19 18 14 37 15 42 48
8 52 26 44 45 29 47 25 44 43 17 40 27 5 43 15 30 41 38 29 38 33 10 25 24 33 35 32 28 22 18 32 36 36 38 47 1 47 39 30 56 55 33 45 46 40 23 5 38 36 23 45 35 28 8 19 29 20 39 33 35 46 26 41 49 52 5 5 17 34 43 39 57 45 31 46 28 13 25 6 40 0 35 12 36 11 47 41 44 30 4 32 36 43 21 41 29 48 28 46 41
32 18 18 17 22 12 13 30 23 8 18 12 33 39 12 34 17 8 36 7 29 3 26 25 28 13 2 6 12 21 27 22 16 30 17 12 34 13 37 5 24 21 8 25 16 29 13 32 4 11 12 28 9 10 30 17 35 32 32 3 12 11 24 21 14 17 32 40 24 9 23 4 23 15 7 11 10 33 17 33 25 35 0 28 12 32 16 6 33 8 31 25 9 9 21 11 16 13 16 17 24
5 42 24 41 33 25 37 13 41 36 13 37 15 12 39 6 18 36 26 21 26 25 13 13 12 21 29 23 24 10 23 20 24 24 35 38 12 37 27 25 44 45 29 33 35 28 18 15 32 24 19 33 25 24 15 11 17 8 27 25 32 37 14 38 42 42 15 14 5 24 40 32 47 34 22 37 19 5 13 6 39 12 28 0 33 4 36 34 32 26 12 20 32 34 21 37 26 38 25 35 29
36 30 10 8 34 8 25 37 11 13 20 5 40 41 8 39 27 9 46 15 39 13 26 33 35 23 10 16 9 28 21 32 28 40 5 21 35 25 47 10 36 32 5 37 28 40 15 31 11 22 14 39 20 9 28 22 42 37 42 13 1 21 33 9 21 26 31 41 29 20 11 14 34 27 17 21 18 38 25 36 13 36 12 33 0 37 28 14 44 8 32 35 3 21 15 6 8 24 8 29 35
3 46 28 45 37 29 41 14 45 40 17 41 16 9 43 4 22 40 27 25 27 29 14 15 13 25 33 27 28 14 24 22 28 25 39 42 11 41 28 29 48 49 33 35 39 29 22 14 36 28 23 34 29 28 16 15 18 9 28 29 36 41 16 42 46 46 14 12 9 28 44 36 51 38 26 41 23 2 17 5 43 11 32 4 37 0 40 38 33 30 11 21 36 38 24 41 30 42 29 39 31
42 6 34 29 10 28 4 33 36 16 32 25 35 49 23 40 19 19 36 20 26 16 40 28 31 15 18 16 28 26 43 22 14 30 33 9 47 4 37 21 8 9 24 16 1 25 27 46 17 12 27 20 12 26 44 28 37 36 29 16 28 8 27 36 13 9 46 51 31 13 37 14 11 2 17 8 19 40 23 42 41 47 16 36 28 40 0 14 28 24 45 26 25 7 37 23 32 6 32 2 18
38 16 20 15 22 15 11 36 22 2 24 11 39 45 9 40 22 5 41 13 33 9 32 31 34 17 6 12 16 27 31 26 20 35 19 7 40 11 42 11 22 18 10 28 14 33 19 38 3 15 18 31 13 14 36 23 41 38 36 9 14 7 30 22 9 12 38 46 30 13 23 2 20 13 13 7 16 39 23 39 27 41 6 34 14 38 14 0 37 12 37 30 11 7 25 9 18 10 18 15 28
36 34 45 51 19 41 32 19 56 39 38 46 18 42 46 29 18 42 10 31 6 32 43 19 20 22 36 29 41 23 51 14 17 8 50 36 44 32 10 36 32 37 40 13 27 5 36 47 37 22 37 9 24 39 47 31 17 24 5 31 44 35 18 53 41 37 47 45 28 25 55 35 39 26 29 35 28 31 24 38 57 44 33 32 44 33 28 37 0 38 44 12 42 31 46 43 45 33 45 26 10
29 26 10 15 29 4 21 30 18 13 13 11 33 34 13 32 20 11 39 7 32 8 21 25 28 16 6 10 4 21 19 24 22 33 12 19 29 21 40 3 32 29 3 31 24 33 8 27 9 17 7 33 15 2 25 15 35 30 34 8 7 18 25 16 21 24 27 35 22 14 18 11 31 23 10 18 10 31 17 29 20 30 8 26 8 30 24 12 38 0 26 28 6 17 13 11 8 21 8 25 29
8 50 22 40 44 25 44 25 40 39 13 36 27 9 39 15 29 37 38 26 38 30 6 25 24 31 31 30 24 21 15 31 35 36 34 44 3 44 39 26 53 52 29 44 44 40 19 3 34 34 19 44 33 24 5 17 29 20 39 30 31 42 26 37 45 48 3 9 16 32 39 35 54 43 29 42 26 13 23 7 36 4 31 12 32 11 45 37 44 26 0 32 32 40 17 37 25 44 24 44 40
24 32 34 42 19 31 29 9 47 32 26 37 10 30 37 18 8 33 11 21 6 22 31 7 8 13 26 19 31 11 39 4 12 5 40 32 32 29 12 26 32 35 30 15 25 8 25 35 29 16 26 13 18 29 35 19 11 13 7 22 35 31 6 44 37 35 35 33 16 17 46 28 37 24 19 31 18 20 13 26 48 32 25 20 35 21 26 30 12 28 32 0 33 27 34 35 35 31 34 24 11
35 27 11 9 31 7 22 35 14 10 19 5 38 40 7 38 25 7 44 13 37 11 26 31 33 21 7 14 8 26 22 30 25 38 8 18 35 22 45 8 33 29 3 34 25 38 14 32 8 20 13 37 18 8 29 21 40 36 40 11 3 18 31 12 18 23 32 41 28 18 14 11 31 24 14 18 16 37 23 35 16 36 9 32 3 36 25 11 42 6 32 33 0 18 16 5 9 21 9 26 33
39 9 27 22 15 21 4 33 29 9 27 18 36 46 16 38 19 12 37 14 28 10 35 28 31 14 11 11 21 24 36 23 15 31 26 5 43 4 38 14 15 12 17 21 7 28 21 41 10 11 21 25 9 19 39 24 38 35 31 10 21 4 27 29 10 9 41 48 29 10 30 7 14 6 12 4 15 38 21 40 34 43 9 34 21 38 7 7 31 17 40 27 18 0 30 16 25 5 25 8 21
22 40 5 23 41 10 34 30 23 26 8 20 33 26 23 27 28 23 43 18 40 21 11 28 28 27 19 22 10 23 6 32 33 38 17 32 20 34 44 16 45 42 15 43 37 41 11 16 22 29 10 44 27 11 13 15 35 28 41 21 15 31 28 20 34 37 16 26 20 26 22 24 44 36 21 31 20 26 22 21 19 21 21 21 15 24 37 25 46 13 17 34 16 30 0 21 8 34 7 38 40
40 25 16 6 31 12 20 39 13 8 24 2 42 45 2 43 27 4 46 16 39 13 31 34 37 23 9 16 13 30 27 32 27 40 10 16 40 20 47 12 31 27 8 36 23 40 19 37 7 21 18 38 19 13 34 26 44 41 42 13 7 16 34 13 15 21 37 46 33 20 14 10 29 22 17 16 19 42 26 40 18 41 11 37 6 41 23 9 43 11 37 35 5 16 21 0 14 19 14 24 34
29 34 3 15 37 4 29 33 15 19 13 12 36 34 15 32 27 16 44 14 39 16 19 29 31 23 14 18 4 24 14 31 29 39 9 25 28 29 45 11 40 36 8 39 32 40 10 24 15 25 9 40 23 6 21 17 38 32 41 16 7 25 29 12 27 30 24 34 24 22 14 18 38 31 17 25 17 31 22 29 14 29 16 26 8 30 32 18 45 8 25 35 9 25 8 14 0 28 1 33 36
44 6 30 24 16 25 2 37 32 11 31 21 40 51 18 43 23 15 41 19 31 15 39 32 35 18 15 16 25 28 40 27 19 35 29 3 47 2 42 18 12 8 20 22 7 30 26 45 13 15 25 26 13 23 43 29 42 39 34 15 24 3 31 32 7 4 45 53 33 14 33 10 10 7 17 3 20 42 25 44 37 48 13 38 24 42 6 10 33 21 44 31 21 5 34 19 28 0 28 8 23
28 34 2 16 37 4 29 32 16 19 12 13 35 33 16 31 27 16 43 14 39 16 18 28 30 23 14 18 4 23 13 31 29 38 10 25 27 29 44 11 40 36 8 39 32 40 9 23 15 25 8 40 23 6 20 16 37 31 41 16 8 25 28 13 27 30 23 33 23 22 15 18 38 31 17 25 17 30 21 28 15 28 16 25 8 29 32 18 45 8 24 34 9 25 7 14 1 28 0 33 36
41 8 35 30 8 29 6 31 37 17 32 26 33 48 24 39 18 20 34 20 24 17 40 26 29 14 19 16 29 25 44 20 12 28 34 10 46 6 35 22 9 11 25 14 1 23 27 46 18 11 28 18 11 27 44 27 35 34 27 17 29 10 25 37 15 11 46 50 30 12 38 15 13 2 17 10 18 39 22 41 42 46 17 35 29 39 2 15 26 25 44 24 26 8 38 24 33 8 33 0 16
34 24 38 41 9 32 21 20 47 30 33 36 21 40 36 29 12 32 18 22 8 22 39 16 19 13 26 20 32 19 46 9 8 12 40 26 41 21 19 27 22 27 30 4 17 7 29 43 27 13 30 4 15 30 43 26 21 24 11 22 35 25 15 44 30 27 43 43 24 16 46 26 29 16 20 25 20 30 19 35 48 41 24 29 35 31 18 28 10 29 40 11 33 21 40 34 36 23 36 16 0
0         842      
321       349      
185       196      
526       549      
311       322      
165       183      
294       315      
17        34       
499       527      
226       253      
151       171      
209       242      
621       637      
447       466      
210       235      
0         8        
70        93       
214       238      
39        42       
110       143      
43        60       
101       131      
420       440      
12        28       
5         35       
103       112      
234       251      
97        119      
168       190      
375       392      
461       488      
82        102      
78        109      
31        62       
503       513      
240       269      
401       430      
244       281      
634       640      
160       195      
326       342      
770       790      
165       192      
659       666      
315       326      
75        94       
539       572      
454       469      
234       251      
94        104      
145       177      
54        77       
358       395      
147       177      
418       429      
141       157      
28        43       
2         30       
43        66       
113       129      
514       533      
238       260      
603       633      
492       517      
270       300      
342       359      
416       435      
578       596      
386       404      
89        123      
486       500      
260       280      
350       351      
298       318      
672       698      
260       274      
114       142      
395       416      
129       158      
405       431      
484       494      
434       461      
107       130      
560       576      
209       226      
0         19       
298       320      
238       261      
49        61       
156       173      
421       425      
699       720      
205       225      
250       278      
190       200      
747       759      
195       212      
247       275      
191       196      
287       325      
700       722      
