101
0 11 45 45 31 23 14 31 9 26 10 18 18 33 35 36 31 44 45 41 35 45 10 36 12 50 49 30 21 30 8 37 14 45 33 51 28 34 51 16 48 37 28 49 41 59 27 45 24 15 17 42 36 17 40 32 5 23 21 36 14 10 15 37 8 24 44 12 11 28 19 44 29 36 42 48 26 42 38 37 45 38 36 28 18 22 14 33 3 10 1 30 24 30 17 16 39 14 31 8 39
11 0 42 47 20 24 9 24 13 15 20 7 18 31 25 29 28 34 38 35 23 37 6 32 7 43 46 27 11 30 3 30 23 37 35 47 31 23 44 12 43 34 17 48 38 51 19 41 20 4 6 42 30 21 30 28 15 12 17 32 10 17 11 27 18 13 40 22 2 19 23 34 19 28 39 45 29 42 37 26 37 28 27 22 13 25 13 33 8 1 12 27 29 31 18 6 31 6 33 3 31
45 42 0 14 47 22 33 24 36 47 40 46 27 12 33 20 14 37 23 17 45 24 37 13 35 24 8 15 38 16 43 22 37 26 17 12 23 50 22 30 16 8 43 9 4 34 28 11 22 42 44 10 19 30 34 14 41 43 25 11 32 35 31 35 40 45 14 38 40 31 27 38 37 25 3 4 21 10 10 51 31 35 34 22 29 24 31 15 43 41 44 15 26 17 28 37 25 36 18 44 29
45 47 14 0 57 23 37 35 36 55 39 52 28 16 45 32 23 50 37 30 56 38 40 25 39 38 22 21 46 16 46 34 36 40 13 26 19 60 36 35 30 20 53 6 16 48 39 25 28 48 50 5 31 29 46 24 41 51 31 23 36 35 35 47 40 53 28 37 44 42 26 50 48 37 16 17 19 5 9 62 45 47 46 33 35 23 33 13 44 45 44 19 23 15 28 43 38 42 14 46 41
31 20 47 57 0 37 23 23 32 5 40 13 33 41 17 28 34 22 33 33 5 32 24 33 22 39 46 35 11 42 23 26 43 31 48 45 46 3 40 24 40 38 3 56 43 43 17 40 28 16 14 51 29 38 20 32 35 8 25 34 25 36 25 17 38 7 38 42 20 14 38 22 8 24 43 47 43 51 47 6 28 18 17 22 21 39 29 45 28 21 32 37 44 43 33 16 27 19 46 23 24
23 24 22 23 37 0 14 21 14 34 18 29 5 10 31 22 12 39 31 25 38 32 17 18 16 35 28 9 25 7 23 25 16 33 11 31 9 39 34 13 30 16 33 26 19 45 23 25 11 25 27 19 23 8 35 13 19 30 12 16 13 13 12 34 18 32 26 16 21 26 5 40 30 27 20 26 6 19 15 42 36 35 34 19 15 4 10 10 21 22 22 8 10 8 6 22 29 19 10 24 31
14 9 33 37 23 14 0 17 9 19 17 15 10 22 22 22 19 31 31 27 26 30 4 23 2 36 37 18 12 21 10 23 20 31 25 38 23 26 37 3 35 25 20 39 29 44 15 32 11 11 13 33 23 15 27 19 14 16 8 23 2 13 2 24 16 18 31 19 7 16 15 31 19 24 30 36 20 33 28 29 32 25 24 15 5 17 6 24 11 8 14 18 21 22 10 8 26 5 24 11 26
31 24 24 35 23 21 17 0 24 23 32 26 20 19 10 6 12 18 14 12 21 13 20 10 18 19 23 14 16 23 25 6 33 14 29 24 30 25 20 14 20 15 20 33 20 27 5 18 10 23 25 30 7 26 14 11 29 21 10 12 16 27 16 13 31 23 17 33 22 8 25 19 14 7 20 24 27 30 26 28 16 14 13 2 12 25 19 25 27 23 29 17 31 25 21 18 9 18 28 26 10
9 13 36 36 32 14 9 24 0 27 8 20 9 24 31 29 22 40 38 33 35 37 8 28 10 43 40 21 21 21 11 30 11 38 24 42 19 35 43 10 40 28 29 40 32 51 23 36 15 16 18 33 29 9 36 23 5 24 14 27 8 4 8 33 7 25 36 10 12 25 11 40 28 31 33 39 18 33 29 38 40 34 33 22 13 14 5 24 8 12 8 21 17 21 8 16 33 13 23 12 34
26 15 47 55 5 34 19 23 27 0 35 8 29 39 20 29 33 26 36 35 10 35 19 33 17 42 46 34 8 40 18 29 38 34 44 47 42 8 43 21 43 37 5 55 42 46 18 41 25 11 9 49 30 34 23 32 30 3 22 34 21 31 21 20 33 2 40 37 15 16 34 26 11 27 42 47 39 49 45 11 31 21 20 23 18 36 25 42 23 16 27 34 40 40 29 11 30 14 43 18 27
10 20 40 39 40 18 17 32 8 35 0 27 13 28 39 36 28 48 45 40 43 45 16 34 18 50 45 26 29 24 17 38 3 46 26 48 20 43 50 18 46 33 37 43 36 59 31 42 23 24 26 36 37 10 44 28 5 32 22 32 16 5 16 41 2 33 42 2 20 33 13 48 36 39 37 43 20 36 32 46 48 42 41 30 21 16 13 27 12 19 9 25 16 24 12 24 41 21 25 17 42
18 7 46 52 13 29 15 26 20 8 27 0 25 37 25 32 32 32 39 38 18 38 13 35 13 45 49 32 10 36 10 32 30 37 40 50 38 16 46 17 46 38 12 53 42 51 21 44 24 3 1 48 33 28 29 31 22 7 21 35 16 24 17 25 25 6 43 29 7 19 29 32 16 30 42 48 35 48 43 19 36 26 25 25 16 31 19 39 15 8 19 33 35 37 24 8 33 9 39 10 31
18 18 27 28 33 5 10 20 9 29 13 25 0 15 29 23 15 37 32 27 35 33 12 20 12 37 32 13 22 12 18 25 13 33 16 34 13 36 36 9 32 20 30 31 23 46 21 28 10 21 23 24 24 6 33 15 14 26 10 19 8 8 8 32 13 28 28 13 17 24 6 38 28 27 24 30 11 24 20 39 36 33 32 18 12 7 5 15 16 17 17 12 12 13 1 18 29 15 15 19 30
33 31 12 16 41 10 22 19 24 39 28 37 15 0 29 19 8 37 26 19 40 27 25 13 24 28 19 5 30 5 31 22 25 29 10 22 12 44 27 19 22 8 37 17 9 38 23 17 12 32 34 11 19 18 33 9 29 35 15 11 20 23 19 32 28 37 18 26 29 26 15 38 32 25 10 16 10 11 7 46 34 33 32 18 19 12 19 6 31 29 32 3 15 6 16 27 26 26 9 32 29
35 25 33 45 17 31 22 10 31 20 39 25 29 29 0 13 22 9 16 17 13 15 25 19 22 22 30 24 15 33 28 11 41 14 39 29 40 18 23 21 24 24 15 42 29 27 8 24 20 23 24 39 14 35 5 21 36 18 19 21 23 34 23 3 38 20 22 40 24 6 35 10 9 8 29 32 37 39 36 20 12 4 3 12 18 35 27 35 32 25 35 27 41 35 30 19 10 20 38 28 7
36 29 20 32 28 22 22 6 29 29 36 32 23 19 13 0 11 18 9 6 26 10 25 6 23 15 18 14 22 23 31 3 36 11 29 18 30 30 15 19 14 11 25 29 16 23 11 13 13 29 31 26 1 29 14 10 34 27 15 8 21 31 21 15 36 29 11 36 27 13 27 19 19 6 16 20 27 26 24 33 15 16 15 7 17 26 23 25 32 28 34 17 32 25 24 24 7 23 28 31 10
31 28 14 23 34 12 19 12 22 33 28 32 15 8 22 11 0 29 19 12 32 20 23 6 21 22 18 3 24 12 29 14 28 21 18 20 19 36 22 16 18 6 30 22 10 32 15 14 8 28 30 18 11 20 25 1 27 29 11 5 18 23 17 25 28 31 14 28 26 18 17 30 24 17 11 17 16 18 14 38 26 25 25 10 15 16 17 14 29 27 30 6 21 14 16 23 18 22 17 30 21
44 34 37 50 22 39 31 18 40 26 48 32 37 37 9 18 29 0 15 20 17 14 34 24 31 19 33 32 23 41 37 15 50 11 47 30 48 23 20 30 24 29 21 46 34 21 17 27 28 31 32 44 18 43 4 28 45 25 27 26 32 43 32 6 47 27 24 49 32 14 43 1 15 12 34 35 45 44 42 24 6 5 6 20 26 43 35 43 40 33 44 35 49 43 38 27 12 28 46 36 8
45 38 23 37 33 31 31 14 38 36 45 39 32 26 16 9 19 15 0 7 28 1 34 13 32 6 17 22 29 30 39 8 45 3 36 14 38 34 7 28 9 18 31 32 21 14 18 12 22 36 38 33 9 38 14 18 43 34 24 15 30 40 30 16 45 36 9 45 36 20 36 15 25 9 21 20 35 33 31 35 8 16 16 16 26 35 32 32 41 37 43 25 40 32 33 31 6 32 35 40 9
41 35 17 30 33 25 27 12 33 35 40 38 27 19 17 6 12 20 7 0 30 8 31 6 29 10 12 15 28 23 36 6 40 10 29 12 31 35 10 25 8 11 31 26 14 20 17 7 18 35 37 26 5 32 17 11 38 33 20 8 27 35 26 19 40 35 5 40 33 19 29 21 24 9 14 15 28 26 24 37 15 19 18 13 23 28 28 25 38 34 40 18 33 25 28 30 8 29 28 37 12
35 23 45 56 5 38 26 21 35 10 43 18 35 40 13 26 32 17 28 30 0 27 27 31 25 34 42 34 14 42 26 24 46 26 48 42 47 6 35 26 37 36 6 54 41 38 16 37 28 19 19 50 27 41 15 31 38 11 25 33 28 39 28 12 41 12 35 45 23 13 41 17 7 21 41 45 43 50 46 7 23 13 12 21 23 41 32 45 31 24 35 36 47 43 36 19 23 22 46 26 19
45 37 24 38 32 32 30 13 37 35 45 38 33 27 15 10 20 14 1 8 27 0 33 14 31 7 18 23 28 31 38 7 46 2 37 15 39 33 8 27 10 19 30 33 22 14 17 13 22 35 37 34 9 38 13 19 42 33 23 16 29 40 29 15 44 35 10 46 35 19 37 14 24 8 22 21 36 34 32 34 7 15 15 15 25 36 32 33 40 36 42 26 41 33 33 30 5 31 36 39 8
10 6 37 40 24 17 4 20 8 19 16 13 12 25 25 25 23 34 34 31 27 33 0 27 2 39 41 22 13 24 6 26 19 34 28 42 25 27 40 7 38 29 21 42 33 47 17 36 15 9 11 36 26 16 30 23 11 16 12 27 5 12 6 27 14 17 35 18 5 18 17 34 20 26 34 40 23 36 32 30 35 28 26 18 8 19 7 27 7 5 10 22 23 25 12 8 29 5 27 7 29
36 32 13 25 33 18 23 10 28 33 34 35 20 13 19 6 6 24 13 6 31 14 27 0 25 16 14 9 25 17 33 9 33 16 23 15 25 35 16 20 11 5 30 22 10 26 15 9 12 32 34 20 6 26 20 5 33 30 15 2 22 28 21 21 33 32 8 33 30 18 23 25 24 12 10 14 22 20 18 38 21 22 21 10 19 22 22 19 33 31 35 12 27 19 21 27 13 26 22 34 16
12 7 35 39 22 16 2 18 10 17 18 13 12 24 22 23 21 31 32 29 25 31 2 25 0 37 39 20 11 23 8 24 21 32 27 40 25 25 38 5 36 27 19 41 31 45 15 34 13 9 11 35 24 17 27 21 13 14 10 25 4 14 4 24 16 16 33 20 5 16 17 31 18 24 32 38 22 35 30 28 33 25 24 16 6 19 8 26 9 6 12 20 23 24 12 6 27 3 26 9 27
50 43 24 38 39 35 36 19 43 42 50 45 37 28 22 15 22 19 6 10 34 7 39 16 37 0 16 25 35 33 44 13 49 8 38 12 40 40 2 33 8 20 37 33 22 10 24 13 28 42 44 34 14 42 19 21 48 40 29 18 35 44 35 22 49 42 10 49 41 26 39 20 31 15 22 21 38 34 32 41 13 21 22 21 31 38 38 34 46 42 48 28 43 34 37 37 12 37 37 45 15
49 46 8 22 46 28 37 23 40 46 45 49 32 19 30 18 18 33 17 12 42 18 41 14 39 16 0 19 39 24 47 18 44 20 25 4 31 47 14 34 8 12 43 17 10 26 28 5 26 46 48 18 17 36 29 18 45 44 29 14 36 40 35 31 45 46 8 44 44 31 33 32 36 21 9 5 29 18 18 49 25 31 30 24 33 31 35 23 47 45 48 21 34 25 33 41 20 40 26 48 24
30 27 15 21 35 9 18 14 21 34 26 32 13 5 24 14 3 32 22 15 34 23 22 9 20 25 19 0 25 9 28 17 25 24 15 21 16 38 24 15 20 7 32 21 11 35 18 16 8 28 30 16 14 17 28 4 26 30 11 7 17 21 16 27 26 32 17 25 25 21 14 33 27 20 12 18 13 16 12 41 29 28 27 13 15 13 16 11 28 26 29 3 18 11 14 23 21 22 14 29 24
21 11 38 46 11 25 12 16 21 8 29 10 22 30 15 22 24 23 29 28 14 28 13 25 11 35 39 25 0 31 13 22 32 27 36 40 34 14 36 13 36 29 8 46 34 41 11 34 17 8 9 41 23 27 20 24 24 5 14 26 14 25 14 17 27 7 33 31 10 9 27 24 8 20 34 39 31 41 37 17 27 18 17 15 10 28 18 34 18 11 22 26 33 32 22 5 23 8 35 14 21
30 30 16 16 42 7 21 23 21 40 24 36 12 5 33 23 12 41 30 23 42 31 24 17 23 33 24 9 31 0 30 26 21 33 6 27 8 45 32 19 27 13 39 19 14 43 26 22 14 32 34 12 23 14 37 13 26 36 17 15 20 20 19 36 25 38 23 22 28 29 11 42 35 29 15 20 5 12 8 48 38 37 36 21 21 8 17 3 28 29 29 6 10 2 13 28 30 26 5 31 33
8 3 43 46 23 23 10 25 11 18 17 10 18 31 28 31 29 37 39 36 26 38 6 33 8 44 47 28 13 30 0 31 20 39 34 48 30 26 45 13 44 35 20 48 39 52 21 42 21 7 9 42 32 20 33 29 12 15 18 33 11 15 12 30 15 16 41 19 3 21 22 37 21 30 40 46 29 42 38 29 39 31 29 23 14 25 13 33 5 2 9 28 28 31 18 8 33 7 33 1 33
37 30 22 34 26 25 23 6 30 29 38 32 25 22 11 3 14 15 8 6 24 7 26 9 24 13 18 17 22 26 31 0 38 8 32 18 33 29 14 20 14 14 24 31 19 21 11 13 15 29 31 29 3 31 11 13 35 27 16 11 22 33 22 12 37 29 11 38 28 13 30 16 18 3 19 21 30 29 27 31 12 13 12 8 18 29 25 28 33 29 35 20 35 28 26 24 4 24 31 32 7
14 23 37 36 43 16 20 33 11 38 3 30 13 25 41 36 28 50 45 40 46 46 19 33 21 49 44 25 32 21 20 38 0 46 23 46 17 46 49 20 44 32 40 40 34 59 33 41 23 27 29 33 37 8 46 28 8 35 23 32 18 7 18 44 5 36 41 1 23 35 11 51 39 40 35 41 17 33 29 49 49 45 43 31 23 13 14 24 15 22 12 24 13 21 12 27 42 24 22 20 43
45 37 26 40 31 33 31 14 38 34 46 37 33 29 14 11 21 11 3 10 26 2 34 16 32 8 20 24 27 33 39 8 46 0 39 17 40 32 9 28 12 21 29 35 24 14 17 15 23 35 36 36 10 39 11 20 43 32 24 18 30 41 30 14 45 34 12 46 35 18 38 12 23 8 24 23 37 36 34 33 5 13 14 16 26 37 33 35 41 36 43 27 42 35 34 30 5 31 38 39 7
33 35 17 13 48 11 25 29 24 44 26 40 16 10 39 29 18 47 36 29 48 37 28 23 27 38 25 15 36 6 34 32 23 39 0 29 6 50 37 24 31 18 44 17 17 48 32 26 20 36 38 10 29 16 43 19 28 41 22 21 24 22 23 42 27 43 28 24 32 35 13 48 40 35 17 21 6 10 7 53 44 43 42 27 26 10 21 4 32 33 31 12 10 4 17 33 36 30 1 35 39
51 47 12 26 45 31 38 24 42 47 48 50 34 22 29 18 20 30 14 12 42 15 42 15 40 12 4 21 40 27 48 18 46 17 29 0 34 47 10 35 5 14 42 21 13 22 29 6 27 47 49 22 17 38 28 19 47 45 30 15 37 42 36 30 47 47 7 46 45 31 35 29 36 21 12 9 32 22 22 49 22 30 30 25 34 34 37 26 48 46 50 23 37 28 35 42 19 41 29 49 23
28 31 23 19 46 9 23 30 19 42 20 38 13 12 40 30 19 48 38 31 47 39 25 25 25 40 31 16 34 8 30 33 17 40 6 34 0 48 39 22 34 20 42 23 21 50 32 29 20 34 36 16 30 11 44 20 23 39 21 23 21 17 21 43 21 41 30 18 30 35 8 49 39 36 22 27 3 16 13 51 45 44 43 28 24 6 18 8 27 30 26 13 4 6 13 31 37 28 5 31 40
34 23 50 60 3 39 26 25 35 8 43 16 36 44 18 30 36 23 34 35 6 33 27 35 25 40 47 38 14 45 26 29 46 32 50 47 48 0 41 27 42 40 6 57 45 44 20 42 31 19 17 54 31 41 21 35 38 11 28 37 28 39 28 18 41 10 40 45 23 17 41 23 11 26 45 49 45 54 50 3 29 19 18 25 24 42 32 48 31 24 35 40 47 46 36 19 28 22 49 26 25
51 44 22 36 40 34 37 20 43 43 50 46 36 27 23 15 22 20 7 10 35 8 40 16 38 2 14 24 36 32 45 14 49 9 37 10 39 41 0 34 6 18 38 31 20 12 25 11 28 43 45 32 14 41 20 21 48 41 29 17 36 44 35 23 49 43 8 49 42 27 38 21 32 16 20 19 37 32 30 42 14 22 23 22 32 37 38 32 47 43 49 27 42 33 37 38 13 38 35 46 16
16 12 30 35 24 13 3 14 10 21 18 17 9 19 21 19 16 30 28 25 26 27 7 20 5 33 34 15 13 19 13 20 20 28 24 35 22 27 34 0 31 22 21 36 26 41 13 29 8 13 15 30 20 15 26 16 15 17 5 20 2 13 2 23 17 19 28 19 10 15 15 30 19 21 27 33 19 30 26 30 30 24 23 12 3 16 6 22 13 11 15 16 21 21 10 9 23 7 23 14 24
48 43 16 30 40 30 35 20 40 43 46 46 32 22 24 14 18 24 9 8 37 10 38 11 36 8 8 20 36 27 44 14 44 12 31 5 34 42 6 31 0 13 38 25 14 18 25 5 23 43 45 26 13 37 23 16 44 41 26 13 33 39 32 25 44 43 3 44 41 27 34 24 32 17 14 13 32 26 24 44 17 25 25 21 30 33 33 27 44 42 46 22 37 28 32 38 14 37 30 45 18
37 34 8 20 38 16 25 15 28 37 33 38 20 8 24 11 6 29 18 11 36 19 29 5 27 20 12 7 29 13 35 14 32 21 18 14 20 40 18 22 13 0 35 17 5 30 20 9 14 34 36 15 11 24 25 6 33 34 17 3 24 28 23 26 33 36 10 32 32 23 21 30 29 17 5 11 18 15 13 43 26 27 26 14 21 20 23 14 35 33 36 9 23 14 21 29 18 28 17 36 21
28 17 43 53 3 33 20 20 29 5 37 12 30 37 15 25 30 21 31 31 6 30 21 30 19 37 43 32 8 39 20 24 40 29 44 42 42 6 38 21 38 35 0 52 40 41 15 37 25 13 12 48 26 35 18 30 32 5 22 31 22 33 22 15 35 6 35 39 17 12 35 21 6 22 40 44 39 48 44 9 26 16 15 20 18 36 26 42 25 18 29 34 41 40 30 13 25 16 43 20 22
49 48 9 6 56 26 39 33 40 55 43 53 31 17 42 29 22 46 32 26 54 33 42 22 41 33 17 21 46 19 48 31 40 35 17 21 23 57 31 36 25 17 52 0 13 43 37 20 29 49 51 7 28 33 42 23 45 51 32 20 37 39 36 43 44 53 23 41 46 40 30 47 46 34 12 12 23 7 11 60 40 44 43 31 36 27 36 16 47 46 48 20 27 19 32 44 34 43 18 49 38
41 38 4 16 43 19 29 20 32 42 36 42 23 9 29 16 10 34 21 14 41 22 33 10 31 22 10 11 34 14 39 19 34 24 17 13 21 45 20 26 14 5 40 13 0 32 25 9 18 38 40 12 16 27 30 10 37 39 21 8 28 31 27 31 36 41 12 35 36 28 24 35 34 22 1 7 19 12 10 48 29 32 31 19 25 21 27 13 39 37 40 11 24 15 24 33 22 32 16 40 26
59 51 34 48 43 45 44 27 51 46 59 51 46 38 27 23 32 21 14 20 38 14 47 26 45 10 26 35 41 43 52 21 59 14 48 22 50 44 12 41 18 30 41 43 32 0 31 23 36 49 50 44 23 52 23 31 56 45 37 28 43 54 43 26 58 47 20 59 49 32 49 21 35 22 32 31 48 44 42 45 15 25 26 29 39 48 46 44 54 50 56 38 53 44 47 44 19 45 47 53 20
27 19 28 39 17 23 15 5 23 18 31 21 21 23 8 11 15 17 18 17 16 17 17 15 15 24 28 18 11 26 21 11 33 17 32 29 32 20 25 13 25 20 15 37 25 31 0 23 12 18 20 33 12 27 13 15 28 16 11 16 15 26 15 11 30 18 22 32 18 3 27 18 9 9 25 29 29 33 29 23 18 12 11 5 10 27 19 29 24 19 27 20 33 28 22 13 12 14 31 22 12
45 41 11 25 40 25 32 18 36 41 42 44 28 17 24 13 14 27 12 7 37 13 36 9 34 13 5 16 34 22 42 13 41 15 26 6 29 42 11 29 5 9 37 20 9 23 23 0 21 41 43 21 12 33 24 13 41 39 24 9 31 36 30 25 41 41 3 41 39 26 30 27 31 16 9 8 27 21 19 44 20 26 25 19 28 29 31 22 42 40 44 18 32 23 29 36 15 35 25 43 19
24 20 22 28 28 11 11 10 15 25 23 24 10 12 20 13 8 28 22 18 28 22 15 12 13 28 26 8 17 14 21 15 23 23 20 27 20 31 28 8 23 14 25 29 18 36 12 21 0 20 22 23 14 16 24 8 20 22 3 12 10 18 9 23 22 24 20 23 18 15 15 29 21 17 19 25 17 23 19 34 26 24 23 8 7 15 10 17 21 19 23 9 21 16 11 15 19 14 19 22 20
15 4 42 48 16 25 11 23 16 11 24 3 21 32 23 29 28 31 36 35 19 35 9 32 9 42 46 28 8 32 7 29 27 35 36 47 34 19 43 13 43 34 13 49 38 49 18 41 20 0 2 43 30 25 28 28 19 8 17 32 13 20 13 25 22 9 40 26 4 17 26 32 16 27 39 45 31 43 39 22 35 26 25 22 13 28 16 35 12 5 16 29 32 33 21 5 30 6 35 7 29
17 6 44 50 14 27 13 25 18 9 26 1 23 34 24 31 30 32 38 37 19 37 11 34 11 44 48 30 9 34 9 31 29 36 38 49 36 17 45 15 45 36 12 51 40 50 20 43 22 2 0 45 32 27 29 30 21 7 19 34 15 22 15 25 24 7 42 28 6 18 28 32 16 29 41 47 33 45 41 20 36 26 25 24 15 30 18 37 14 7 18 31 34 35 23 7 32 8 37 9 30
42 42 10 5 51 19 33 30 33 49 36 48 24 11 39 26 18 44 33 26 50 34 36 20 35 34 18 16 41 12 42 29 33 36 10 22 16 54 32 30 26 15 48 7 12 44 33 21 23 43 45 0 26 26 40 19 38 45 26 18 31 32 30 41 37 47 24 34 40 36 23 45 42 32 12 14 16 0 4 56 41 42 41 28 30 20 29 9 40 40 41 14 20 12 25 38 33 37 11 43 36
36 30 19 31 29 23 23 7 29 30 37 33 24 19 14 1 11 18 9 5 27 9 26 6 24 14 17 14 23 23 32 3 37 10 29 17 30 31 14 20 13 11 26 28 16 23 12 12 14 30 32 26 0 30 14 10 34 28 15 8 22 32 21 15 36 30 10 37 28 14 28 19 20 6 16 19 27 26 24 34 15 16 15 8 18 27 24 25 33 29 35 17 32 25 25 25 7 24 28 32 10
17 21 30 29 38 8 15 26 9 34 10 28 6 18 35 29 20 43 38 32 41 38 16 26 17 42 36 17 27 14 20 31 8 39 16 38 11 41 41 15 37 24 35 33 27 52 27 33 16 25 27 26 30 0 39 21 12 31 16 24 13 6 13 38 11 33 34 8 21 30 3 44 34 33 28 34 10 26 22 44 42 39 38 24 18 6 9 17 17 20 15 16 8 14 5 23 35 20 15 21 36
40 30 34 46 20 35 27 14 36 23 44 29 33 33 5 14 25 4 14 17 15 13 30 20 27 19 29 28 20 37 33 11 46 11 43 28 44 21 20 26 23 25 18 42 30 23 13 24 24 28 29 40 14 39 0 24 40 22 23 22 28 39 28 3 43 24 22 45 29 11 39 5 12 8 30 32 41 40 38 22 8 2 3 16 23 39 32 39 36 30 39 31 45 39 34 24 9 25 42 33 5
32 28 14 24 32 13 19 11 23 32 28 31 15 9 21 10 1 28 18 11 31 19 23 5 21 21 18 4 24 13 29 13 28 20 19 19 20 35 21 16 16 6 30 23 10 31 15 13 8 28 30 19 10 21 24 0 28 29 11 4 18 23 17 24 28 31 13 28 26 18 18 29 24 16 11 17 17 19 15 38 25 25 24 10 15 17 18 15 29 27 31 7 22 15 16 23 17 22 18 30 20
5 15 41 41 35 19 14 29 5 30 5 22 14 29 36 34 27 45 43 38 38 42 11 33 13 48 45 26 24 26 12 35 8 43 28 47 23 38 48 15 44 33 32 45 37 56 28 41 20 19 21 38 34 12 40 28 0 27 19 32 13 6 13 37 3 28 40 7 15 29 15 44 31 36 38 44 22 38 34 41 45 38 37 27 18 18 10 29 7 14 4 26 20 26 13 19 38 16 27 12 39
23 12 43 51 8 30 16 21 24 3 32 7 26 35 18 27 29 25 34 33 11 33 16 30 14 40 44 30 5 36 15 27 35 32 41 45 39 11 41 17 41 34 5 51 39 45 16 39 22 8 7 45 28 31 22 29 27 0 19 31 18 28 18 18 30 2 38 34 12 14 31 25 9 25 39 44 36 45 41 14 29 19 18 20 15 33 22 39 20 13 24 31 37 37 26 8 28 11 40 15 25
21 17 25 31 25 12 8 10 14 22 22 21 10 15 19 15 11 27 24 20 25 23 12 15 10 29 29 11 14 17 18 16 23 24 22 30 21 28 29 5 26 17 22 32 21 37 11 24 3 17 19 26 15 16 23 11 19 19 0 15 7 17 6 22 21 21 23 23 15 14 16 28 18 17 22 28 18 26 22 31 26 23 22 8 4 16 9 20 18 16 20 12 22 18 11 12 19 11 21 19 20
36 32 11 23 34 16 23 12 27 34 32 35 19 11 21 8 5 26 15 8 33 16 27 2 25 18 14 7 26 15 33 11 32 18 21 15 23 37 17 20 13 3 31 20 8 28 16 9 12 32 34 18 8 24 22 4 32 31 15 0 22 27 21 23 32 33 10 32 30 19 21 27 25 14 8 13 20 18 16 39 23 24 23 11 19 20 22 17 33 31 35 10 25 17 20 27 15 26 20 34 18
14 10 32 36 25 13 2 16 8 21 16 16 8 20 23 21 18 32 30 27 28 29 5 22 4 35 36 17 14 20 11 22 18 30 24 37 21 28 36 2 33 24 22 37 28 43 15 31 10 13 15 31 22 13 28 18 13 18 7 22 0 11 1 25 15 20 30 17 9 17 13 32 21 23 29 35 19 31 27 31 32 26 25 14 5 15 4 23 11 9 13 17 19 21 8 10 25 7 23 12 26
10 17 35 35 36 13 13 27 4 31 5 24 8 23 34 31 23 43 40 35 39 40 12 28 14 44 40 21 25 20 15 33 7 41 22 42 17 39 44 13 39 28 33 39 31 54 26 36 18 20 22 32 32 6 39 23 6 28 17 27 11 0 11 36 5 29 36 6 16 28 9 43 32 34 32 38 16 32 28 42 43 37 36 25 16 12 8 23 11 16 9 20 14 20 7 20 36 17 21 15 37
15 11 31 35 25 12 2 16 8 21 16 17 8 19 23 21 17 32 30 26 28 29 6 21 4 35 35 16 14 19 12 22 18 30 23 36 21 28 35 2 32 23 22 36 27 43 15 30 9 13 15 30 21 13 28 17 13 18 6 21 1 11 0 25 15 20 29 17 9 17 13 32 21 23 28 34 18 30 26 31 32 26 25 14 5 15 4 22 12 10 14 16 19 20 8 10 25 7 22 13 26
37 27 35 47 17 34 24 13 33 20 41 25 32 32 3 15 25 6 16 19 12 15 27 21 24 22 31 27 17 36 30 12 44 14 42 30 43 18 23 23 25 26 15 43 31 26 11 25 23 25 25 41 15 38 3 24 37 18 22 23 25 36 25 0 40 20 23 42 26 8 38 7 9 9 31 33 40 41 39 19 11 1 0 15 20 38 29 38 33 27 36 30 44 38 33 21 11 22 41 30 7
8 18 40 40 38 18 16 31 7 33 2 25 13 28 38 36 28 47 45 40 41 44 14 33 16 49 45 26 27 25 15 37 5 45 27 47 21 41 49 17 44 33 35 44 36 58 30 41 22 22 24 37 36 11 43 28 3 30 21 32 15 5 15 40 0 31 41 4 18 32 14 47 34 38 37 43 21 37 33 44 47 41 40 29 20 17 12 28 10 17 7 25 18 25 12 22 40 19 26 15 41
24 13 45 53 7 32 18 23 25 2 33 6 28 37 20 29 31 27 36 35 12 35 17 32 16 42 46 32 7 38 16 29 36 34 43 47 41 10 43 19 43 36 6 53 41 47 18 41 24 9 7 47 30 33 24 31 28 2 21 33 20 29 20 20 31 0 40 35 13 16 33 27 11 27 41 46 38 47 43 13 31 21 20 22 17 35 24 41 21 14 25 33 39 39 28 10 30 13 42 16 27
44 40 14 28 38 26 31 17 36 40 42 43 28 18 22 11 14 24 9 5 35 10 35 8 33 10 8 17 33 23 41 11 41 12 28 7 30 40 8 28 3 10 35 23 12 20 22 3 20 40 42 24 10 34 22 13 40 38 23 10 30 36 29 23 41 40 0 41 38 24 31 24 29 14 12 11 28 24 22 42 17 24 23 18 27 30 30 24 41 39 43 19 33 24 29 35 13 34 27 42 17
12 22 38 37 42 16 19 33 10 37 2 29 13 26 40 36 28 49 45 40 45 46 18 33 20 49 44 25 31 22 19 38 1 46 24 46 18 45 49 19 44 32 39 41 35 59 32 41 23 26 28 34 37 8 45 28 7 34 23 32 17 6 17 42 4 35 41 0 22 34 11 49 38 40 36 42 18 34 30 48 49 43 42 31 22 14 14 25 14 21 11 24 14 22 12 26 42 23 23 19 43
11 2 40 44 20 21 7 22 12 15 20 7 17 29 24 27 26 32 36 33 23 35 5 30 5 41 44 25 10 28 3 28 23 35 32 45 30 23 42 10 41 32 17 46 36 49 18 39 18 4 6 40 28 21 29 26 15 12 15 30 9 16 9 26 18 13 38 22 0 18 22 33 18 27 37 43 27 39 35 26 36 27 26 20 11 24 12 31 8 1 12 25 28 29 17 5 30 4 31 4 30
28 19 31 42 14 26 16 8 25 16 33 19 24 26 6 13 18 14 20 19 13 19 18 18 16 26 31 21 9 29 21 13 35 18 35 31 35 17 27 15 27 23 12 40 28 32 3 26 15 17 18 36 14 30 11 18 29 14 14 19 17 28 17 8 32 16 24 34 18 0 30 15 6 11 27 32 32 36 32 20 18 9 8 8 12 30 21 32 25 19 28 23 36 31 25 13 14 14 34 22 12
19 23 27 26 38 5 15 25 11 34 13 29 6 15 35 27 17 43 36 29 41 37 17 23 17 39 33 14 27 11 22 30 11 38 13 35 8 41 38 15 34 21 35 30 24 49 27 30 15 26 28 23 28 3 39 18 15 31 16 21 13 9 13 38 14 33 31 11 22 30 0 44 34 32 25 31 7 23 19 44 41 39 38 23 18 3 10 14 19 22 18 13 6 11 5 23 34 20 12 23 35
44 34 38 50 22 40 31 19 40 26 48 32 38 38 10 19 30 1 15 21 17 14 34 25 31 20 32 33 24 42 37 16 51 12 48 29 49 23 21 30 24 30 21 47 35 21 18 27 29 32 32 45 19 44 5 29 44 25 28 27 32 43 32 7 47 27 24 49 33 15 44 0 16 13 35 35 46 45 43 24 7 6 7 21 27 44 36 44 40 34 43 36 50 44 39 28 13 29 47 37 9
29 19 37 48 8 30 19 14 28 11 36 16 28 32 9 19 24 15 25 24 7 24 20 24 18 31 36 27 8 35 21 18 39 23 40 36 39 11 32 19 32 29 6 46 34 35 9 31 21 16 16 42 20 34 12 24 31 9 18 25 21 32 21 9 34 11 29 38 18 6 34 16 0 16 33 38 36 42 38 14 20 10 9 14 16 34 25 38 26 19 30 29 40 36 29 13 19 15 39 22 16
36 28 25 37 24 27 24 7 31 27 39 30 27 25 8 6 17 12 9 9 21 8 26 12 24 15 21 20 20 29 30 3 40 8 35 21 36 26 16 21 17 17 22 34 22 22 9 16 17 27 29 32 6 33 8 16 36 25 17 14 23 34 23 9 38 27 14 40 27 11 32 13 16 0 22 24 33 32 30 28 9 10 9 9 19 31 26 31 33 28 36 23 37 31 28 22 3 23 34 31 4
42 39 3 16 43 20 30 20 33 42 37 42 24 10 29 16 11 34 21 14 41 22 34 10 32 22 9 12 34 15 40 19 35 24 17 12 22 45 20 27 14 5 40 12 1 32 25 9 19 39 41 12 16 28 30 11 38 39 22 8 29 32 28 31 37 41 12 36 37 27 25 35 33 22 0 6 20 12 10 47 29 32 31 19 26 22 28 14 40 38 41 12 25 16 25 34 22 33 17 41 26
48 45 4 17 47 26 36 24 39 47 43 48 30 16 32 20 17 35 20 15 45 21 40 14 38 21 5 18 39 20 46 21 41 23 21 9 27 49 19 33 13 11 44 12 7 31 29 8 25 45 47 14 19 34 32 17 44 44 28 13 35 38 34 33 43 46 11 42 43 32 31 35 38 24 6 0 25 14 14 52 28 34 33 24 32 28 34 19 46 44 47 18 30 21 31 40 23 39 22 47 27
26 29 21 19 43 6 20 27 18 39 20 35 11 10 37 27 16 45 35 28 43 36 23 22 22 38 29 13 31 5 29 30 17 37 6 32 3 45 37 19 32 18 39 23 19 48 29 27 17 31 33 16 27 10 41 17 22 36 18 20 19 16 18 40 21 38 28 18 27 32 7 46 36 33 20 25 0 16 12 48 42 41 40 25 21 4 16 7 26 28 25 10 5 4 11 28 34 25 5 29 37
42 42 10 5 51 19 33 30 33 49 36 48 24 11 39 26 18 44 33 26 50 34 36 20 35 34 18 16 41 12 42 29 33 36 10 22 16 54 32 30 26 15 48 7 12 44 33 21 23 43 45 0 26 26 40 19 38 45 26 18 31 32 30 41 37 47 24 34 39 36 23 45 42 32 12 14 16 0 4 56 41 42 41 28 30 20 29 9 40 40 41 14 20 12 25 38 33 37 11 43 36
38 37 10 9 47 15 28 26 29 45 32 43 20 7 36 24 14 42 31 24 46 32 32 18 30 32 18 12 37 8 38 27 29 34 7 22 13 50 30 26 24 13 44 11 10 42 29 19 19 39 41 4 24 22 38 15 34 41 22 16 27 28 26 39 33 43 22 30 35 32 19 43 38 30 10 14 12 4 0 52 39 39 39 24 26 16 25 5 36 36 37 10 17 8 21 34 31 33 8 39 34
37 26 51 62 6 42 29 28 38 11 46 19 39 46 20 33 38 24 35 37 7 34 30 38 28 41 49 41 17 48 29 31 49 33 53 49 51 3 42 30 44 43 9 60 48 45 23 44 34 22 20 56 34 44 22 38 41 14 31 39 31 42 31 19 44 13 42 48 26 20 44 24 14 28 47 52 48 56 52 0 30 20 19 28 27 45 35 51 34 27 38 43 50 49 39 22 30 25 52 29 26
45 37 31 45 28 36 32 16 40 31 48 36 36 34 12 15 26 6 8 15 23 7 35 21 33 13 25 29 27 38 39 12 49 5 44 22 45 29 14 30 17 26 26 40 29 15 18 20 26 35 36 41 15 42 8 25 45 29 26 23 32 43 32 11 47 31 17 49 36 18 41 7 20 9 29 28 42 41 39 30 0 10 11 18 28 40 35 40 42 37 45 32 46 40 37 31 8 32 43 40 6
38 28 35 47 18 35 25 14 34 21 42 26 33 33 4 16 25 5 16 19 13 15 28 22 25 21 31 28 18 37 31 13 45 13 43 30 44 19 22 24 25 27 16 44 32 25 12 26 24 26 26 42 16 39 2 25 38 19 23 24 26 37 26 1 41 21 24 43 27 9 39 6 10 10 32 34 41 42 39 20 10 0 1 16 21 39 30 39 34 28 37 31 45 39 34 22 11 23 42 31 7
36 27 34 46 17 34 24 13 33 20 41 25 32 32 3 15 25 6 16 18 12 15 26 21 24 22 30 27 17 36 29 12 43 14 42 30 43 18 23 23 25 26 15 43 31 26 11 25 23 25 25 41 15 38 3 24 37 18 22 23 25 36 25 0 40 20 23 42 26 8 38 7 9 9 31 33 40 41 39 19 11 1 0 15 20 38 29 38 33 27 36 30 44 38 33 21 11 22 41 30 7
28 22 22 33 22 19 15 2 22 23 30 25 18 18 12 7 10 20 16 13 21 15 18 10 16 21 24 13 15 21 23 8 31 16 27 25 28 25 22 12 21 14 20 31 19 29 5 19 8 22 24 28 8 24 16 10 27 20 8 11 14 25 14 15 29 22 18 31 20 8 23 21 14 9 19 24 25 28 24 28 18 16 15 0 10 23 17 23 25 21 27 15 29 23 19 17 11 16 26 24 12
18 13 29 35 21 15 5 12 13 18 21 16 12 19 18 17 15 26 26 23 23 25 8 19 6 31 33 15 10 21 14 18 23 26 26 34 24 24 32 3 30 21 18 36 25 39 10 28 7 13 15 30 18 18 23 15 18 15 4 19 5 16 5 20 20 17 27 22 11 12 18 27 16 19 26 32 21 30 26 27 28 21 20 10 0 18 9 24 15 12 18 16 24 22 13 8 21 7 25 15 22
22 25 24 23 39 4 17 25 14 36 16 31 7 12 35 26 16 43 35 28 41 36 19 22 19 38 31 13 28 8 25 29 13 37 10 34 6 42 37 16 33 20 36 27 21 48 27 29 15 28 30 20 27 6 39 17 18 33 16 20 15 12 15 38 17 35 30 14 24 30 3 44 34 31 22 28 4 20 16 45 40 39 38 23 18 0 12 11 22 24 21 11 6 8 7 25 33 22 9 25 35
14 13 31 33 29 10 6 19 5 25 13 19 5 19 27 23 17 35 32 28 32 32 7 22 8 38 35 16 18 17 13 25 14 33 21 37 18 32 38 6 33 23 26 36 27 46 19 31 10 16 18 29 24 9 32 18 10 22 9 22 4 8 4 29 12 24 30 14 12 21 10 36 25 26 28 34 16 29 25 35 35 30 29 17 9 12 0 20 12 12 13 16 16 18 5 14 28 11 20 14 29
33 33 15 13 45 10 24 25 24 42 27 39 15 6 35 25 14 43 32 25 45 33 27 19 26 34 23 11 34 3 33 28 24 35 4 26 8 48 32 22 27 14 42 16 13 44 29 22 17 35 37 9 25 17 39 15 29 39 20 17 23 23 22 38 28 41 24 25 31 32 14 44 38 31 14 19 7 9 5 51 40 39 38 23 24 11 20 0 31 32 32 8 12 3 16 31 32 29 3 34 35
3 8 43 44 28 21 11 27 8 23 12 15 16 31 32 32 29 40 41 38 31 40 7 33 9 46 47 28 18 28 5 33 15 41 32 48 27 31 47 13 44 35 25 47 39 54 24 42 21 12 14 40 33 17 36 29 7 20 18 33 11 11 12 33 10 21 41 14 8 25 19 40 26 33 40 46 26 40 36 34 42 34 33 25 15 22 12 31 0 7 4 28 25 28 15 13 36 11 31 5 36
10 1 41 45 21 22 8 23 12 16 19 8 17 29 25 28 27 33 37 34 24 36 5 31 6 42 45 26 11 29 2 29 22 36 33 46 30 24 43 11 42 33 18 46 37 50 19 40 19 5 7 40 29 20 30 27 14 13 16 31 9 16 10 27 17 14 39 21 1 19 22 34 19 28 38 44 28 40 36 27 37 28 27 21 12 24 12 32 7 0 11 26 28 30 17 6 31 5 32 3 31
1 12 44 44 32 22 14 29 8 27 9 19 17 32 35 34 30 44 43 40 35 42 10 35 12 48 48 29 22 29 9 35 12 43 31 50 26 35 49 15 46 36 29 48 40 56 27 44 23 16 18 41 35 15 39 31 4 24 20 35 13 9 14 36 7 25 43 11 12 28 18 43 30 36 41 47 25 41 37 38 45 37 36 27 18 21 13 32 4 11 0 29 23 29 16 17 38 15 30 9 39
30 27 15 19 37 8 18 17 21 34 25 33 12 3 27 17 6 35 25 18 36 26 22 12 20 28 21 3 26 6 28 20 24 27 12 23 13 40 27 16 22 9 34 20 11 38 20 18 9 29 31 14 17 16 31 7 26 31 12 10 17 20 16 30 25 33 19 24 25 23 13 36 29 23 12 18 10 14 10 43 32 31 30 15 16 11 16 8 28 26 29 0 15 8 13 24 24 23 11 29 27
24 29 26 23 44 10 21 31 17 40 16 35 12 15 41 32 21 49 40 33 47 41 23 27 23 43 34 18 33 10 28 35 13 42 10 37 4 47 42 21 37 23 41 27 24 53 33 32 21 32 34 20 32 8 45 22 20 37 22 25 19 14 19 44 18 39 33 14 28 36 6 50 40 37 25 30 5 20 17 50 46 45 44 29 24 6 16 12 25 28 23 15 0 9 11 29 39 26 9 29 41
30 31 17 15 43 8 22 25 21 40 24 37 13 6 35 25 14 43 32 25 43 33 25 19 24 34 25 11 32 2 31 28 21 35 4 28 6 46 33 21 28 14 40 19 15 44 28 23 16 33 35 12 25 14 39 15 26 37 18 17 21 20 20 38 25 39 24 22 29 31 11 44 36 31 16 21 4 12 8 49 40 39 38 23 22 8 18 3 28 30 29 8 9 0 13 30 32 27 3 31 35
17 18 28 28 33 6 10 21 8 29 12 24 1 16 30 24 16 38 33 28 36 33 12 21 12 37 33 14 22 13 18 26 12 34 17 35 13 36 37 10 32 21 30 32 24 47 22 29 11 21 23 25 25 5 34 16 13 26 11 20 8 7 8 33 12 28 29 12 17 25 5 39 29 28 25 31 11 25 21 39 37 34 33 19 13 7 5 16 15 17 16 13 11 13 0 18 30 15 16 18 31
16 6 37 43 16 22 8 18 16 11 24 8 18 27 19 24 23 27 31 30 19 30 8 27 6 37 41 23 5 28 8 24 27 30 33 42 31 19 38 9 38 29 13 44 33 44 13 36 15 5 7 38 25 23 24 23 19 8 12 27 10 20 10 21 22 10 35 26 5 13 23 28 13 22 34 40 28 38 34 22 31 22 21 17 8 25 14 31 13 6 17 24 29 30 18 0 25 3 32 9 25
39 31 25 38 27 29 26 9 33 30 41 33 29 26 10 7 18 12 6 8 23 5 29 13 27 12 20 21 23 30 33 4 42 5 36 19 37 28 13 23 14 18 25 34 22 19 12 15 19 30 32 33 7 35 9 17 38 28 19 15 25 36 25 11 40 30 13 42 30 14 34 13 19 3 22 23 34 33 31 30 8 11 11 11 21 33 28 32 36 31 38 24 39 32 30 25 0 26 35 34 4
14 6 36 42 19 19 5 18 13 14 21 9 15 26 20 23 22 28 32 29 22 31 5 26 3 37 40 22 8 26 7 24 24 31 30 41 28 22 38 7 37 28 16 43 32 45 14 35 14 6 8 37 24 20 25 22 16 11 11 26 7 17 7 22 19 13 34 23 4 14 20 29 15 23 33 39 25 37 33 25 32 23 22 16 7 22 11 29 11 5 15 23 26 27 15 3 26 0 29 8 26
31 33 18 14 46 10 24 28 23 43 25 39 15 9 38 28 17 46 35 28 46 36 27 22 26 37 26 14 35 5 33 31 22 38 1 29 5 49 35 23 30 17 43 18 16 47 31 25 19 35 37 11 28 15 42 18 27 40 21 20 23 21 22 41 26 42 27 23 31 34 12 47 39 34 17 22 5 11 8 52 43 42 41 26 25 9 20 3 31 32 30 11 9 3 16 32 35 29 0 34 38
8 3 44 46 23 24 11 26 12 18 17 10 19 32 28 31 30 36 40 37 26 39 7 34 9 45 48 29 14 31 1 32 20 39 35 49 31 26 46 14 45 36 20 49 40 53 22 43 22 7 9 43 32 21 33 30 12 15 19 34 12 15 13 30 15 16 42 19 4 22 23 37 22 31 41 47 29 43 39 29 40 31 30 24 15 25 14 34 5 3 9 29 29 31 18 9 34 8 34 0 34
39 31 29 41 24 31 26 10 34 27 42 31 30 29 7 10 21 8 9 12 19 8 29 16 27 15 24 24 21 33 33 7 43 7 39 23 40 25 16 24 18 21 22 38 26 20 12 19 20 29 30 36 10 36 5 20 39 25 20 18 26 37 26 7 41 27 17 43 30 12 35 9 16 4 26 27 37 36 34 26 6 7 7 12 22 35 29 35 36 31 39 27 41 35 31 25 4 26 38 34 0
0         835      
8         26       
259       272      
237       259      
70        90       
184       212      
120       135      
394       414      
171       192      
20        45       
158       172      
17        37       
172       199      
285       320      
591       611      
389       412      
293       326      
576       592      
374       402      
343       349      
65        80       
715       734      
111       128      
332       344      
100       128      
609       643      
663       668      
297       310      
38        63       
198       217      
0         11       
387       397      
148       166      
373       395      
201       226      
350       369      
755       770      
546       559      
364       378      
458       488      
345       369      
268       305      
19        42       
258       261      
279       302      
623       643      
411       431      
352       379      
439       455      
16        22       
99        112      
666       700      
426       438      
123       143      
555       590      
300       332      
136       162      
23        37       
443       474      
311       330      
119       134      
128       161      
117       142      
577       585      
146       153      
34        47       
341       365      
499       520      
12        15       
799       805      
173       207      
582       612      
44        64       
390       409      
271       284      
256       285      
213       237      
249       261      
240       256      
75        83       
614       634      
557       583      
565       583      
409       433      
445       458      
218       228      
127       141      
189       224      
0         6        
521       544      
485       509      
324       342      
226       242      
209       216      
123       152      
107       118      
377       405      
452       476      
235       238      
480       506      
707       740      
