101
0 37 58 60 33 39 25 56 18 53 34 3 27 29 43 60 56 15 37 11 39 33 30 12 31 49 50 15 27 38 47 28 21 47 22 38 40 52 20 19 32 14 17 16 24 45 32 18 46 27 37 19 23 31 33 49 44 6 20 13 56 41 45 20 36 35 42 10 14 27 30 22 22 25 23 31 21 26 46 31 42 16 39 30 28 45 27 50 39 29 36 49 52 4 33 42 45 18 61 36 28
37 0 26 24 31 3 11 19 24 18 4 33 34 8 13 25 24 24 15 25 3 18 6 29 11 12 20 30 16 3 12 10 24 18 33 14 5 22 25 18 34 30 19 24 32 13 11 20 17 28 18 17 30 12 10 22 15 36 21 23 27 28 27 19 14 10 8 26 25 23 12 16 13 11 26 32 21 12 13 16 6 26 15 32 23 17 13 14 35 19 9 21 20 32 5 7 28 27 29 0 17
58 26 0 6 35 27 36 10 40 9 26 55 43 31 15 4 2 48 21 48 23 44 30 53 27 20 7 45 42 28 28 35 50 40 44 19 21 5 39 43 39 45 42 49 42 35 25 45 39 37 44 41 40 38 24 44 12 54 37 44 4 26 20 44 40 20 31 47 49 33 38 40 37 34 37 38 36 30 13 26 20 41 18 39 32 10 39 15 35 45 35 7 6 53 26 26 21 41 7 26 28
60 24 6 0 40 24 35 5 42 6 25 56 46 30 17 2 7 47 24 48 21 41 29 52 28 16 11 48 40 25 24 34 48 36 47 22 19 10 42 42 44 48 42 48 45 31 27 44 35 41 40 40 44 36 25 40 15 56 39 45 10 32 26 43 36 23 27 48 48 36 36 39 37 33 40 43 38 32 12 29 18 43 21 44 35 13 37 11 41 43 32 12 6 55 26 22 27 44 5 24 31
33 31 35 40 0 34 27 39 17 36 27 31 8 26 25 38 33 32 17 29 30 41 28 36 19 39 29 18 35 34 42 30 39 49 11 19 30 30 15 30 4 19 27 34 9 44 19 31 47 6 44 28 10 35 20 52 26 27 18 25 32 10 16 32 40 22 39 28 33 8 34 30 28 27 10 3 17 22 31 14 32 18 20 4 8 27 32 38 6 39 37 28 34 30 25 36 15 16 41 30 13
39 3 27 24 34 0 14 19 27 18 7 36 37 11 14 25 25 26 18 28 4 17 9 31 14 10 21 33 17 1 9 12 25 16 36 17 6 23 28 21 37 33 21 27 35 11 14 23 14 31 17 20 33 12 13 19 16 38 24 25 28 31 29 21 13 13 6 28 27 26 13 18 16 13 29 35 24 15 14 19 7 29 17 35 26 18 14 13 38 19 8 22 21 35 8 4 30 30 29 3 20
25 11 36 35 27 14 0 30 14 29 9 22 28 4 20 35 33 12 19 14 14 13 5 17 11 23 28 20 8 13 22 3 15 23 24 19 15 30 16 7 29 20 7 13 25 21 12 9 22 24 16 5 22 8 13 26 22 25 12 12 34 29 31 8 13 15 18 14 13 19 7 5 2 1 19 28 12 6 22 15 17 16 20 28 19 24 5 25 32 12 12 28 29 21 9 17 32 17 38 11 14
56 19 10 5 39 19 30 0 38 3 21 52 45 26 14 7 9 42 22 44 16 36 25 47 24 11 10 44 35 20 19 29 43 31 45 20 15 9 38 37 43 44 37 43 43 26 23 39 30 39 35 35 41 31 21 35 13 52 35 41 13 31 25 38 31 19 22 44 43 34 31 35 32 29 38 42 34 28 8 26 13 39 19 43 33 12 32 6 40 38 27 11 5 51 22 17 26 40 10 19 28
18 24 40 42 17 27 14 38 0 36 20 15 14 16 25 42 38 15 18 12 25 27 18 19 14 35 32 6 20 27 36 17 22 37 10 20 25 34 2 13 17 6 11 17 11 35 15 15 36 11 30 12 9 22 16 40 27 14 3 8 37 24 27 15 27 18 32 11 16 10 21 15 13 14 7 16 3 12 29 12 27 2 20 15 11 28 18 35 23 24 26 31 35 14 19 31 28 3 44 24 10
53 18 9 6 36 18 29 3 36 0 19 50 42 24 11 7 7 41 19 42 15 35 23 46 22 11 7 42 34 19 19 28 42 31 42 17 13 7 36 36 40 42 36 42 40 26 21 38 30 36 35 34 39 30 19 35 10 50 33 39 11 28 22 37 31 17 22 42 42 31 30 33 31 27 35 39 32 26 6 24 12 37 16 40 30 9 31 6 37 37 26 8 3 49 20 17 23 38 11 18 26
34 4 26 25 27 7 9 21 20 19 0 31 30 5 12 26 24 21 12 23 5 19 4 26 7 15 19 26 16 7 16 9 24 22 29 11 6 21 21 16 30 26 16 22 28 17 7 18 21 24 20 14 26 13 7 26 14 33 17 20 26 25 24 17 16 7 12 23 22 19 13 14 11 8 22 28 17 8 13 12 8 22 12 28 18 16 13 16 31 20 11 20 20 30 1 11 25 23 29 4 13
3 33 55 56 31 36 22 52 15 50 31 0 25 25 39 56 52 12 33 8 35 30 27 10 27 45 47 13 24 35 44 24 18 44 20 35 37 49 16 16 30 12 14 13 22 42 28 15 43 25 34 16 21 28 29 46 40 5 17 10 52 38 42 17 33 31 39 7 11 24 27 19 19 22 21 29 18 23 42 27 38 13 35 28 25 41 24 46 37 26 33 45 48 1 30 39 42 15 57 33 25
27 34 43 46 8 37 28 45 14 42 30 25 0 27 31 45 41 29 23 24 35 41 29 31 23 45 36 12 34 37 46 31 36 50 5 25 35 38 12 27 5 13 25 31 3 46 24 29 49 6 44 26 5 36 25 54 32 21 16 21 40 18 24 29 41 27 42 23 29 11 35 29 27 27 8 4 15 23 37 19 37 13 26 3 12 33 32 44 12 38 38 36 40 24 29 41 23 11 49 34 17
29 8 31 30 26 11 4 26 16 24 5 25 27 0 16 31 29 16 15 18 10 15 2 21 7 20 23 22 12 11 20 5 19 23 25 15 11 25 17 11 28 22 11 17 25 19 8 13 21 22 18 9 22 10 9 26 18 28 13 15 30 27 27 12 14 11 16 18 17 18 9 9 6 3 19 27 13 4 18 12 13 18 16 27 17 20 9 21 30 16 11 24 25 25 5 15 28 19 34 8 12
43 13 15 17 25 14 20 14 25 11 12 39 31 16 0 16 13 32 8 33 10 31 16 37 11 15 7 30 28 15 21 21 35 30 30 6 8 9 25 27 29 31 27 33 29 25 10 29 28 25 31 25 27 25 8 33 2 39 22 28 14 19 15 28 27 6 20 31 33 20 25 25 22 19 24 28 21 15 6 13 9 26 5 29 19 4 25 13 27 32 22 8 11 38 12 15 16 27 20 13 15
60 25 4 2 38 25 35 7 42 7 26 56 45 31 16 0 5 47 23 49 22 42 30 52 27 18 9 46 41 26 26 35 49 38 46 21 20 8 41 42 42 47 42 48 44 33 26 44 37 40 42 40 43 37 24 42 14 55 38 44 8 30 24 43 38 22 29 47 48 35 37 40 37 34 39 41 37 31 12 28 19 42 20 42 34 12 38 13 39 44 33 10 5 54 26 24 25 43 4 25 30
56 24 2 7 33 25 33 9 38 7 24 52 41 29 13 5 0 45 19 46 21 42 28 50 24 18 5 43 40 26 26 33 48 38 42 17 19 3 37 40 37 43 40 46 40 33 23 42 37 35 42 38 38 36 21 42 10 52 35 41 4 25 19 41 38 18 29 44 46 31 36 38 35 32 35 36 34 28 11 24 18 39 16 37 30 8 37 13 34 43 33 5 4 51 24 24 20 39 8 24 26
15 24 48 47 32 26 12 42 15 41 21 12 29 16 32 47 45 0 29 5 26 18 17 4 22 35 39 17 12 25 33 14 7 32 24 30 27 41 17 5 32 16 6 2 25 30 23 3 31 26 22 7 23 16 24 34 34 16 15 7 46 39 41 5 21 26 28 6 1 25 15 8 10 13 22 31 16 17 34 25 29 15 31 30 26 36 12 37 38 14 21 40 41 12 21 29 42 17 50 23 23
37 15 21 24 17 18 19 22 18 19 12 33 23 15 8 23 19 29 0 28 14 30 15 33 8 22 14 23 27 18 26 20 34 33 22 2 13 16 17 25 21 23 23 31 21 28 7 27 32 17 32 23 19 24 6 37 9 32 16 24 19 13 12 27 28 5 23 27 30 12 24 24 21 18 16 20 15 13 14 5 15 20 3 21 11 11 24 21 20 31 23 14 18 32 12 20 13 19 27 15 7
11 25 48 48 29 28 14 44 12 42 23 8 24 18 33 49 46 5 28 0 28 22 19 7 21 37 40 12 16 27 36 16 12 36 19 29 29 42 14 8 28 11 6 7 21 34 22 7 35 23 26 8 19 20 23 38 34 12 12 4 46 36 38 9 25 25 31 1 5 22 19 11 11 14 19 27 13 17 36 22 31 11 30 26 23 35 16 39 35 18 25 39 42 8 22 31 39 13 51 25 20
39 3 23 21 30 4 14 16 25 15 5 35 35 10 10 22 21 26 14 28 0 21 9 30 12 10 17 31 19 5 11 13 27 20 34 13 2 19 26 21 34 31 21 27 33 15 11 23 18 29 21 19 31 15 10 23 12 38 22 25 24 27 25 22 17 9 10 28 27 24 15 19 16 13 27 32 22 13 10 16 3 27 13 33 23 14 16 11 34 22 12 18 17 35 6 6 26 28 26 3 18
33 18 44 41 41 17 13 36 27 35 19 30 41 15 31 42 42 18 30 22 21 0 15 21 22 26 38 31 6 16 20 11 12 14 37 30 23 40 29 14 42 31 16 17 38 15 23 15 13 37 4 14 35 6 24 16 33 34 24 21 45 42 42 13 5 26 15 23 19 32 6 11 13 14 32 41 25 19 31 27 24 27 31 41 32 35 8 30 45 4 9 39 38 30 19 19 43 29 46 18 27
30 6 30 29 28 9 5 25 18 23 4 27 29 2 16 30 28 17 15 19 9 15 0 21 8 18 23 24 12 9 18 5 20 21 27 15 10 25 19 12 30 24 12 18 27 18 8 14 20 24 17 10 24 9 9 25 18 30 15 17 30 27 27 13 13 11 14 19 18 20 9 10 7 5 21 29 15 6 17 13 12 20 16 29 19 20 9 20 32 16 10 24 24 26 4 13 28 21 33 6 14
12 29 53 52 36 31 17 47 19 46 26 10 31 21 37 52 50 4 33 7 30 21 21 0 26 39 43 19 15 29 37 18 9 35 26 34 31 45 21 9 35 18 10 4 28 33 27 7 34 30 25 11 26 20 28 37 38 15 19 11 50 43 45 9 24 30 32 8 3 29 19 12 14 17 26 34 20 21 38 29 33 18 35 33 30 40 16 41 42 17 25 44 45 10 25 33 46 20 54 27 27
31 11 27 28 19 14 11 24 14 22 7 27 23 7 11 27 24 22 8 21 12 22 8 26 0 22 18 19 19 14 23 12 26 29 22 8 12 20 14 17 22 20 16 23 21 24 1 19 28 17 25 15 19 17 2 33 13 28 11 17 25 19 20 19 21 4 19 20 23 12 16 16 13 10 15 21 11 5 15 5 14 16 9 21 11 14 16 21 24 23 18 18 21 27 6 18 21 16 30 11 6
49 12 20 16 39 10 23 11 35 11 15 45 45 20 15 18 18 35 22 37 10 26 18 39 22 0 17 41 27 11 8 22 35 20 44 20 10 18 36 30 43 41 30 36 43 15 21 32 19 39 24 28 41 22 20 24 15 48 32 35 22 34 30 31 21 18 11 37 36 34 23 28 25 23 37 42 32 23 10 26 8 37 20 43 33 15 24 5 41 29 17 18 14 44 16 7 31 38 21 12 28
50 20 7 11 29 21 28 10 32 7 19 47 36 23 7 9 5 39 14 40 17 38 23 43 18 17 0 37 35 22 24 28 42 35 36 12 15 2 31 34 33 37 34 40 35 29 17 36 33 31 38 32 33 32 15 38 5 46 29 35 7 21 15 35 34 13 25 38 40 26 32 32 29 26 30 32 28 22 7 19 14 33 11 33 25 3 32 12 30 39 29 1 5 45 19 20 16 33 13 20 21
15 30 45 48 18 33 20 44 6 42 26 13 12 22 30 46 43 17 23 12 31 31 24 19 19 41 37 0 25 33 42 23 24 43 7 25 31 39 5 17 17 1 15 19 9 41 20 17 42 12 35 17 8 27 21 45 32 10 9 10 42 26 30 19 32 23 38 11 17 12 26 20 18 20 8 16 9 18 34 17 33 4 25 15 13 33 23 40 24 28 32 36 40 12 25 37 30 3 49 30 15
27 16 42 40 35 17 8 35 20 34 16 24 34 12 28 41 40 12 27 16 19 6 12 15 19 27 35 25 0 16 22 7 9 20 30 27 21 37 22 8 37 24 10 11 31 18 20 9 19 31 10 8 29 5 21 22 30 28 18 15 42 37 39 7 9 23 17 17 13 27 4 5 7 9 26 35 19 14 29 23 22 21 28 35 27 32 3 30 40 4 10 36 36 24 16 20 40 23 45 16 22
38 3 28 25 34 1 13 20 27 19 7 35 37 11 15 26 26 25 18 27 5 16 9 29 14 11 22 33 16 0 9 11 25 15 36 17 7 24 28 20 36 33 20 26 35 10 14 22 13 31 16 18 33 11 13 18 17 38 24 25 29 31 30 20 12 13 5 27 26 26 12 17 15 13 29 35 24 15 15 19 8 29 18 35 25 19 14 14 38 18 7 23 22 34 8 4 31 30 30 3 20
47 12 28 24 42 9 22 19 36 19 16 44 46 20 21 26 26 33 26 36 11 20 18 37 23 8 24 42 22 9 0 19 31 12 45 24 12 26 37 28 45 42 29 33 44 7 22 30 11 40 18 27 42 17 21 16 22 47 33 34 30 38 36 28 15 20 5 36 34 35 18 25 24 22 38 43 33 24 17 27 12 38 24 44 34 22 21 13 45 23 12 25 22 43 17 5 37 39 29 12 29
28 10 35 34 30 12 3 29 17 28 9 24 31 5 21 35 33 14 20 16 13 11 5 18 12 22 28 23 7 11 19 0 15 20 27 20 15 30 19 9 32 23 10 14 28 18 13 11 19 26 13 8 25 5 14 23 23 28 14 15 35 31 32 9 10 16 15 17 15 22 5 6 5 3 22 31 15 8 22 17 16 19 21 31 22 25 4 24 35 11 9 29 29 24 9 15 33 20 38 10 16
21 24 50 48 39 25 15 43 22 42 24 18 36 19 35 49 48 7 34 12 27 12 20 9 26 35 42 24 9 25 31 15 0 26 31 34 29 44 24 9 39 23 11 5 32 26 27 7 25 33 16 11 30 14 28 28 37 23 20 14 49 44 46 7 16 30 26 13 7 30 13 10 13 16 28 37 21 21 37 30 30 22 35 37 31 39 11 38 44 8 19 43 44 18 24 29 47 24 53 24 28
47 18 40 36 49 16 23 31 37 31 22 44 50 23 30 38 38 32 33 36 20 14 21 35 29 20 35 43 20 15 12 20 26 0 47 32 22 37 39 28 51 43 30 31 48 5 29 29 1 45 10 28 45 16 28 4 32 48 34 35 42 46 45 27 11 28 9 37 33 41 17 25 25 23 42 50 35 27 27 34 21 39 33 50 40 32 20 25 53 18 11 35 34 44 23 14 46 40 41 18 35
22 33 44 47 11 36 24 45 10 42 29 20 5 25 30 46 42 24 22 19 34 37 27 26 22 44 36 7 30 36 45 27 31 47 0 24 34 38 8 23 10 8 21 26 2 44 23 24 46 7 40 22 3 32 24 50 31 16 12 17 41 21 27 25 37 26 41 18 24 10 31 25 23 23 7 9 12 21 36 18 36 9 25 8 11 33 28 43 17 34 35 36 40 19 28 40 26 7 49 33 16
38 14 19 22 19 17 19 20 20 17 11 35 25 15 6 21 17 30 2 29 13 30 15 34 8 20 12 25 27 17 24 20 34 32 24 0 12 14 19 25 23 25 24 31 23 27 7 27 30 19 31 23 21 24 6 35 7 34 18 25 18 14 13 27 27 4 22 28 31 14 24 24 21 18 18 22 17 13 12 7 13 22 1 23 13 9 24 19 21 31 22 12 16 34 11 19 14 21 25 14 9
40 5 21 19 30 6 15 15 25 13 6 37 35 11 8 20 19 27 13 29 2 23 10 31 12 10 15 31 21 7 12 15 29 22 34 12 0 17 26 22 33 31 22 28 33 16 11 24 20 29 23 20 31 17 10 25 10 39 23 26 22 26 23 23 19 8 12 29 28 24 17 20 17 14 27 32 22 14 8 16 2 27 12 33 23 12 18 10 33 24 14 16 15 36 7 7 24 28 24 5 18
52 22 5 10 30 23 30 9 34 7 21 49 38 25 9 8 3 41 16 42 19 40 25 45 20 18 2 39 37 24 26 30 44 37 38 14 17 0 33 36 34 39 36 42 37 31 19 38 35 32 40 34 35 34 17 40 7 48 31 37 5 22 16 37 36 15 27 40 42 28 34 34 31 28 32 33 30 24 9 21 16 35 13 34 27 5 34 13 31 41 31 2 4 47 21 22 17 35 11 22 23
20 25 39 42 15 28 16 38 2 36 21 16 12 17 25 41 37 17 17 14 26 29 19 21 14 36 31 5 22 28 37 19 24 39 8 19 26 33 0 15 15 6 13 19 9 36 15 17 38 9 32 14 7 24 16 42 26 15 4 10 36 22 26 17 29 18 33 13 18 8 23 17 15 15 5 14 4 13 29 12 28 3 20 13 9 28 20 35 21 26 27 31 35 16 20 32 26 2 44 25 10
19 18 43 42 30 21 7 37 13 36 16 16 27 11 27 42 40 5 25 8 21 14 12 9 17 30 34 17 8 20 28 9 9 28 23 25 22 36 15 0 30 16 2 6 24 26 18 2 27 24 18 2 22 12 19 30 29 20 11 7 41 35 37 2 17 21 24 9 6 21 11 3 5 8 19 28 12 12 29 21 24 14 26 28 22 31 8 32 35 11 17 35 36 16 16 24 38 16 45 18 19
32 34 39 44 4 37 29 43 17 40 30 30 5 28 29 42 37 32 21 28 34 42 30 35 22 43 33 17 37 36 45 32 39 51 10 23 33 34 15 30 0 18 28 34 8 46 23 32 49 6 45 29 9 37 24 54 30 26 18 25 36 14 20 32 42 25 41 27 33 10 36 31 29 29 10 1 17 24 35 17 35 17 24 2 10 31 34 42 7 40 39 32 38 29 28 40 19 15 45 33 15
14 30 45 48 19 33 20 44 6 42 26 12 13 22 31 47 43 16 23 11 31 31 24 18 20 41 37 1 24 33 42 23 23 43 8 25 31 39 6 16 18 0 14 18 10 41 21 17 42 13 34 16 9 27 22 45 32 9 9 10 42 27 31 18 32 24 38 10 16 13 26 19 18 20 9 17 9 18 35 18 33 4 26 16 14 34 23 41 25 27 32 37 41 11 25 37 31 4 50 30 16
17 19 42 42 27 21 7 37 11 36 16 14 25 11 27 42 40 6 23 6 21 16 12 10 16 30 34 15 10 20 29 10 11 30 21 24 22 36 13 2 28 14 0 8 22 28 17 4 29 22 20 2 20 14 18 32 29 18 9 5 41 33 35 4 19 20 25 7 7 19 13 5 5 8 17 26 10 11 29 19 24 12 25 26 20 30 10 32 33 13 19 34 36 14 16 24 36 14 45 18 17
16 24 49 48 34 27 13 43 17 42 22 13 31 17 33 48 46 2 31 7 27 17 18 4 23 36 40 19 11 26 33 14 5 31 26 31 28 42 19 6 34 18 8 0 27 29 24 4 30 28 21 8 25 16 25 33 35 18 17 9 47 41 43 5 20 27 28 8 2 27 15 8 11 14 24 33 18 18 35 27 30 17 32 32 28 37 12 38 40 13 21 41 42 13 22 29 44 19 51 24 25
24 32 42 45 9 35 25 43 11 40 28 22 3 25 29 44 40 25 21 21 33 38 27 28 21 43 35 9 31 35 44 28 32 48 2 23 33 37 9 24 8 10 22 27 0 44 22 25 46 5 41 23 2 33 23 51 30 18 13 18 39 19 25 26 38 25 40 20 26 9 32 26 24 24 6 7 12 20 35 17 35 10 24 6 10 32 29 42 15 35 36 35 39 21 27 39 24 8 48 32 15
45 13 35 31 44 11 21 26 35 26 17 42 46 19 25 33 33 30 28 34 15 15 18 33 24 15 29 41 18 10 7 18 26 5 44 27 16 31 36 26 46 41 28 29 44 0 24 27 4 41 12 26 41 14 23 9 26 46 32 33 36 41 39 25 10 23 5 35 31 36 15 23 23 21 38 45 32 23 22 29 16 37 28 45 35 27 18 20 48 18 9 30 29 42 18 9 40 38 36 13 30
32 11 25 27 19 14 12 23 15 21 7 28 24 8 10 26 23 23 7 22 11 23 8 27 1 21 17 20 20 14 22 13 27 29 23 7 11 19 15 18 23 21 17 24 22 24 0 20 27 18 25 16 20 17 1 32 12 29 12 18 24 19 19 20 21 3 19 21 24 13 17 17 14 11 16 21 12 6 14 5 13 17 8 22 12 13 17 20 24 24 18 17 20 28 6 17 20 17 29 11 7
18 20 45 44 31 23 9 39 15 38 18 15 29 13 29 44 42 3 27 7 23 15 14 7 19 32 36 17 9 22 30 11 7 29 24 27 24 38 17 2 32 17 4 4 25 27 20 0 28 26 19 4 23 13 21 31 31 19 13 7 43 37 39 2 18 23 25 8 4 23 12 5 7 10 21 30 14 14 31 23 26 15 28 30 24 33 9 34 37 11 18 37 38 15 18 26 40 17 47 20 21
46 17 39 35 47 14 22 30 36 30 21 43 49 21 28 37 37 31 32 35 18 13 20 34 28 19 33 42 19 13 11 19 25 1 46 30 20 35 38 27 49 42 29 30 46 4 27 28 0 43 10 27 43 15 26 5 30 47 33 34 40 44 43 26 10 26 8 36 32 39 16 24 24 22 40 48 34 25 26 32 20 38 31 48 38 31 19 24 51 17 10 34 33 43 21 13 44 39 40 16 33
27 28 37 41 6 31 24 39 11 36 24 25 6 22 25 40 35 26 17 23 29 37 24 30 17 39 31 12 31 31 40 26 33 45 7 19 29 32 9 24 6 13 22 28 5 41 18 26 43 0 39 23 4 31 19 48 26 21 12 19 34 15 20 26 36 21 36 22 27 5 31 25 23 23 4 5 11 18 31 13 31 12 20 5 6 28 28 38 12 34 33 30 35 24 23 35 20 10 43 28 11
37 18 44 40 44 17 16 35 30 35 20 34 44 18 31 42 42 22 32 26 21 4 17 25 25 24 38 35 10 16 18 13 16 10 40 31 23 40 32 18 45 34 20 21 41 12 25 19 10 39 0 18 38 8 26 12 33 38 27 25 45 44 44 17 4 27 13 27 23 35 9 15 16 16 35 44 28 21 31 30 24 31 32 44 35 35 11 29 48 8 9 39 38 34 20 18 45 33 45 18 29
19 17 41 40 28 20 5 35 12 34 14 16 26 9 25 40 38 7 23 8 19 14 10 11 15 28 32 17 8 18 27 8 11 28 22 23 20 34 14 2 29 16 2 8 23 26 16 4 27 23 18 0 21 12 17 30 27 20 10 7 39 33 35 4 17 19 23 9 8 20 11 3 3 6 18 27 11 10 27 19 22 13 24 27 21 29 8 30 34 12 17 33 34 16 14 22 36 15 43 16 17
23 30 40 44 10 33 22 41 9 39 26 21 5 22 27 43 38 23 19 19 31 35 24 26 19 41 33 8 29 33 42 25 30 45 3 21 31 35 7 22 9 9 20 25 2 41 20 23 43 4 38 21 0 30 21 48 28 17 11 16 38 19 24 24 35 23 38 18 24 7 29 24 22 22 4 8 10 18 33 15 33 8 22 7 8 30 27 40 16 33 33 33 37 20 25 37 24 6 46 30 13
31 12 38 36 35 12 8 31 22 30 13 28 36 10 25 37 36 16 24 20 15 6 9 20 17 22 32 27 5 11 17 5 14 16 32 24 17 34 24 12 37 27 14 16 33 14 17 13 15 31 8 12 30 0 18 18 27 32 19 19 39 36 36 11 5 20 12 21 17 27 1 9 9 8 27 36 20 13 25 22 18 24 25 36 27 29 4 25 40 7 5 33 32 28 13 15 37 25 41 12 21
33 10 24 25 20 13 13 21 16 19 7 29 25 9 8 24 21 24 6 23 10 24 9 28 2 20 15 21 21 13 21 14 28 28 24 6 10 17 16 19 24 22 18 25 23 23 1 21 26 19 26 17 21 18 0 31 10 30 13 19 22 19 18 21 22 2 18 22 25 14 18 18 15 12 17 22 13 7 13 6 12 18 7 23 13 12 18 19 25 25 18 16 19 29 6 16 19 18 28 10 8
49 22 44 40 52 19 26 35 40 35 26 46 54 26 33 42 42 34 37 38 23 16 25 37 33 24 38 45 22 18 16 23 28 4 50 35 25 40 42 30 54 45 32 33 51 9 32 31 5 48 12 30 48 18 31 0 35 50 37 37 45 49 48 29 13 31 13 39 35 44 19 27 27 26 45 53 38 30 31 37 25 42 36 53 43 36 22 29 56 20 15 39 38 46 26 18 49 43 45 21 38
44 15 12 15 26 16 22 13 27 10 14 40 32 18 2 14 10 34 9 34 12 33 18 38 13 15 5 32 30 17 22 23 37 32 31 7 10 7 26 29 30 32 29 35 30 26 12 31 30 26 33 27 28 27 10 35 0 40 23 29 12 19 15 30 29 8 22 32 35 21 27 27 24 21 25 29 23 17 5 14 10 28 6 30 20 2 27 12 27 34 24 6 9 39 14 17 16 28 18 15 16
6 36 54 56 27 38 25 52 14 50 33 5 21 28 39 55 52 16 32 12 38 34 30 15 28 48 46 10 28 38 47 28 23 48 16 34 39 48 15 20 26 9 18 18 18 46 29 19 47 21 38 20 17 32 30 50 40 0 17 13 51 36 40 21 37 32 43 11 16 22 31 23 23 25 18 25 17 25 43 26 41 12 34 24 23 42 28 49 33 30 37 45 49 5 32 42 40 13 58 36 24
20 21 37 39 18 24 12 35 3 33 17 17 16 13 22 38 35 15 16 12 22 24 15 19 11 32 29 9 18 24 33 14 20 34 12 18 23 31 4 11 18 9 9 17 13 32 12 13 33 12 27 10 11 19 13 37 23 17 0 8 35 24 26 13 24 15 29 11 16 10 19 13 11 11 8 17 1 9 26 10 25 5 18 17 11 25 16 32 24 22 23 29 32 16 16 28 27 6 41 21 8
13 23 44 45 25 25 12 41 8 39 20 10 21 15 28 44 41 7 24 4 25 21 17 11 17 35 35 10 15 25 34 15 14 35 17 25 26 37 10 7 25 10 5 9 18 33 18 7 34 19 25 7 16 19 19 37 29 13 8 0 41 32 34 9 24 21 30 3 8 18 18 10 10 12 15 24 9 13 32 18 28 8 26 23 19 31 15 36 31 18 24 35 38 10 20 29 35 10 47 23 16
56 27 4 10 32 28 34 13 37 11 26 52 40 30 14 8 4 46 19 46 24 45 30 50 25 22 7 42 42 29 30 35 49 42 41 18 22 5 36 41 36 42 41 47 39 36 24 43 40 34 45 39 38 39 22 45 12 51 35 41 0 22 16 42 41 20 32 44 47 31 39 39 36 33 35 35 34 29 14 24 21 39 17 36 30 10 39 17 31 46 36 6 8 51 26 27 17 38 11 27 26
41 28 26 32 10 31 29 31 24 28 25 38 18 27 19 30 25 39 13 36 27 42 27 43 19 34 21 26 37 31 38 31 44 46 21 14 26 22 22 35 14 27 33 41 19 41 19 37 44 15 44 33 19 36 19 49 19 36 24 32 22 0 6 37 40 18 36 35 40 14 35 34 31 28 18 13 23 23 24 14 27 25 15 14 13 19 34 31 9 41 36 20 26 38 25 33 5 23 33 28 16
45 27 20 26 16 29 31 25 27 22 24 42 24 27 15 24 19 41 12 38 25 42 27 45 20 30 15 30 39 30 36 32 46 45 27 13 23 16 26 37 20 31 35 43 25 39 19 39 43 20 44 35 24 36 18 48 15 40 26 34 16 6 0 39 40 17 35 37 42 18 36 36 33 30 22 19 25 25 19 16 24 29 12 20 17 14 36 26 15 43 35 14 20 41 24 30 1 27 27 27 18
20 19 44 43 32 21 8 38 15 37 17 17 29 12 28 43 41 5 27 9 22 13 13 9 19 31 35 19 7 20 28 9 7 27 25 27 23 37 17 2 32 18 4 5 26 25 20 2 26 26 17 4 24 11 21 29 30 21 13 9 42 37 39 0 16 23 23 10 6 23 10 3 6 9 21 30 14 14 30 23 25 16 28 30 24 32 7 33 37 9 16 36 37 17 17 24 40 18 46 19 21
36 14 40 36 40 13 13 31 27 31 16 33 41 14 27 38 38 21 28 25 17 5 13 24 21 21 34 32 9 12 15 10 16 11 37 27 19 36 29 17 42 32 19 20 38 10 21 18 10 36 4 17 35 5 22 13 29 37 24 24 41 40 40 16 0 23 10 26 22 32 6 14 14 13 32 41 25 18 27 26 20 29 28 41 31 31 9 25 44 8 5 35 34 33 16 14 41 30 41 14 26
35 10 20 23 22 13 15 19 18 17 7 31 27 11 6 22 18 26 5 25 9 26 11 30 4 18 13 23 23 13 20 16 30 28 26 4 8 15 18 21 25 24 20 27 25 23 3 23 26 21 27 19 23 20 2 31 8 32 15 21 20 18 17 23 23 0 18 24 27 16 20 20 17 14 19 24 15 9 11 8 10 20 5 25 15 10 20 17 25 27 18 14 17 31 7 15 18 20 26 10 10
42 8 31 27 39 6 18 22 32 22 12 39 42 16 20 29 29 28 23 31 10 15 14 32 19 11 25 38 17 5 5 15 26 9 41 22 12 27 33 24 41 38 25 28 40 5 19 25 8 36 13 23 38 12 18 13 22 43 29 30 32 36 35 23 10 18 0 32 29 31 13 21 20 18 34 40 29 20 18 24 12 34 23 40 30 23 16 16 43 18 7 26 25 39 13 5 36 35 32 8 25
10 26 47 48 28 28 14 44 11 42 23 7 23 18 31 47 44 6 27 1 28 23 19 8 20 37 38 11 17 27 36 17 13 37 18 28 29 40 13 9 27 10 7 8 20 35 21 8 36 22 27 9 18 21 22 39 32 11 11 3 44 35 37 10 26 24 32 0 6 21 20 12 12 15 18 26 12 16 35 21 31 10 29 25 22 34 17 39 34 19 26 38 41 7 23 31 38 12 50 25 19
14 25 49 48 33 27 13 43 16 42 22 11 29 17 33 48 46 1 30 5 27 19 18 3 23 36 40 17 13 26 34 15 7 33 24 31 28 42 18 6 33 16 7 2 26 31 24 4 32 27 23 8 24 17 25 35 35 16 16 8 47 40 42 6 22 27 29 6 0 26 16 9 11 14 23 32 17 18 35 26 30 16 32 31 27 37 13 38 39 15 22 41 42 11 22 30 43 18 51 24 24
27 23 33 36 8 26 19 34 10 31 19 24 11 18 20 35 31 25 12 22 24 32 20 29 12 34 26 12 27 26 35 22 30 41 10 14 24 28 8 21 10 13 19 27 9 36 13 23 39 5 35 20 7 27 14 44 21 22 10 18 31 14 18 23 32 16 31 21 26 0 26 22 20 19 4 9 9 14 26 8 26 11 15 9 1 23 24 33 14 31 29 26 30 23 18 30 18 9 39 23 6
30 12 38 36 34 13 7 31 21 30 13 27 35 9 25 37 36 15 24 19 15 6 9 19 16 23 32 26 4 12 18 5 13 17 31 24 17 34 23 11 36 26 13 15 32 15 17 12 16 31 9 11 29 1 18 19 27 31 19 18 39 35 36 10 6 20 13 20 16 26 0 8 8 8 26 35 19 13 25 21 18 23 25 35 26 29 3 26 39 7 6 33 32 27 13 16 37 24 41 12 21
22 16 40 39 30 18 5 35 15 33 14 19 29 9 25 40 38 8 24 11 19 11 10 12 16 28 32 20 5 17 25 6 10 25 25 24 20 34 17 3 31 19 5 8 26 23 17 5 24 25 15 3 24 9 18 27 27 23 13 10 39 34 36 3 14 20 21 12 9 22 8 0 3 6 21 30 14 11 27 20 22 16 25 30 23 29 5 30 36 9 14 33 34 19 14 21 37 18 43 16 18
22 13 37 37 28 16 2 32 13 31 11 19 27 6 22 37 35 10 21 11 16 13 7 14 13 25 29 18 7 15 24 5 13 25 23 21 17 31 15 5 29 18 5 11 24 23 14 7 24 23 16 3 22 9 15 27 24 23 11 10 36 31 33 6 14 17 20 12 11 20 8 3 0 3 19 28 12 8 24 17 19 15 22 28 20 26 5 27 33 11 14 30 31 19 11 19 34 16 40 13 15
25 11 34 33 27 13 1 29 14 27 8 22 27 3 19 34 32 13 18 14 13 14 5 17 10 23 26 20 9 13 22 3 16 23 23 18 14 28 15 8 29 20 8 14 24 21 11 10 22 23 16 6 22 8 12 26 21 25 11 12 33 28 30 9 13 14 18 15 14 19 8 6 3 0 19 28 12 5 21 14 16 16 19 28 18 23 6 24 31 13 12 27 28 22 8 17 31 17 37 11 13
23 26 37 40 10 29 19 38 7 35 22 21 8 19 24 39 35 22 16 19 27 32 21 26 15 37 30 8 26 29 38 22 28 42 7 18 27 32 5 19 10 9 17 24 6 38 16 21 40 4 35 18 4 27 17 45 25 18 8 15 35 18 22 21 32 19 34 18 23 4 26 21 19 19 0 9 7 15 29 11 29 8 19 9 5 27 24 36 16 30 30 30 34 20 21 33 22 6 43 26 9
31 32 38 43 3 35 28 42 16 39 28 29 4 27 28 41 36 31 20 27 32 41 29 34 21 42 32 16 35 35 43 31 37 50 9 22 32 33 14 28 1 17 26 33 7 45 21 30 48 5 44 27 8 36 22 53 29 25 17 24 35 13 19 30 41 24 40 26 32 9 35 30 28 28 9 0 16 23 34 16 34 16 23 1 9 30 33 41 8 39 38 31 37 28 27 38 18 14 44 32 14
21 21 36 38 17 24 12 34 3 32 17 18 15 13 21 37 34 16 15 13 22 25 15 20 11 32 28 9 19 24 33 15 21 35 12 17 22 30 4 12 17 9 10 18 12 32 12 14 34 11 28 11 10 20 13 38 23 17 1 9 34 23 25 14 25 15 29 12 17 9 19 14 12 12 7 16 0 9 26 10 24 5 18 16 10 25 17 32 23 23 24 29 32 17 16 28 26 6 41 21 8
26 12 30 32 22 15 6 28 12 26 8 23 23 4 15 31 28 17 13 17 13 19 6 21 5 23 22 18 14 15 24 8 21 27 21 13 14 24 13 12 24 18 11 18 20 23 6 14 25 18 21 10 18 13 7 30 17 25 9 13 29 23 25 14 18 9 20 16 18 14 13 11 8 5 15 23 9 0 20 9 16 14 14 23 13 19 11 24 26 18 15 23 26 23 7 19 26 15 35 12 8
46 13 13 12 31 14 22 8 29 6 13 42 37 18 6 12 11 34 14 36 10 31 17 38 15 10 7 34 29 15 17 22 37 27 36 12 8 9 29 29 35 35 29 35 35 22 14 31 26 31 31 27 33 25 13 31 5 43 26 32 14 24 19 30 27 11 18 35 35 26 25 27 24 21 29 34 26 20 0 18 7 31 11 35 25 5 26 7 32 32 22 8 7 42 14 13 20 31 16 13 20
31 16 26 29 14 19 15 26 12 24 12 27 19 12 13 28 24 25 5 22 16 27 13 29 5 26 19 17 23 19 27 17 30 34 18 7 16 21 12 21 17 18 19 27 17 29 5 23 32 13 30 19 15 22 6 37 14 26 10 18 24 14 16 23 26 8 24 21 26 8 21 20 17 14 11 16 10 9 18 0 18 14 8 17 7 16 20 25 19 27 23 19 23 26 11 22 17 14 32 16 2
42 6 20 18 32 7 17 13 27 12 8 38 37 13 9 19 18 29 15 31 3 24 12 33 14 8 14 33 22 8 12 16 30 21 36 13 2 16 28 24 35 33 24 30 35 16 13 26 20 31 24 22 33 18 12 25 10 41 25 28 21 27 24 25 20 10 12 31 30 26 18 22 19 16 29 34 24 16 7 18 0 29 13 35 25 11 19 8 34 25 15 15 14 38 9 7 25 30 23 6 20
16 26 41 43 18 29 16 39 2 37 22 13 13 18 26 42 39 15 20 11 27 27 20 18 16 37 33 4 21 29 38 19 22 39 9 22 27 35 3 14 17 4 12 17 10 37 17 15 38 12 31 13 8 24 18 42 28 12 5 8 39 25 29 16 29 20 34 10 16 11 23 16 15 16 8 16 5 14 31 14 29 0 22 15 12 30 20 37 24 25 28 33 37 13 21 33 29 2 46 26 12
39 15 18 21 20 17 20 19 20 16 12 35 26 16 5 20 16 31 3 30 13 31 16 35 9 20 11 25 28 18 24 21 35 33 25 1 12 13 20 26 24 26 25 32 24 28 8 28 31 20 32 24 22 25 7 36 6 34 18 26 17 15 12 28 28 5 23 29 32 15 25 25 22 19 19 23 18 14 11 8 13 22 0 24 14 8 25 18 22 32 23 11 15 34 12 19 13 22 24 15 10
30 32 39 44 4 35 28 43 15 40 28 28 3 27 29 42 37 30 21 26 33 41 29 33 21 43 33 15 35 35 44 31 37 50 8 23 33 34 13 28 2 16 26 32 6 45 22 30 48 5 44 27 7 36 23 53 30 24 17 23 36 14 20 30 41 25 40 25 31 9 35 30 28 28 9 1 16 23 35 17 35 15 24 0 10 31 33 42 9 39 38 32 38 27 27 39 19 13 45 32 15
28 23 32 35 8 26 19 33 11 30 18 25 12 17 19 34 30 26 11 23 23 32 19 30 11 33 25 13 27 25 34 22 31 40 11 13 23 27 9 22 10 14 20 28 10 35 12 24 38 6 35 21 8 27 13 43 20 23 11 19 30 13 17 24 31 15 30 22 27 1 26 23 20 18 5 9 10 13 25 7 25 12 14 10 0 22 24 32 13 31 28 25 29 24 17 29 17 10 38 22 5
45 17 10 13 27 18 24 12 28 9 16 41 33 20 4 12 8 36 11 35 14 35 20 40 14 15 3 33 32 19 22 25 39 32 33 9 12 5 28 31 31 34 30 37 32 27 13 33 31 28 35 29 30 29 12 36 2 42 25 31 10 19 14 32 31 10 23 34 37 23 29 29 26 23 27 30 25 19 5 16 11 30 8 31 22 0 29 12 28 36 26 4 7 41 16 18 15 30 16 17 18
27 13 39 37 32 14 5 32 18 31 13 24 32 9 25 38 37 12 24 16 16 8 9 16 16 24 32 23 3 14 21 4 11 20 28 24 18 34 20 8 34 23 10 12 29 18 17 9 19 28 11 8 27 4 18 22 27 28 16 15 39 34 36 7 9 20 16 17 13 24 3 5 5 6 24 33 17 11 26 20 19 20 25 33 24 29 0 27 37 7 9 33 33 24 13 18 37 21 42 13 19
50 14 15 11 38 13 25 6 35 6 16 46 44 21 13 13 13 37 21 39 11 30 20 41 21 5 12 40 30 14 13 24 38 25 43 19 10 13 35 32 42 41 32 38 42 20 20 34 24 38 29 30 40 25 19 29 12 49 32 36 17 31 26 33 25 17 16 39 38 33 26 30 27 24 36 41 32 24 7 25 8 37 18 42 32 12 27 0 39 32 21 13 9 46 17 11 27 37 16 14 27
39 35 35 41 6 38 32 40 23 37 31 37 12 30 27 39 34 38 20 35 34 45 32 42 24 41 30 24 40 38 45 35 44 53 17 21 33 31 21 35 7 25 33 40 15 48 24 37 51 12 48 34 16 40 25 56 27 33 24 31 31 9 15 37 44 25 43 34 39 14 39 36 33 31 16 8 23 26 32 19 34 24 22 9 13 28 37 39 0 44 41 29 35 36 30 40 14 22 42 35 18
29 19 45 43 39 19 12 38 24 37 20 26 38 16 32 44 43 14 31 18 22 4 16 17 23 29 39 28 4 18 23 11 8 18 34 31 24 41 26 11 40 27 13 13 35 18 24 11 17 34 8 12 33 7 25 20 34 30 22 18 46 41 43 9 8 27 18 19 15 31 7 9 11 13 30 39 23 18 32 27 25 25 32 39 31 36 7 32 44 0 12 40 39 26 20 22 44 27 48 19 26
36 9 35 32 37 8 12 27 26 26 11 33 38 11 22 33 33 21 23 25 12 9 10 25 18 17 29 32 10 7 12 9 19 11 35 22 14 31 27 17 39 32 19 21 36 9 18 18 10 33 9 17 33 5 18 15 24 37 23 24 36 36 35 16 5 18 7 26 22 29 6 14 14 12 30 38 24 15 22 23 15 28 23 38 28 26 9 21 41 12 0 30 29 33 12 10 36 29 37 9 23
49 21 7 12 28 22 28 11 31 8 20 45 36 24 8 10 5 40 14 39 18 39 24 44 18 18 1 36 36 23 25 29 43 35 36 12 16 2 31 35 32 37 34 41 35 30 17 37 34 30 39 33 33 33 16 39 6 45 29 35 6 20 14 36 35 14 26 38 41 26 33 33 30 27 30 31 29 23 8 19 15 33 11 32 25 4 33 13 29 40 30 0 6 45 20 21 15 33 13 21 21
52 20 6 6 34 21 29 5 35 3 20 48 40 25 11 5 4 41 18 42 17 38 24 45 21 14 5 40 36 22 22 29 44 34 40 16 15 4 35 36 38 41 36 42 39 29 20 38 33 35 38 34 37 32 19 38 9 49 32 38 8 26 20 37 34 17 25 41 42 30 32 34 31 28 34 37 32 26 7 23 14 37 15 38 29 7 33 9 35 39 29 6 0 48 21 20 21 37 9 20 25
4 32 53 55 30 35 21 51 14 49 30 1 24 25 38 54 51 12 32 8 35 30 26 10 27 44 45 12 24 34 43 24 18 44 19 34 36 47 16 16 29 11 14 13 21 42 28 15 43 24 34 16 20 28 29 46 39 5 16 10 51 38 41 17 33 31 39 7 11 23 27 19 19 22 20 28 17 23 42 26 38 13 34 27 24 41 24 46 36 26 33 45 48 0 30 38 41 14 57 32 24
33 5 26 26 25 8 9 22 19 20 1 30 29 5 12 26 24 21 12 22 6 19 4 25 6 16 19 25 16 8 17 9 24 23 28 11 7 21 20 16 28 25 16 22 27 18 6 18 21 23 20 14 25 13 6 26 14 32 16 20 26 25 24 17 16 7 13 23 22 18 13 14 11 8 21 27 16 7 14 11 9 21 12 27 17 16 13 17 30 20 12 20 21 30 0 12 25 22 30 5 12
42 7 26 22 36 4 17 17 31 17 11 39 41 15 15 24 24 29 20 31 6 19 13 33 18 7 20 37 20 4 5 15 29 14 40 19 7 22 32 24 40 37 24 29 39 9 17 26 13 35 18 22 37 15 16 18 17 42 28 29 27 33 30 24 14 15 5 31 30 30 16 21 19 17 33 38 28 19 13 22 7 33 19 39 29 18 18 11 40 22 10 21 20 38 12 0 31 34 27 7 24
45 28 21 27 15 30 32 26 28 23 25 42 23 28 16 25 20 42 13 39 26 43 28 46 21 31 16 30 40 31 37 33 47 46 26 14 24 17 26 38 19 31 36 44 24 40 20 40 44 20 45 36 24 37 19 49 16 40 27 35 17 5 1 40 41 18 36 38 43 18 37 37 34 31 22 18 26 26 20 17 25 29 13 19 17 15 37 27 14 44 36 15 21 41 25 31 0 27 28 28 19
18 27 41 44 16 30 17 40 3 38 23 15 11 19 27 43 39 17 19 13 28 29 21 20 16 38 33 3 23 30 39 20 24 40 7 21 28 35 2 16 15 4 14 19 8 38 17 17 39 10 33 15 6 25 18 43 28 13 6 10 38 23 27 18 30 20 35 12 18 9 24 18 16 17 6 14 6 15 31 14 30 2 22 13 10 30 21 37 22 27 29 33 37 14 22 34 27 0 46 27 12
61 29 7 5 41 29 38 10 44 11 29 57 49 34 20 4 8 50 27 51 26 46 33 54 30 21 13 49 45 30 29 38 53 41 49 25 24 11 44 45 45 50 45 51 48 36 29 47 40 43 45 43 46 41 28 45 18 58 41 47 11 33 27 46 41 26 32 50 51 39 41 43 40 37 43 44 41 35 16 32 23 46 24 45 38 16 42 16 42 48 37 13 9 57 30 27 28 46 0 29 34
36 0 26 24 30 3 11 19 24 18 4 33 34 8 13 25 24 23 15 25 3 18 6 27 11 12 20 30 16 3 12 10 24 18 33 14 5 22 25 18 33 30 18 24 32 13 11 20 16 28 18 16 30 12 10 21 15 36 21 23 27 28 27 19 14 10 8 25 24 23 12 16 13 11 26 32 21 12 13 16 6 26 15 32 22 17 13 14 35 19 9 21 20 32 5 7 28 27 29 0 17
28 17 28 31 13 20 14 28 10 26 13 25 17 12 15 30 26 23 7 20 18 27 14 27 6 28 21 15 22 20 29 16 28 35 16 9 18 23 10 19 15 16 17 25 15 30 7 21 33 11 29 17 13 21 8 38 16 24 8 16 26 16 18 21 26 10 25 19 24 6 21 18 15 13 9 14 8 8 20 2 20 12 10 15 5 18 19 27 18 26 23 21 25 24 12 24 19 12 34 17 0
0         878      
103       144      
461       488      
678       732      
16        117      
627       664      
236       298      
453       512      
0         81       
460       499      
53        157      
348       441      
21        67       
387       481      
152       204      
441       484      
156       228      
374       469      
204       208      
192       276      
59        163      
246       322      
81        112      
551       639      
44        102      
98        203      
145       233      
542       604      
259       326      
69        136      
106       167      
272       331      
374       436      
725       795      
11        77       
199       251      
403       472      
149       229      
0         91       
226       283      
0         64       
0         43       
382       413      
231       258      
509       572      
326       344      
34        122      
195       269      
316       371      
13        80       
265       321      
265       300      
0         68       
254       359      
77        133      
286       357      
177       219      
0         10       
0         80       
202       239      
170       210      
510       574      
784       832      
199       307      
240       309      
89        99       
78        175      
375       422      
245       300      
37        128      
283       347      
224       284      
233       283      
350       411      
1         54       
597       679      
217       254      
357       385      
110       184      
55        113      
104       194      
5         71       
488       530      
34        88       
169       264      
126       227      
262       296      
421       497      
525       591      
260       299      
318       399      
127       221      
419       486      
3         37       
74        161      
101       172      
478       558      
3         48       
459       536      
94        173      
709       725      
