101
0 49 33 38 33 8 28 39 34 39 29 23 24 42 10 26 7 34 27 29 28 34 27 6 8 30 34 31 44 36 13 35 18 32 17 40 28 11 32 38 23 38 30 24 40 36 34 30 26 43 19 22 53 22 45 30 31 19 34 14 25 44 38 32 45 5 30 25 37 19 7 54 9 48 11 3 36 19 8 30 38 39 13 20 5 29 39 20 32 23 36 3 22 24 36 26 43 32 35 18 19
49 0 20 11 16 41 41 16 32 22 31 26 24 17 53 26 42 19 27 33 21 21 31 48 49 29 37 36 32 32 36 14 48 16 41 24 43 36 26 17 27 13 40 47 28 18 16 23 41 13 33 41 14 32 9 35 33 32 34 33 23 6 10 27 32 50 31 32 29 40 44 14 40 4 44 51 31 43 42 20 27 29 48 33 48 34 19 42 48 40 23 48 34 35 41 46 23 16 22 46 31
33 20 0 10 12 25 37 24 13 28 28 15 10 28 34 7 28 1 7 30 11 2 11 29 36 27 38 17 17 14 22 8 37 9 21 8 37 22 26 24 10 7 36 39 34 22 5 21 35 26 14 20 32 12 24 32 31 14 35 19 8 21 11 27 17 36 12 12 33 30 26 32 26 23 32 35 13 23 25 4 9 11 28 14 30 30 27 32 43 32 28 32 14 27 41 38 11 10 3 35 20
38 11 10 0 7 30 35 16 23 21 25 17 14 19 42 15 32 9 16 27 11 12 21 37 40 23 34 27 24 24 26 3 40 6 30 16 37 26 22 16 16 4 34 39 27 15 5 17 34 16 22 30 22 21 14 29 28 21 31 23 12 11 1 23 25 40 22 22 27 32 33 22 30 13 36 41 23 32 31 9 19 21 37 22 37 28 19 34 42 32 21 38 23 27 38 38 16 6 13 38 23
33 16 12 7 0 24 28 12 25 16 18 10 9 16 38 14 26 11 16 20 5 14 22 33 33 16 27 29 28 26 20 5 33 3 28 20 29 21 15 12 13 9 27 32 22 10 7 10 27 14 19 29 21 20 13 22 21 17 24 18 9 12 7 16 28 34 24 22 22 25 29 23 24 16 29 35 25 31 27 9 21 23 34 20 33 21 15 27 35 25 16 33 22 20 31 31 20 2 15 31 16
8 41 25 30 24 0 25 31 28 32 23 15 15 35 14 18 3 26 19 24 20 26 20 9 11 23 31 26 37 29 6 26 18 23 13 32 25 3 25 31 15 30 27 23 33 28 26 23 23 35 11 18 45 14 37 26 26 11 30 6 17 36 29 25 38 11 23 18 31 16 6 46 4 40 10 11 29 17 4 22 30 31 15 13 9 24 32 17 30 20 29 9 15 19 33 24 35 24 27 17 12
28 41 37 35 28 25 0 25 47 20 10 20 25 26 38 32 23 36 34 8 26 38 40 34 21 12 7 47 53 47 20 33 12 30 38 45 2 23 15 24 30 37 2 7 16 23 34 18 2 29 32 41 37 35 33 6 8 30 8 23 27 35 35 14 53 24 42 39 14 9 31 39 21 39 17 31 46 41 29 32 45 47 40 34 33 7 23 8 8 5 18 31 36 8 8 5 46 30 39 11 16
39 16 24 16 12 31 25 0 37 6 15 15 19 4 45 26 32 23 28 17 15 26 34 40 36 13 21 41 39 38 25 16 32 15 38 31 27 27 10 1 24 20 24 31 12 2 19 7 25 4 29 40 14 31 8 19 17 27 18 24 20 10 15 11 40 37 36 34 13 24 35 15 28 14 31 41 37 41 33 21 33 35 43 31 39 18 3 26 32 24 7 39 33 19 25 30 31 14 27 30 18
34 32 13 23 25 28 47 37 0 41 39 26 20 41 33 13 31 14 11 41 23 11 7 30 39 38 49 6 10 2 28 21 44 22 19 8 48 26 38 37 16 19 47 47 46 35 18 33 45 39 16 15 45 12 37 43 42 17 46 24 19 34 24 39 11 38 4 9 45 39 27 45 30 35 37 36 2 18 26 16 5 5 26 14 31 41 40 41 54 42 40 33 12 38 52 48 11 23 10 42 30
39 22 28 21 16 32 20 6 41 0 10 18 23 6 46 30 32 27 32 12 19 30 38 41 34 9 16 45 44 42 25 21 28 19 41 36 22 29 6 5 28 25 19 26 6 6 23 9 20 9 33 44 17 35 13 14 12 31 13 26 24 16 20 6 44 37 40 38 7 21 37 19 29 19 29 42 41 45 35 25 37 39 45 35 41 13 3 22 27 19 2 40 37 15 20 25 36 18 31 26 19
29 31 28 25 18 23 10 15 39 10 0 13 18 16 37 25 22 28 27 2 17 30 33 32 24 2 9 40 45 40 17 23 18 21 35 36 12 21 5 14 23 27 9 16 10 13 25 8 10 19 27 38 27 30 23 4 3 25 7 19 20 25 25 4 45 26 35 33 8 10 29 29 20 29 18 32 39 39 27 24 37 39 38 29 32 3 13 12 17 9 8 30 31 5 13 15 38 20 31 16 11
23 26 15 17 10 15 20 15 26 18 13 0 5 19 29 12 16 16 14 15 6 17 20 24 23 12 22 27 32 27 10 14 23 11 23 23 22 12 13 15 10 18 21 23 22 13 14 9 19 19 15 26 29 17 22 17 16 13 20 9 7 21 17 14 32 24 22 20 20 15 20 30 14 25 19 26 26 27 18 12 24 26 28 17 24 15 18 17 28 17 16 24 19 12 26 23 26 11 18 21 6
24 24 10 14 9 15 25 19 20 23 18 5 0 23 29 7 18 11 9 20 5 12 15 24 26 17 27 22 27 22 12 11 27 8 18 18 27 12 18 19 5 15 26 28 27 17 11 14 24 23 10 21 30 12 22 22 21 8 25 9 2 21 14 19 27 26 17 15 25 19 20 32 16 25 22 26 21 22 18 7 19 21 25 12 24 20 22 21 33 22 21 24 14 17 31 28 21 9 13 25 10
42 17 28 19 16 35 26 4 41 6 16 19 23 0 48 30 35 27 32 18 19 30 38 43 40 14 22 45 43 42 29 20 34 19 41 35 28 31 11 4 28 23 25 32 11 6 23 11 26 3 33 44 11 35 7 20 18 31 19 28 24 10 18 12 44 41 40 38 13 26 39 13 32 13 34 45 41 45 37 25 37 39 47 35 43 19 3 28 33 25 8 43 37 21 26 31 35 18 31 32 22
10 53 34 42 38 14 38 45 33 46 37 29 29 48 0 27 15 35 27 38 33 34 26 5 18 37 44 28 43 35 20 39 28 37 14 39 38 17 39 44 26 41 40 34 47 42 37 37 36 48 20 18 58 22 51 39 40 21 43 20 30 50 43 39 44 15 29 24 45 29 9 59 17 54 21 7 35 15 11 33 37 38 7 20 5 37 46 30 42 33 43 7 21 32 46 36 42 38 35 28 26
26 26 7 15 14 18 32 26 13 30 25 12 7 30 27 0 21 8 2 27 11 8 8 22 29 24 34 15 20 15 16 12 32 12 14 14 34 15 25 26 3 14 33 35 34 24 10 21 31 28 7 15 35 6 27 29 28 7 32 12 6 25 16 26 21 29 10 8 32 26 19 36 19 28 25 28 14 17 18 6 13 15 21 7 23 27 29 28 40 29 28 25 8 24 38 35 17 13 9 30 17
7 42 28 32 26 3 23 32 31 32 22 16 18 35 15 21 0 29 22 22 21 29 23 11 8 23 29 29 40 32 6 29 15 26 16 35 23 6 25 31 18 33 25 20 32 29 29 23 21 35 14 21 45 17 38 24 24 14 28 9 20 37 32 25 41 8 26 21 30 14 8 46 2 41 7 10 32 20 6 25 33 34 17 16 10 22 32 15 27 18 29 8 18 17 31 21 38 26 30 14 12
34 19 1 9 11 26 36 23 14 27 28 16 11 27 35 8 29 0 8 30 11 3 12 30 37 27 37 18 17 15 23 7 38 8 22 9 38 23 26 23 11 6 37 39 33 21 4 21 35 25 15 21 31 13 23 32 31 15 35 20 9 20 10 27 18 37 13 13 33 30 27 31 27 22 33 36 14 24 26 4 10 12 29 15 31 31 26 32 44 33 27 33 15 28 41 39 10 9 4 36 21
27 27 7 16 16 19 34 28 11 32 27 14 9 32 27 2 22 8 0 29 13 7 6 23 30 26 36 13 18 13 17 13 33 13 14 13 36 16 27 28 5 14 35 36 36 26 11 23 33 30 8 14 37 5 29 31 30 8 34 14 8 26 17 28 19 30 8 6 34 28 20 37 20 29 27 29 12 16 19 7 12 13 21 7 24 29 31 30 42 31 30 26 7 26 40 37 16 14 8 32 19
29 33 30 27 20 24 8 17 41 12 2 15 20 18 38 27 22 30 29 0 19 32 35 33 23 4 7 42 47 42 18 25 17 23 36 38 10 22 7 16 25 29 7 14 10 15 27 10 8 21 28 39 29 31 25 2 2 26 6 20 22 27 27 6 47 26 37 35 8 10 30 31 20 31 18 32 41 40 28 26 39 41 39 30 32 1 15 11 15 8 10 30 32 5 11 13 40 22 33 15 12
28 21 11 11 5 20 26 15 23 19 17 6 5 19 33 11 21 11 13 19 0 13 19 28 29 16 26 26 28 25 15 8 29 5 23 19 27 16 15 15 9 12 26 29 23 13 8 10 25 18 15 25 26 16 18 21 20 13 24 13 5 17 11 16 28 29 21 19 22 21 24 28 19 21 25 31 24 27 22 7 20 22 30 16 28 20 18 23 33 23 17 28 18 18 30 29 21 5 14 27 12
34 21 2 12 14 26 38 26 11 30 30 17 12 30 34 8 29 3 7 32 13 0 10 30 37 29 39 15 15 12 23 10 39 11 21 6 39 23 28 26 11 8 38 40 36 24 7 23 36 28 15 20 34 12 26 34 33 15 37 20 10 23 13 29 15 37 10 12 35 31 27 34 27 24 33 36 11 23 26 6 7 9 28 14 31 32 29 33 45 34 30 33 13 29 43 40 9 12 1 37 22
27 31 11 21 22 20 40 34 7 38 33 20 15 38 26 8 23 12 6 35 19 10 0 23 31 32 42 7 17 9 21 19 37 19 12 13 41 18 33 34 10 18 41 40 42 32 16 29 38 36 8 10 43 5 35 37 36 10 40 17 14 32 22 34 18 30 3 2 40 32 20 43 22 34 29 29 9 13 19 13 11 12 19 7 24 35 37 34 47 35 36 26 5 32 46 41 16 20 10 35 24
6 48 29 37 33 9 34 40 30 41 32 24 24 43 5 22 11 30 23 33 28 30 23 0 14 32 40 25 40 32 15 34 24 32 11 36 34 12 34 39 21 36 36 30 42 37 32 32 32 43 15 16 53 18 46 35 35 16 39 15 25 45 38 34 41 11 26 21 40 25 4 54 13 49 17 6 32 13 6 28 34 35 7 16 1 33 41 26 38 29 38 3 18 28 42 32 39 33 31 24 21
8 49 36 40 33 11 21 36 39 34 24 23 26 40 18 29 8 37 30 23 29 37 31 14 0 26 27 37 48 40 14 37 10 34 24 43 20 14 29 36 26 41 23 16 33 34 37 29 19 40 22 29 50 25 44 24 25 22 28 17 28 44 40 28 49 3 34 29 31 13 14 51 10 48 5 11 40 27 14 33 41 42 21 24 13 23 37 13 24 16 32 11 26 18 28 18 46 34 38 10 18
30 29 27 23 16 23 12 13 38 9 2 12 17 14 37 24 23 27 26 4 16 29 32 32 26 0 11 39 44 39 17 21 20 19 35 35 14 21 3 12 22 25 11 18 10 11 23 6 12 17 27 38 25 29 21 6 5 25 8 19 19 23 23 2 44 28 34 32 8 12 29 27 21 27 20 33 38 39 27 23 36 38 38 29 32 5 11 14 19 11 6 31 31 7 15 17 36 18 30 18 11
34 37 38 34 27 31 7 21 49 16 9 22 27 22 44 34 29 37 36 7 26 39 42 40 27 11 0 49 54 49 25 32 18 30 43 45 8 29 12 20 32 36 5 13 11 20 34 17 8 25 35 46 33 38 29 5 6 33 3 27 29 31 33 11 54 30 44 42 9 15 37 35 27 35 23 37 48 47 35 33 46 48 46 37 39 7 19 14 11 11 14 37 39 12 4 11 47 29 40 17 19
31 36 17 27 29 26 47 41 6 45 40 27 22 45 28 15 29 18 13 42 26 15 7 25 37 39 49 0 15 7 27 25 43 26 14 14 48 24 40 41 17 23 48 46 49 39 22 36 45 43 15 10 49 12 41 44 43 16 47 23 21 38 28 41 16 36 5 8 47 38 24 49 28 39 35 31 8 13 24 20 11 11 21 12 26 42 44 40 53 41 43 28 10 38 53 47 17 27 15 41 30
44 32 17 24 28 37 53 39 10 44 45 32 27 43 43 20 40 17 18 47 28 15 17 40 48 44 54 15 0 8 35 23 51 25 29 8 54 34 43 40 23 20 53 54 50 38 20 38 51 40 25 25 46 22 38 49 48 26 52 32 25 35 25 44 1 47 14 19 50 46 37 46 38 36 45 46 8 28 36 21 7 5 36 24 41 47 42 48 60 49 44 43 22 44 58 55 9 25 13 50 37
36 32 14 24 26 29 47 38 2 42 40 27 22 42 35 15 32 15 13 42 25 12 9 32 40 39 49 7 8 0 30 22 46 23 21 8 49 27 40 38 18 20 48 49 48 36 19 35 46 40 17 17 46 14 38 44 43 19 47 26 21 35 25 41 9 39 6 11 47 41 29 46 31 36 38 38 1 20 28 18 5 4 28 16 33 42 41 43 55 44 42 35 14 39 53 50 11 24 11 44 32
13 36 22 26 20 6 20 25 28 25 17 10 12 29 20 16 6 23 17 18 15 23 21 15 14 17 25 27 35 30 0 23 16 20 18 29 20 4 19 24 12 27 21 19 27 22 23 17 18 29 12 22 39 15 32 20 20 10 24 3 14 31 26 19 36 14 24 19 25 11 12 40 4 35 10 16 29 22 10 19 29 30 21 14 15 18 26 13 26 15 23 14 16 13 27 20 32 20 24 15 6
35 14 8 3 5 26 33 16 21 21 23 14 11 20 39 12 29 7 13 25 8 10 19 34 37 21 32 25 23 22 23 0 37 3 26 15 34 23 20 17 13 4 32 37 27 15 3 15 32 18 19 27 24 18 16 27 26 18 29 20 9 13 4 21 24 37 20 19 27 29 30 24 27 16 33 37 21 29 28 6 17 19 33 19 34 26 19 31 40 30 21 35 20 25 36 36 15 3 11 35 20
18 48 37 40 33 18 12 32 44 28 18 23 27 34 28 32 15 38 33 17 29 39 37 24 10 20 18 43 51 46 16 37 0 34 31 45 11 18 23 31 28 41 14 6 27 30 37 25 10 36 28 36 45 31 40 16 18 26 19 19 29 42 40 22 52 13 40 35 24 8 23 47 14 46 8 21 45 35 21 34 45 46 31 30 23 16 31 6 14 9 26 21 32 13 19 8 48 34 40 2 17
32 16 9 6 3 23 30 15 22 19 21 11 8 19 37 12 26 8 13 23 5 11 19 32 34 19 30 26 25 23 20 3 34 0 26 17 31 20 18 15 11 7 30 34 25 13 5 13 29 17 17 27 24 18 16 25 24 16 27 17 7 14 6 19 26 34 21 19 25 26 28 25 24 17 30 34 22 29 26 6 18 20 32 18 32 24 18 28 37 27 19 32 20 22 34 33 18 1 12 32 17
17 41 21 30 28 13 38 38 19 41 35 23 18 41 14 14 16 22 14 36 23 21 12 11 24 35 43 14 29 21 18 26 31 26 0 25 38 14 36 37 14 28 39 36 45 35 24 32 36 41 8 5 48 9 40 38 38 10 42 16 18 39 30 37 30 22 15 10 43 29 10 50 17 42 23 17 21 4 10 20 23 24 7 7 12 36 40 30 43 32 39 14 8 31 45 37 28 26 22 30 24
40 24 8 16 20 32 45 31 8 36 36 23 18 35 39 14 35 9 13 38 19 6 13 36 43 35 45 14 8 8 29 15 45 17 25 0 45 29 34 31 17 12 44 46 42 30 12 29 42 32 21 22 38 18 30 40 39 21 43 26 16 27 17 35 9 43 11 15 41 37 33 38 33 28 39 42 7 25 32 12 3 5 32 20 37 38 34 39 51 40 36 39 18 35 49 46 3 17 5 43 28
28 43 37 37 29 25 2 27 48 22 12 22 27 28 38 34 23 38 36 10 27 39 41 34 20 14 8 48 54 49 20 34 11 31 38 45 0 23 17 26 31 38 3 5 18 25 35 20 2 31 32 41 39 35 35 8 10 30 9 23 29 37 36 16 54 23 44 39 15 9 31 41 21 41 17 31 48 41 29 34 46 48 40 34 33 9 25 8 6 5 20 31 36 9 8 3 48 31 40 10 16
11 36 22 26 21 3 23 27 26 29 21 12 12 31 17 15 6 23 16 22 16 23 18 12 14 21 29 24 34 27 4 23 18 20 14 29 23 0 23 27 12 27 25 23 31 25 23 20 21 31 10 18 41 13 34 24 24 8 28 3 14 33 26 23 35 14 21 17 29 15 8 42 4 37 11 14 27 18 6 19 27 29 17 12 12 22 29 17 29 18 27 12 14 17 31 24 32 21 24 17 10
32 26 26 22 15 25 15 10 38 6 5 13 18 11 39 25 25 26 27 7 15 28 33 34 29 3 12 40 43 40 19 20 23 18 36 34 17 23 0 9 23 24 14 21 9 8 22 5 15 14 28 39 22 30 18 9 7 26 9 20 19 20 21 1 43 31 35 33 7 15 31 24 23 24 23 35 39 40 29 22 35 37 39 30 34 8 8 17 22 14 4 33 32 10 16 20 35 17 29 21 13
38 17 24 16 12 31 24 1 37 5 14 15 19 4 44 26 31 23 28 16 15 26 34 39 36 12 20 41 40 38 24 17 31 15 37 31 26 27 9 0 24 20 23 30 11 2 19 7 24 5 29 40 15 31 9 18 16 27 17 24 20 11 15 10 40 37 36 34 12 23 35 16 28 15 31 40 37 41 33 21 33 35 43 31 39 17 3 25 31 23 6 38 33 18 24 29 32 14 27 29 18
23 27 10 16 13 15 30 24 16 28 23 10 5 28 26 3 18 11 5 25 9 11 10 21 26 22 32 17 23 18 12 13 28 11 14 17 31 12 23 24 0 15 31 31 32 22 11 19 28 27 6 16 34 7 26 27 26 5 30 9 4 25 17 24 24 26 13 10 30 23 17 36 16 28 22 25 17 17 15 7 16 18 21 7 21 25 27 25 37 26 26 22 9 22 36 32 20 12 12 27 14
38 13 7 4 9 30 37 20 19 25 27 18 15 23 41 14 33 6 14 29 12 8 18 36 41 25 36 23 20 20 27 4 41 7 28 12 38 27 24 20 15 0 36 41 31 19 4 19 36 20 21 27 26 19 18 31 30 20 33 24 13 15 5 25 21 41 18 19 31 33 32 26 31 16 37 40 19 30 30 8 15 17 35 21 36 30 23 35 44 34 25 37 21 29 40 40 12 7 9 39 24
30 40 36 34 27 27 2 24 47 19 9 21 26 25 40 33 25 37 35 7 26 38 41 36 23 11 5 48 53 48 21 32 14 30 39 44 3 25 14 23 31 36 0 8 14 22 34 17 4 28 33 43 36 36 32 5 7 31 6 24 28 34 34 13 53 26 43 40 12 11 33 38 23 38 19 33 47 43 31 33 45 47 42 35 35 6 22 10 8 7 17 33 37 9 6 6 47 29 39 13 17
24 47 39 39 32 23 7 31 47 26 16 23 28 32 34 35 20 39 36 14 29 40 40 30 16 18 13 46 54 49 19 37 6 34 36 46 5 23 21 30 31 41 8 0 22 29 37 24 6 35 31 41 43 34 39 12 14 29 14 22 30 41 39 20 55 19 43 38 20 8 28 45 19 45 13 27 48 40 26 35 47 49 37 33 29 13 29 6 8 7 24 27 35 12 13 2 49 34 41 6 17
40 28 34 27 22 33 16 12 46 6 10 22 27 11 47 34 32 33 36 10 23 36 42 42 33 10 11 49 50 48 27 27 27 25 45 42 18 31 9 11 32 31 14 22 0 12 29 13 17 14 37 48 22 39 18 10 9 35 8 29 28 21 26 8 50 36 44 42 2 20 39 24 30 24 28 42 47 49 37 30 43 45 48 39 42 11 9 21 22 17 6 40 41 15 15 20 42 24 37 24 21
36 18 22 15 10 28 23 2 35 6 13 13 17 6 42 24 29 21 26 15 13 24 32 37 34 11 20 39 38 36 22 15 30 13 35 30 25 25 8 2 22 19 22 29 12 0 17 5 23 6 27 38 16 29 10 17 15 25 17 22 18 12 14 9 38 35 34 32 12 22 33 17 26 16 29 38 35 39 31 19 31 33 41 29 37 16 5 24 30 22 6 36 31 17 24 28 30 12 25 28 16
34 16 5 5 7 26 34 19 18 23 25 14 11 23 37 10 29 4 11 27 8 7 16 32 37 23 34 22 20 19 23 3 37 5 24 12 35 23 22 19 11 4 34 37 29 17 0 17 33 21 17 25 27 16 19 29 28 16 31 20 9 16 6 23 21 37 17 17 29 29 28 27 27 18 33 36 18 27 26 4 14 16 31 17 32 28 22 31 41 31 23 33 18 26 38 37 13 5 8 35 20
30 23 21 17 10 23 18 7 33 9 8 9 14 11 37 21 23 21 23 10 10 23 29 32 29 6 17 36 38 35 17 15 25 13 32 29 20 20 5 7 19 19 17 24 13 5 17 0 18 11 24 35 21 26 15 12 11 22 14 17 15 17 17 6 38 30 31 29 12 17 28 22 21 21 24 33 34 36 26 17 30 32 36 26 32 11 9 19 25 17 7 31 28 12 21 23 30 12 24 23 11
26 41 35 34 27 23 2 25 45 20 10 19 24 26 36 31 21 35 33 8 25 36 38 32 19 12 8 45 51 46 18 32 10 29 36 42 2 21 15 24 28 36 4 6 17 23 33 18 0 29 30 39 37 33 33 6 8 28 9 21 26 35 34 14 51 22 41 37 14 7 29 39 19 39 15 29 45 39 27 31 43 45 38 32 31 7 23 6 8 3 18 29 34 7 10 5 45 29 37 9 14
43 13 26 16 14 35 29 4 39 9 19 19 23 3 48 28 35 25 30 21 18 28 36 43 40 17 25 43 40 40 29 18 36 17 41 32 31 31 14 5 27 20 28 35 14 6 21 11 29 0 33 43 10 34 4 23 21 31 22 28 23 7 15 15 41 41 38 36 16 28 39 11 32 10 35 44 39 44 37 23 35 37 47 34 43 22 6 30 36 28 11 42 36 23 29 34 32 16 29 34 22
19 33 14 22 19 11 32 29 16 33 27 15 10 33 20 7 14 15 8 28 15 15 8 15 22 27 35 15 25 17 12 19 28 17 8 21 32 10 28 29 6 21 33 31 37 27 17 24 30 33 0 11 40 3 32 30 30 2 34 9 10 31 23 29 26 22 11 7 35 23 12 42 14 34 21 21 17 12 11 13 19 20 15 2 16 28 32 25 38 27 31 18 4 24 39 32 24 18 16 27 16
22 41 20 30 29 18 41 40 15 44 38 26 21 44 18 15 21 21 14 39 25 20 10 16 29 38 46 10 25 17 22 27 36 27 5 22 41 18 39 40 16 27 43 41 48 38 25 35 39 43 11 0 50 9 42 41 41 13 45 19 20 40 31 40 26 27 11 8 46 33 15 51 22 43 28 22 17 3 15 21 19 20 11 9 17 39 43 35 47 36 42 19 7 34 49 42 25 28 20 35 27
53 14 32 22 21 45 37 14 45 17 27 29 30 11 58 35 45 31 37 29 26 34 43 53 50 25 33 49 46 46 39 24 45 24 48 38 39 41 22 15 34 26 36 43 22 16 27 21 37 10 40 50 0 41 8 31 29 38 30 38 30 11 21 23 46 51 44 43 24 37 49 2 42 10 45 54 45 51 47 30 41 43 55 41 53 30 14 39 44 36 19 52 43 32 37 42 37 23 35 43 32
22 32 12 21 20 14 35 31 12 35 30 17 12 35 22 6 17 13 5 31 16 12 5 18 25 29 38 12 22 14 15 18 31 18 9 18 35 13 30 31 7 19 36 34 39 29 16 26 33 34 3 9 41 0 33 33 33 5 37 12 11 31 22 31 23 25 8 4 37 26 15 42 17 34 24 24 14 11 14 12 16 17 16 2 19 31 34 28 41 30 33 21 2 27 42 35 21 19 13 30 19
45 9 24 14 13 37 33 8 37 13 23 22 22 7 51 27 38 23 29 25 18 26 35 46 44 21 29 41 38 38 32 16 40 16 40 30 35 34 18 9 26 18 32 39 18 10 19 15 33 4 32 42 8 33 0 27 25 30 26 31 22 3 13 19 38 45 36 35 20 32 42 10 36 6 39 48 37 43 40 22 33 35 47 33 46 26 10 34 40 32 15 46 35 27 33 38 29 15 27 38 26
30 35 32 29 22 26 6 19 43 14 4 17 22 20 39 29 24 32 31 2 21 34 37 35 24 6 5 44 49 44 20 27 16 25 38 40 8 24 9 18 27 31 5 12 10 17 29 12 6 23 30 41 31 33 27 0 2 28 4 22 24 29 29 8 49 26 39 37 8 11 32 33 22 33 19 33 43 42 30 28 41 43 41 32 34 2 17 10 13 7 12 32 34 7 9 11 42 24 35 14 14
31 33 31 28 21 26 8 17 42 12 3 16 21 18 40 28 24 31 30 2 20 33 36 35 25 5 6 43 48 43 20 26 18 24 38 39 10 24 7 16 26 30 7 14 9 15 28 11 8 21 30 41 29 33 25 2 0 28 4 22 23 27 28 6 48 28 38 36 7 12 32 31 22 31 20 34 42 42 30 27 40 42 41 32 34 2 15 12 15 9 10 32 34 7 10 13 41 23 34 16 14
19 32 14 21 17 11 30 27 17 31 25 13 8 31 21 7 14 15 8 26 13 15 10 16 22 25 33 16 26 19 10 18 26 16 10 21 30 8 26 27 5 20 31 29 35 25 16 22 28 31 2 13 38 5 30 28 28 0 32 7 9 29 22 27 27 22 13 9 33 21 12 40 12 33 19 21 19 14 11 12 19 21 17 4 16 26 30 23 36 25 29 18 6 22 37 30 24 17 16 25 14
34 34 35 31 24 30 8 18 46 13 7 20 25 19 43 32 28 35 34 6 24 37 40 39 28 8 3 47 52 47 24 29 19 27 42 43 9 28 9 17 30 33 6 14 8 17 31 14 9 22 34 45 30 37 26 4 4 32 0 26 27 28 30 8 52 30 42 40 6 15 36 32 26 32 23 37 46 46 34 31 44 46 45 36 38 6 16 14 14 11 11 36 38 11 7 12 44 26 38 18 18
14 33 19 23 18 6 23 24 24 26 19 9 9 28 20 12 9 20 14 20 13 20 17 15 17 19 27 23 32 26 3 20 19 17 16 26 23 3 20 24 9 24 24 22 29 22 20 17 21 28 9 19 38 12 31 22 22 7 26 0 11 30 23 21 33 17 20 16 27 14 11 39 7 34 13 17 26 20 9 16 25 27 19 11 15 20 26 16 29 18 24 15 13 15 30 23 29 18 21 18 8
25 23 8 12 9 17 27 20 19 24 20 7 2 24 30 6 20 9 8 22 5 10 14 25 28 19 29 21 25 21 14 9 29 7 18 16 29 14 19 20 4 13 28 30 28 18 9 15 26 23 10 20 30 11 22 24 23 9 27 11 0 21 13 20 25 28 16 14 26 21 21 32 18 24 24 28 20 21 19 5 17 19 25 11 25 22 23 23 34 24 22 26 13 19 33 30 19 8 11 27 12
44 6 21 11 12 36 35 10 34 16 25 21 21 10 50 25 37 20 26 27 17 23 32 45 44 23 31 38 35 35 31 13 42 14 39 27 37 33 20 11 25 15 34 41 21 12 16 17 35 7 31 40 11 31 3 29 27 29 28 30 21 0 10 21 35 45 33 32 23 34 41 11 35 4 39 47 34 42 39 19 30 32 46 32 45 28 13 36 42 34 17 45 33 29 35 40 26 13 24 40 26
38 10 11 1 7 29 35 15 24 20 25 17 14 18 43 16 32 10 17 27 11 13 22 38 40 23 33 28 25 25 26 4 40 6 30 17 36 26 21 15 17 5 34 39 26 14 6 17 34 15 23 31 21 22 13 29 28 22 30 23 13 10 0 22 26 40 23 23 26 32 34 21 30 12 36 40 24 33 32 10 20 22 37 23 38 28 18 34 42 32 20 38 24 27 37 38 17 6 14 38 23
32 27 27 23 16 25 14 11 39 6 4 14 19 12 39 26 25 27 28 6 16 29 34 34 28 2 11 41 44 41 19 21 22 19 37 35 16 23 1 10 24 25 13 20 8 9 23 6 14 15 29 40 23 31 19 8 6 27 8 21 20 21 22 0 44 30 36 34 6 14 31 25 23 25 22 35 40 41 29 23 36 38 40 31 34 7 9 16 21 13 4 33 33 9 15 19 36 18 30 20 13
45 32 17 25 28 38 53 40 11 44 45 32 27 44 44 21 41 18 19 47 28 15 18 41 49 44 54 16 1 9 36 24 52 26 30 9 54 35 43 40 24 21 53 55 50 38 21 38 51 41 26 26 46 23 38 49 48 27 52 33 25 35 26 44 0 48 15 20 50 46 38 46 39 36 46 47 9 29 37 21 8 6 37 25 42 47 43 48 59 49 44 44 23 44 58 55 9 26 14 51 37
5 50 36 40 34 11 24 37 38 37 26 24 26 41 15 29 8 37 30 26 29 37 30 11 3 28 30 36 47 39 14 37 13 34 22 43 23 14 31 37 26 41 26 19 36 35 37 30 22 41 22 27 51 25 45 26 28 22 30 17 28 45 40 30 48 0 33 29 34 15 12 52 10 49 7 8 39 24 12 33 41 42 18 24 10 25 39 16 27 19 34 8 26 20 31 21 46 34 38 13 19
30 31 12 22 24 23 42 36 4 40 35 22 17 40 29 10 26 13 8 37 21 10 3 26 34 34 44 5 14 6 24 20 40 21 15 11 44 21 35 36 13 18 43 43 44 34 17 31 41 38 11 11 44 8 36 39 38 13 42 20 16 33 23 36 15 33 0 5 42 34 23 44 25 34 32 32 6 14 22 15 8 9 22 10 27 37 39 36 49 38 38 29 8 34 48 43 14 22 10 38 27
25 32 12 22 22 18 39 34 9 38 33 20 15 38 24 8 21 13 6 35 19 12 2 21 29 32 42 8 19 11 19 19 35 19 10 15 39 17 33 34 10 19 40 38 42 32 17 29 37 36 7 8 43 4 35 37 36 9 40 16 14 32 23 34 20 29 5 0 40 30 18 43 21 35 28 27 11 11 17 13 13 14 17 5 22 35 37 32 45 34 36 24 3 31 46 39 18 20 12 34 23
37 29 33 27 22 31 14 13 45 7 8 20 25 13 45 32 30 33 34 8 22 35 40 40 31 8 9 47 50 47 25 27 24 25 43 41 15 29 7 12 30 31 12 20 2 12 29 12 14 16 35 46 24 37 20 8 7 33 6 27 26 23 26 6 50 34 42 40 0 18 37 26 28 26 26 40 46 47 35 29 42 44 46 37 40 9 10 18 20 15 6 38 39 13 13 18 42 24 36 22 19
19 40 30 32 25 16 9 24 39 21 10 15 19 26 29 26 14 30 28 10 21 31 32 25 13 12 15 38 46 41 11 29 8 26 29 37 9 15 15 23 23 33 11 8 20 22 29 17 7 28 23 33 37 26 32 11 12 21 15 14 21 34 32 14 46 15 34 30 18 0 22 39 12 38 8 22 40 33 20 26 38 40 31 25 24 10 23 2 15 4 18 22 27 5 17 9 40 26 32 6 9
7 44 26 33 29 6 31 35 27 37 29 20 20 39 9 19 8 27 20 30 24 27 20 4 14 29 37 24 37 29 12 30 23 28 10 33 31 8 31 35 17 32 33 28 39 33 28 28 29 39 12 15 49 15 42 32 32 12 36 11 21 41 34 31 38 12 23 18 37 22 0 50 10 45 15 9 29 13 2 24 31 32 9 13 4 30 37 23 35 26 35 6 15 25 39 29 36 29 28 22 18
54 14 32 22 23 46 39 15 45 19 29 30 32 13 59 36 46 31 37 31 28 34 43 54 51 27 35 49 46 46 40 24 47 25 50 38 41 42 24 16 36 26 38 45 24 17 27 22 39 11 42 51 2 42 10 33 31 40 32 39 32 11 21 25 46 52 44 43 26 39 50 0 43 10 46 55 45 53 48 30 41 43 57 43 54 32 16 41 46 38 21 53 44 34 39 44 37 24 35 45 33
9 40 26 30 24 4 21 28 30 29 20 14 16 32 17 19 2 27 20 20 19 27 22 13 10 21 27 28 38 31 4 27 14 24 17 33 21 4 23 28 16 31 23 19 30 26 27 21 19 32 14 22 42 17 36 22 22 12 26 7 18 35 30 23 39 10 25 21 28 12 10 43 0 39 7 12 31 21 8 23 31 33 19 16 12 20 30 13 26 16 27 10 18 15 29 20 36 24 28 13 10
48 4 23 13 16 40 39 14 35 19 29 25 25 13 54 28 41 22 29 31 21 24 34 49 48 27 35 39 36 36 35 16 46 17 42 28 41 37 24 15 28 16 38 45 24 16 18 21 39 10 34 43 10 34 6 33 31 33 32 34 24 4 12 25 36 49 34 35 26 38 45 10 39 0 43 51 35 45 43 22 31 33 49 35 49 32 16 40 46 38 21 49 36 33 39 44 27 16 25 44 30
11 44 32 36 29 10 17 31 37 29 18 19 22 34 21 25 7 33 27 18 25 33 29 17 5 20 23 35 45 38 10 33 8 30 23 39 17 11 23 31 22 37 19 13 28 29 33 24 15 35 21 28 45 24 39 19 20 19 23 13 24 39 36 22 46 7 32 28 26 8 15 46 7 43 0 14 38 27 13 29 38 40 24 23 16 18 31 9 21 12 26 14 25 13 25 15 42 30 34 7 13
3 51 35 41 35 11 31 41 36 42 32 26 26 45 7 28 10 36 29 32 31 36 29 6 11 33 37 31 46 38 16 37 21 34 17 42 31 14 35 40 25 40 33 27 42 38 36 33 29 44 21 22 54 24 48 33 34 21 37 17 28 47 40 35 47 8 32 27 40 22 9 55 12 51 14 0 38 19 10 32 40 41 13 22 5 32 42 23 35 26 39 3 24 27 39 29 45 35 37 21 22
36 31 13 23 25 29 46 37 2 41 39 26 21 41 35 14 32 14 12 41 24 11 9 32 40 38 48 8 8 1 29 21 45 22 21 7 48 27 39 37 17 19 47 48 47 35 18 34 45 39 17 17 45 14 37 43 42 19 46 26 20 34 24 40 9 39 6 11 46 40 29 45 31 35 38 38 0 20 28 17 4 3 28 16 33 41 40 42 53 43 41 35 14 38 52 49 10 23 10 44 31
19 43 23 32 31 17 41 41 18 45 39 27 22 45 15 17 20 24 16 40 27 23 13 13 27 39 47 13 28 20 22 29 35 29 4 25 41 18 40 41 17 30 43 40 49 39 27 36 39 44 12 3 51 11 43 42 42 14 46 20 21 42 33 41 29 24 14 11 47 33 13 53 21 45 27 19 20 0 14 23 22 23 8 10 14 40 44 34 47 36 43 16 10 35 49 41 28 29 23 34 28
8 42 25 31 27 4 29 33 26 35 27 18 18 37 11 18 6 26 19 28 22 26 19 6 14 27 35 24 36 28 10 28 21 26 10 32 29 6 29 33 15 30 31 26 37 31 26 26 27 37 11 15 47 14 40 30 30 11 34 9 19 39 32 29 37 12 22 17 35 20 2 48 8 43 13 10 28 14 0 22 30 31 11 12 6 28 35 21 33 24 33 7 14 23 37 27 35 27 27 20 16
30 20 4 9 9 22 32 21 16 25 24 12 7 25 33 6 25 4 7 26 7 6 13 28 33 23 33 20 21 18 19 6 34 6 20 12 34 19 22 21 7 8 33 35 30 19 4 17 31 23 13 21 30 12 22 28 27 12 31 16 5 19 10 23 21 33 15 13 29 26 24 30 23 22 29 32 17 23 22 0 13 15 27 13 28 27 24 28 39 29 24 29 14 24 37 35 14 7 7 32 17
38 27 9 19 21 30 45 33 5 37 37 24 19 37 37 13 33 10 12 39 20 7 11 34 41 36 46 11 7 5 29 17 45 18 23 3 46 27 35 33 16 15 45 47 43 31 14 30 43 35 19 19 41 16 33 41 40 19 44 25 17 30 20 36 8 41 8 13 42 38 31 41 31 31 38 40 4 22 30 13 0 2 30 18 35 39 36 40 51 41 37 37 16 36 50 47 6 19 6 43 29
39 29 11 21 23 31 47 35 5 39 39 26 21 39 38 15 34 12 13 41 22 9 12 35 42 38 48 11 5 4 30 19 46 20 24 5 48 29 37 35 18 17 47 49 45 33 16 32 45 37 20 20 43 17 35 43 42 21 46 27 19 32 22 38 6 42 9 14 44 40 32 43 33 33 40 41 3 23 31 15 2 0 31 19 36 41 38 42 53 43 39 38 17 38 52 49 7 21 8 45 31
13 48 28 37 34 15 40 43 26 45 38 28 25 47 7 21 17 29 21 39 30 28 19 7 21 38 46 21 36 28 21 33 31 32 7 32 40 17 39 43 21 35 42 37 48 41 31 36 38 47 15 11 55 16 47 41 41 17 45 19 25 46 37 40 37 18 22 17 46 31 9 57 19 49 24 13 28 8 11 27 30 31 0 14 8 39 45 32 44 35 43 10 15 34 48 38 35 33 29 31 27
20 33 14 22 20 13 34 31 14 35 29 17 12 35 20 7 16 15 7 30 16 14 7 16 24 29 37 12 24 16 14 19 30 18 7 20 34 12 30 31 7 21 35 33 39 29 17 26 32 34 2 9 41 2 33 32 32 4 36 11 11 32 23 31 25 24 10 5 37 25 13 43 16 35 23 22 16 10 12 13 18 19 14 0 17 30 34 27 40 29 33 19 2 26 41 34 23 19 15 29 18
5 48 30 37 33 9 33 39 31 41 32 24 24 43 5 23 10 31 24 32 28 31 24 1 13 32 39 26 41 33 15 34 23 32 12 37 33 12 34 39 21 36 35 29 42 37 32 32 31 43 16 17 53 19 46 34 34 16 38 15 25 45 38 34 42 10 27 22 40 24 4 54 12 49 16 5 33 14 6 28 35 36 8 17 0 32 41 25 37 28 38 2 19 27 41 31 40 33 32 23 21
29 34 30 28 21 24 7 18 41 13 3 15 20 19 37 27 22 31 29 1 20 32 35 33 23 5 7 42 47 42 18 26 16 24 36 38 9 22 8 17 25 30 6 13 11 16 28 11 7 22 28 39 30 31 26 2 2 26 6 20 22 28 28 7 47 25 37 35 9 10 30 32 20 32 18 32 41 40 28 27 39 41 39 30 32 0 16 10 14 7 11 30 32 5 11 12 41 23 33 14 12
39 19 27 19 15 32 23 3 40 3 13 18 22 3 46 29 32 26 31 15 18 29 37 41 37 11 19 44 42 41 26 19 31 18 40 34 25 29 8 3 27 23 22 29 9 5 22 9 23 6 32 43 14 34 10 17 15 30 16 26 23 13 18 9 43 39 39 37 10 23 37 16 30 16 31 42 40 44 35 24 36 38 45 34 41 16 0 25 30 22 5 40 36 18 23 28 34 17 30 29 20
20 42 32 34 27 17 8 26 41 22 12 17 21 28 30 28 15 32 30 11 23 33 34 26 13 14 14 40 48 43 13 31 6 28 30 39 8 17 17 25 25 35 10 6 21 24 31 19 6 30 25 35 39 28 34 10 12 23 14 16 23 36 34 16 48 16 36 32 18 2 23 41 13 40 9 23 42 34 21 28 40 42 32 27 25 10 25 0 13 3 20 23 29 7 16 7 42 28 34 4 11
32 48 43 42 35 30 8 32 54 27 17 28 33 33 42 40 27 44 42 15 33 45 47 38 24 19 11 53 60 55 26 40 14 37 43 51 6 29 22 31 37 44 8 8 22 30 41 25 8 36 38 47 44 41 40 13 15 36 14 29 34 42 42 21 59 27 49 45 20 15 35 46 26 46 21 35 53 47 33 39 51 53 44 40 37 14 30 13 0 11 25 35 42 15 8 6 53 37 45 14 22
23 40 32 32 25 20 5 24 42 19 9 17 22 25 33 29 18 33 31 8 23 34 35 29 16 11 11 41 49 44 15 30 9 27 32 40 5 18 14 23 26 34 7 7 17 22 31 17 3 28 27 36 36 30 32 7 9 25 11 18 24 34 32 13 49 19 38 34 15 4 26 38 16 38 12 26 43 36 24 29 41 43 35 29 28 7 22 3 11 0 17 26 31 5 13 6 43 27 35 7 12
36 23 28 21 16 29 18 7 40 2 8 16 21 8 43 28 29 27 30 10 17 30 36 38 32 6 14 43 44 42 23 21 26 19 39 36 20 27 4 6 26 25 17 24 6 6 23 7 18 11 31 42 19 33 15 12 10 29 11 24 22 17 20 4 44 34 38 36 6 18 35 21 27 21 26 39 41 43 33 24 37 39 43 33 38 11 5 20 25 17 0 37 35 13 18 23 36 18 31 24 17
3 48 32 38 33 9 31 39 33 40 30 24 24 43 7 25 8 33 26 30 28 33 26 3 11 31 37 28 43 35 14 35 21 32 14 39 31 12 33 38 22 37 33 27 40 36 33 31 29 42 18 19 52 21 46 32 32 18 36 15 26 45 38 33 44 8 29 24 38 22 6 53 10 49 14 3 35 16 7 29 37 38 10 19 2 30 40 23 35 26 37 0 21 25 39 29 42 33 34 21 20
22 34 14 23 22 15 36 33 12 37 31 19 14 37 21 8 18 15 7 32 18 13 5 18 26 31 39 10 22 14 16 20 32 20 8 18 36 14 32 33 9 21 37 35 41 31 18 28 34 36 4 7 43 2 35 34 34 6 38 13 13 33 24 33 23 26 8 3 39 27 15 44 18 36 25 24 14 10 14 14 16 17 15 2 19 32 36 29 42 31 35 21 0 28 43 36 21 21 14 31 20
24 35 27 27 20 19 8 19 38 15 5 12 17 21 32 24 17 28 26 5 18 29 32 28 18 7 12 38 44 39 13 25 13 22 31 35 9 17 10 18 22 29 9 12 15 17 26 12 7 23 24 34 32 27 27 7 7 22 11 15 19 29 27 9 44 20 34 31 13 5 25 34 15 33 13 27 38 35 23 24 36 38 34 26 27 5 18 7 15 5 13 25 28 0 15 11 38 22 30 11 8
36 41 41 38 31 33 8 25 52 20 13 26 31 26 46 38 31 41 40 11 30 43 46 42 28 15 4 53 58 53 27 36 19 34 45 49 8 31 16 24 36 40 6 13 15 24 38 21 10 29 39 49 37 42 33 9 10 37 7 30 33 35 37 15 58 31 48 46 13 17 39 39 29 39 25 39 52 49 37 37 50 52 48 41 41 11 23 16 8 13 18 39 43 15 0 11 51 33 44 18 23
26 46 38 38 31 24 5 30 48 25 15 23 28 31 36 35 21 39 37 13 29 40 41 32 18 17 11 47 55 50 20 36 8 33 37 46 3 24 20 29 32 40 6 2 20 28 37 23 5 34 32 42 42 35 38 11 13 30 12 23 30 40 38 19 55 21 43 39 18 9 29 44 20 44 15 29 49 41 27 35 47 49 38 34 31 12 28 7 6 6 23 29 36 11 11 0 49 33 41 8 18
43 23 11 16 20 35 46 31 11 36 38 26 21 35 42 17 38 10 16 40 21 9 16 39 46 36 47 17 9 11 32 15 48 18 28 3 48 32 35 32 20 12 47 49 42 30 13 30 45 32 24 25 37 21 29 42 41 24 44 29 19 26 17 36 9 46 14 18 42 40 36 37 36 27 42 45 10 28 35 14 6 7 35 23 40 41 34 42 53 43 36 42 21 38 51 49 0 18 8 46 31
32 16 10 6 2 24 30 14 23 18 20 11 9 18 38 13 26 9 14 22 5 12 20 33 34 18 29 27 25 24 20 3 34 1 26 17 31 21 17 14 12 7 29 34 24 12 5 12 29 16 18 28 23 19 15 24 23 17 26 18 8 13 6 18 26 34 22 20 24 26 29 24 24 16 30 35 23 29 27 7 19 21 33 19 33 23 17 28 37 27 18 33 21 22 33 33 18 0 13 32 17
35 22 3 13 15 27 39 27 10 31 31 18 13 31 35 9 30 4 8 33 14 1 10 31 38 30 40 15 13 11 24 11 40 12 22 5 40 24 29 27 12 9 39 41 37 25 8 24 37 29 16 20 35 13 27 35 34 16 38 21 11 24 14 30 14 38 10 12 36 32 28 35 28 25 34 37 10 23 27 7 6 8 29 15 32 33 30 34 45 35 31 34 14 30 44 41 8 13 0 38 23
18 46 35 38 31 17 11 30 42 26 16 21 25 32 28 30 14 36 32 15 27 37 35 24 10 18 17 41 50 44 15 35 2 32 30 43 10 17 21 29 27 39 13 6 24 28 35 23 9 34 27 35 43 30 38 14 16 25 18 18 27 40 38 20 51 13 38 34 22 6 22 45 13 44 7 21 44 34 20 32 43 45 31 29 23 14 29 4 14 7 24 21 31 11 18 8 46 32 38 0 15
19 31 20 23 16 12 16 18 30 19 11 6 10 22 26 17 12 21 19 12 12 22 24 21 18 11 19 30 37 32 6 20 17 17 24 28 16 10 13 18 14 24 17 17 21 16 20 11 14 22 16 27 32 19 26 14 14 14 18 8 12 26 23 13 37 19 27 23 19 9 18 33 10 30 13 22 31 28 16 17 29 31 27 18 21 12 20 11 22 12 17 20 20 8 23 18 31 17 23 15 0
0         819      
650       690      
71        130      
115       157      
102       158      
35        70       
267       288      
142       177      
479       490      
155       177      
176       218      
622       698      
50        111      
146       189      
595       630      
428       454      
16        62       
75        124      
432       500      
188       213      
47        85       
100       134      
441       458      
7         28       
617       660      
163       215      
264       307      
754       787      
522       562      
491       529      
624       651      
102       124      
191       254      
412       469      
571       597      
487       505      
239       294      
43        65       
143       188      
153       162      
55        77       
88        126      
251       287      
192       239      
337       352      
114       179      
73        126      
341       380      
229       297      
123       164      
30        95       
563       590      
363       408      
33        78       
368       380      
175       222      
282       310      
42        80       
300       343      
24        52       
75        109      
340       391      
120       149      
170       194      
502       518      
228       245      
435       491      
444       466      
286       330      
201       231      
0         38       
388       413      
33        79       
363       434      
206       235      
0         16       
451       495      
557       599      
0         50       
65        118      
471       512      
474       520      
555       612      
55        71       
0         29       
152       219      
352       373      
170       248      
298       340      
186       222      
161       180      
0         35       
537       597      
190       203      
271       286      
730       768      
482       543      
123       152      
444       509      
219       284      
714       773      
