101
0 20 18 40 32 47 14 30 20 8 20 12 34 10 16 44 4 45 16 19 15 33 20 20 20 9 35 22 11 22 22 29 24 38 16 14 33 24 38 14 41 24 7 30 19 30 25 25 28 45 42 23 42 28 31 14 15 27 40 29 11 45 36 25 24 12 26 44 23 23 20 31 2 9 15 11 24 34 44 16 18 31 27 34 24 19 27 15 37 6 19 25 28 18 27 35 41 9 17 8 4
20 0 33 50 35 57 34 43 18 26 10 19 37 12 6 37 22 57 21 32 34 42 5 32 2 29 38 27 24 41 41 24 39 46 36 6 32 40 33 29 50 33 27 42 34 36 44 43 20 57 34 17 39 38 41 19 5 41 46 18 20 55 44 45 38 32 41 38 30 37 40 21 18 29 28 9 43 29 54 36 2 37 17 41 27 25 41 12 44 14 19 13 48 8 28 31 34 29 36 21 18
18 33 0 22 19 29 10 11 21 21 29 15 21 21 32 40 14 26 15 3 7 17 32 4 33 18 21 13 9 10 8 26 6 23 11 28 24 7 34 4 24 9 15 12 2 16 11 10 31 26 39 26 31 12 15 16 28 9 25 34 13 28 20 15 6 21 8 40 11 5 10 34 18 13 5 24 10 29 26 18 31 17 33 19 15 13 10 33 22 22 20 33 22 29 18 29 39 19 6 12 22
40 50 22 0 17 7 32 11 32 43 41 31 16 38 50 38 36 7 28 20 29 7 46 20 48 40 15 22 29 28 25 31 20 6 33 45 24 22 35 25 2 16 37 10 20 13 24 22 37 8 40 34 24 11 8 30 45 16 7 41 30 6 6 32 16 43 18 39 19 17 30 41 39 35 24 41 23 31 5 40 47 13 41 8 22 24 12 52 7 40 30 42 39 41 21 30 40 41 28 32 43
32 35 19 17 0 22 29 17 16 39 25 20 2 25 37 22 28 24 16 16 26 11 30 15 33 36 3 10 21 29 26 14 22 11 30 32 7 24 18 20 15 10 32 15 18 4 28 26 21 25 23 19 12 11 12 18 31 20 11 25 21 20 11 34 18 39 22 23 9 18 29 24 30 31 18 28 27 14 20 37 33 4 25 9 8 13 15 41 10 30 16 27 41 26 6 13 23 37 25 24 35
47 57 29 7 22 0 38 17 38 50 47 38 21 45 57 42 43 5 35 27 35 14 52 27 55 47 19 29 36 34 31 36 26 11 39 52 28 28 39 32 7 23 44 16 27 20 30 28 43 5 44 41 28 18 15 37 52 22 11 47 37 2 12 38 22 49 24 43 26 23 36 46 46 42 31 48 29 35 2 46 54 19 47 14 28 31 18 59 12 47 36 49 45 47 27 34 44 48 34 39 50
14 34 10 32 29 38 0 21 26 13 31 17 31 22 30 48 12 35 19 13 3 27 33 14 34 9 31 21 12 8 9 34 12 33 2 28 33 11 42 9 34 19 7 22 12 26 12 12 36 35 47 31 41 22 25 19 29 16 35 38 15 38 30 11 16 11 14 48 20 15 6 39 16 5 11 25 11 37 36 8 32 27 37 29 23 19 20 29 32 20 24 35 15 30 26 37 47 10 4 13 17
30 43 11 11 17 17 21 0 27 32 35 24 17 31 43 39 25 15 22 11 18 7 40 11 42 29 16 18 20 17 14 30 9 12 22 38 24 11 35 15 13 10 26 1 10 12 13 11 36 15 40 32 27 6 5 24 38 5 14 40 23 17 9 21 5 32 7 40 14 6 19 40 29 24 15 34 12 30 15 29 41 13 39 9 19 18 2 44 11 33 26 39 28 36 20 29 39 30 17 23 33
20 18 21 32 16 38 26 27 0 28 9 9 18 11 21 23 17 39 6 19 24 24 14 18 17 27 19 9 13 30 29 9 27 27 27 17 14 28 18 17 31 17 23 26 21 18 32 31 10 39 22 5 23 21 24 7 15 28 27 13 11 36 26 34 25 30 29 24 13 24 29 13 18 24 16 13 31 14 36 32 17 18 12 23 9 9 25 26 25 17 1 12 40 10 10 16 22 27 25 14 22
8 26 21 43 39 50 13 32 28 0 28 19 41 18 21 51 11 47 23 24 15 38 28 25 27 4 42 29 18 20 22 37 25 44 13 20 40 24 46 19 45 30 7 33 23 37 25 25 36 47 50 31 49 33 36 21 22 29 46 37 18 49 41 21 27 6 27 52 30 26 18 39 10 8 21 19 24 41 47 11 24 38 35 40 31 26 31 19 43 13 27 33 23 26 34 43 49 3 17 15 8
20 10 29 41 25 47 31 35 9 28 0 14 27 10 15 27 20 48 14 27 30 33 5 26 8 29 28 18 20 37 37 14 35 36 33 11 22 36 23 25 40 25 26 34 29 27 40 39 10 48 24 7 29 30 33 13 9 36 36 9 16 45 35 41 33 32 37 28 22 32 36 12 18 27 24 9 39 19 45 35 9 27 8 32 18 17 33 21 34 15 10 5 46 2 19 21 24 29 32 18 20
12 19 15 31 20 38 17 24 9 19 14 0 22 7 18 32 8 38 4 13 16 24 17 13 18 18 23 10 6 23 23 17 21 29 19 14 21 22 26 11 32 15 14 24 15 19 26 25 19 39 30 14 30 20 23 2 14 22 29 21 2 37 26 27 19 21 23 32 12 18 22 22 10 15 10 10 25 22 36 23 17 20 20 24 12 7 22 22 27 10 8 18 32 14 15 24 30 18 18 5 15
34 37 21 16 2 21 31 17 18 41 27 22 0 27 39 23 30 23 18 18 28 10 32 17 35 38 1 12 23 30 28 16 23 10 32 34 8 25 19 22 14 12 34 16 20 5 29 27 23 24 24 21 11 11 12 20 33 20 9 27 23 18 10 35 18 41 22 24 11 18 31 26 32 33 20 30 27 15 19 39 35 4 27 8 10 15 15 43 9 32 18 29 42 28 8 14 24 39 27 26 37
10 12 21 38 25 45 22 31 11 18 10 7 27 0 11 33 10 45 9 20 22 30 11 20 12 19 28 15 12 29 29 20 27 34 24 7 25 28 29 17 38 22 16 31 21 25 32 31 18 45 31 13 34 27 30 7 7 29 35 18 8 43 32 33 26 22 29 34 18 25 28 21 8 17 16 3 31 25 42 25 10 25 17 30 17 13 29 16 32 6 11 14 36 8 20 27 31 19 24 9 11
16 6 32 50 37 57 30 43 21 21 15 18 39 11 0 42 18 56 20 31 30 41 10 31 8 25 39 26 23 37 38 29 38 45 32 4 35 38 38 27 49 33 23 42 32 36 41 41 25 56 39 22 44 38 41 18 6 40 46 23 19 54 43 41 37 27 40 43 29 36 36 26 14 25 27 8 40 34 53 32 6 36 22 41 28 24 40 6 43 10 21 18 44 13 31 36 39 24 32 19 13
44 37 40 38 22 42 48 39 23 51 27 32 23 33 42 0 40 45 29 37 45 32 32 35 35 50 23 26 36 49 48 14 44 32 49 38 16 45 5 38 36 32 46 37 38 26 49 48 17 46 3 20 14 33 34 30 36 42 31 19 34 40 32 54 40 53 44 1 28 39 50 16 41 47 36 35 48 10 41 55 36 26 20 30 24 28 37 48 31 39 23 24 61 29 21 10 3 50 46 36 44
4 22 14 36 28 43 12 25 17 11 20 8 30 10 18 40 0 40 12 15 12 29 21 15 22 10 31 18 7 19 19 25 20 34 14 16 29 20 34 10 36 20 6 26 15 26 22 22 27 40 38 22 38 23 26 10 17 23 36 28 7 40 31 23 20 13 22 40 19 19 18 30 4 7 11 13 21 30 39 15 20 27 27 30 20 15 23 19 33 8 16 24 26 18 23 32 38 10 14 4 8
45 57 26 7 24 5 35 15 39 47 48 38 23 45 56 45 40 0 35 26 33 14 53 26 55 44 22 29 35 30 27 38 22 13 35 52 31 24 42 30 9 23 41 15 25 20 26 24 44 1 47 41 31 18 15 37 52 19 14 48 37 6 13 34 20 46 20 46 26 21 32 48 44 39 30 48 25 38 4 42 54 20 48 15 29 31 17 59 14 47 37 49 41 48 28 37 47 45 30 38 48
16 21 15 28 16 35 19 22 6 23 14 4 18 9 20 29 12 35 0 13 17 21 18 12 20 22 19 6 7 23 23 14 21 25 21 16 17 22 23 11 28 12 18 21 15 16 26 25 16 36 27 11 26 17 20 2 16 22 26 19 5 33 23 28 19 25 23 29 9 18 23 19 14 18 10 12 25 19 33 26 19 16 18 21 8 4 20 25 23 14 5 18 34 14 11 20 27 22 19 8 19
19 32 3 20 16 27 13 11 19 24 27 13 18 20 31 37 15 26 13 0 10 14 30 1 31 21 18 10 9 13 11 23 8 20 14 27 21 9 31 5 21 6 17 11 2 13 13 12 28 26 36 24 28 9 12 14 27 9 22 32 12 26 17 18 6 24 10 37 8 5 13 32 19 16 4 23 12 26 25 21 30 14 31 16 12 10 9 34 19 22 18 31 25 27 15 26 36 22 9 13 23
15 34 7 29 26 35 3 18 24 15 30 16 28 22 30 45 12 33 17 10 0 24 33 11 34 12 28 19 10 7 7 31 10 30 4 28 31 9 40 7 31 16 9 19 9 23 10 10 33 33 44 28 38 19 22 17 29 14 32 36 14 35 27 11 13 14 12 46 18 12 6 36 16 7 9 25 9 35 33 11 32 24 35 26 21 17 17 30 29 20 22 34 17 30 24 35 44 13 2 13 19
33 42 17 7 11 14 27 7 24 38 33 24 10 30 41 32 29 14 21 14 24 0 38 13 41 35 9 15 22 23 20 25 15 6 28 37 18 17 29 19 8 9 31 6 15 7 20 18 31 15 34 28 20 5 2 23 37 12 8 35 24 13 3 28 11 38 14 33 12 12 25 35 32 30 17 33 19 25 12 35 40 7 34 2 15 17 7 46 5 34 23 36 35 34 15 24 34 36 23 26 37
20 5 32 46 30 52 33 40 14 28 5 17 32 11 10 32 21 53 18 30 33 38 0 29 3 29 33 23 23 40 40 19 38 41 35 7 27 39 28 28 45 30 26 39 32 32 43 42 15 53 29 12 34 35 38 16 5 39 41 13 19 50 40 44 36 32 40 33 27 35 39 16 17 28 27 8 42 24 50 35 4 32 12 37 23 22 38 16 39 14 15 8 47 4 24 26 29 29 35 20 19
20 32 4 20 15 27 14 11 18 25 26 13 17 20 31 35 15 26 12 1 11 13 29 0 31 22 17 9 9 14 12 22 9 19 15 27 20 10 30 6 21 5 18 11 3 12 14 13 27 26 35 23 27 8 11 13 27 10 21 31 12 25 16 19 7 25 11 36 7 6 14 31 19 17 4 23 13 25 24 22 30 13 30 15 11 9 9 34 18 22 17 30 26 26 14 25 35 23 10 13 23
20 2 33 48 33 55 34 42 17 27 8 18 35 12 8 35 22 55 20 31 34 41 3 31 0 29 36 26 24 41 41 22 39 44 36 6 30 40 31 29 48 32 27 41 33 35 44 43 18 56 32 15 37 37 40 18 5 40 44 16 20 53 43 45 37 32 41 36 29 36 40 19 18 29 28 9 43 27 53 36 2 35 15 40 26 24 40 14 42 14 18 11 48 7 27 29 32 29 36 21 18
9 29 18 40 36 47 9 29 27 4 29 18 38 19 25 50 10 44 22 21 12 35 29 22 29 0 39 26 15 16 18 35 21 41 9 23 38 20 44 16 42 27 4 30 20 34 21 21 37 44 48 32 46 30 33 20 24 25 43 37 17 46 38 17 24 3 23 50 27 23 14 40 11 5 18 20 20 40 44 7 27 35 36 37 28 23 28 23 40 15 26 33 19 27 31 42 48 1 13 14 12
35 38 21 15 3 19 31 16 19 42 28 23 1 28 39 23 31 22 19 18 28 9 33 17 36 39 0 13 24 30 28 17 23 9 32 35 9 25 20 23 13 12 35 15 20 5 29 27 24 23 25 22 11 11 11 21 34 20 8 28 24 17 9 35 18 42 22 24 12 18 31 27 33 34 21 31 27 16 18 39 36 4 28 7 11 16 15 44 8 33 19 30 42 29 9 15 25 40 27 27 38
22 27 13 22 10 29 21 18 9 29 18 10 12 15 26 26 18 29 6 10 19 15 23 9 26 26 13 0 11 23 21 13 18 19 23 22 11 19 21 12 22 8 22 17 12 10 23 22 18 30 26 14 20 12 15 8 22 19 20 22 11 27 17 28 16 29 20 27 4 15 23 22 20 22 10 18 22 16 27 29 25 10 21 15 2 3 16 31 17 20 8 21 35 19 5 16 26 27 19 14 25
11 24 9 29 21 36 12 20 13 18 20 6 23 12 23 36 7 35 7 9 10 22 23 9 24 15 24 11 0 17 17 21 15 27 14 19 22 16 30 5 30 13 11 20 10 19 20 19 23 35 34 18 31 17 20 7 19 18 29 26 4 34 25 21 15 18 17 36 12 14 16 26 10 11 5 15 19 26 33 19 22 20 25 23 13 8 18 25 26 13 12 24 27 20 16 27 34 16 12 4 15
22 41 10 28 29 34 8 17 30 20 37 23 30 29 37 49 19 30 23 13 7 23 40 14 41 16 30 23 17 0 3 36 8 29 7 35 34 6 44 12 30 19 15 18 11 26 5 6 39 30 49 34 41 19 21 24 36 12 31 42 21 34 26 5 12 17 10 50 21 12 2 42 23 13 14 32 5 39 32 12 39 26 41 25 25 22 16 37 28 27 28 41 12 37 28 39 49 17 5 20 25
22 41 8 25 26 31 9 14 29 22 37 23 28 29 38 48 19 27 23 11 7 20 40 12 41 18 28 21 17 3 0 34 5 26 9 35 32 3 42 12 27 16 16 15 9 23 3 3 39 27 47 34 38 16 18 24 36 9 28 42 21 31 23 8 9 20 7 48 19 9 5 42 23 14 13 32 2 37 29 15 39 23 41 22 23 21 13 37 25 27 28 41 15 37 26 37 47 19 5 20 26
29 24 26 31 14 36 34 30 9 37 14 17 16 20 29 14 25 38 14 23 31 25 19 22 22 35 17 13 21 36 34 0 31 25 35 25 8 32 9 25 29 20 31 29 25 18 36 35 7 39 13 7 15 24 26 15 23 31 25 11 19 34 25 41 28 38 32 15 16 27 36 10 26 32 23 22 35 5 34 40 23 18 11 23 11 15 28 35 24 26 9 14 48 16 10 7 13 35 32 22 31
24 39 6 20 22 26 12 9 27 25 35 21 23 27 38 44 20 22 21 8 10 15 38 9 39 21 23 18 15 8 5 31 0 21 13 34 28 2 39 10 22 12 19 10 6 18 6 4 36 23 43 32 34 11 13 22 34 4 23 40 19 26 18 13 4 23 2 45 15 4 10 40 24 17 11 30 5 33 24 20 37 18 39 17 20 18 8 39 20 28 26 39 20 35 22 34 43 22 8 18 28
38 46 23 6 11 11 33 12 27 44 36 29 10 34 45 32 34 13 25 20 30 6 41 19 44 41 9 19 27 29 26 25 21 0 34 41 18 23 29 25 4 14 37 11 21 9 25 23 32 14 34 30 18 11 8 27 41 17 2 36 29 9 3 33 17 44 19 33 16 18 31 35 37 36 23 37 24 25 9 41 44 8 36 4 17 21 13 50 1 39 25 38 40 36 16 24 34 42 29 31 42
16 36 11 33 30 39 2 22 27 13 33 19 32 24 32 49 14 35 21 14 4 28 35 15 36 9 32 23 14 7 9 35 13 34 0 30 34 11 44 11 35 20 9 23 13 27 12 12 37 36 48 32 42 23 26 21 31 17 36 40 17 39 31 9 17 11 15 50 22 16 5 40 18 7 13 27 11 39 37 7 34 28 39 30 25 21 21 30 33 22 26 37 13 32 28 39 48 10 5 15 19
14 6 28 45 32 52 28 38 17 20 11 14 34 7 4 38 16 52 16 27 28 37 7 27 6 23 35 22 19 35 35 25 34 41 30 0 31 34 34 23 44 28 21 37 28 32 38 37 21 52 35 18 40 33 36 14 2 36 42 19 15 49 39 39 33 26 36 39 25 32 34 22 12 23 23 4 37 30 49 30 4 32 18 37 24 20 36 10 39 8 17 15 42 9 27 32 35 23 30 15 12
33 32 24 24 7 28 33 24 14 40 22 21 8 25 35 16 29 31 17 21 31 18 27 20 30 38 9 11 22 34 32 8 28 18 34 31 0 30 11 23 22 16 33 22 23 11 34 32 15 32 16 15 9 18 19 19 29 27 17 19 22 26 18 39 24 40 28 17 13 24 34 18 31 33 21 27 33 7 27 40 31 11 19 16 9 14 22 40 17 31 14 22 46 24 6 6 16 38 30 25 36
24 40 7 22 24 28 11 11 28 24 36 22 25 28 38 45 20 24 22 9 9 17 39 10 40 20 25 19 16 6 3 32 2 23 11 34 30 0 40 11 24 14 18 12 7 20 4 3 37 25 45 33 36 13 15 23 35 6 25 41 20 28 20 11 6 22 4 46 17 6 8 41 24 16 12 31 3 35 26 18 38 20 40 19 21 19 10 39 22 28 27 40 18 36 24 35 45 21 7 19 28
38 33 34 35 18 39 42 35 18 46 23 26 19 29 38 5 34 42 23 31 40 29 28 30 31 44 20 21 30 44 42 9 39 29 44 34 11 40 0 33 33 27 40 33 33 22 44 43 13 43 5 16 12 29 30 24 32 38 28 16 28 37 29 49 35 47 39 6 23 34 44 13 35 41 31 31 43 5 38 49 32 22 16 27 19 23 33 44 28 35 18 20 56 25 16 5 5 44 40 31 40
14 29 4 25 20 32 9 15 17 19 25 11 22 17 27 38 10 30 11 5 7 19 28 6 29 16 23 12 5 12 12 25 10 25 11 23 23 11 33 0 26 11 12 16 5 18 15 14 27 30 38 22 32 14 17 12 24 13 27 30 9 31 22 17 10 19 12 39 11 9 12 30 14 11 2 20 14 28 30 17 27 19 29 21 14 10 13 29 24 17 16 29 24 25 17 28 38 17 8 8 18
41 50 24 2 15 7 34 13 31 45 40 32 14 38 49 36 36 9 28 21 31 8 45 21 48 42 13 22 30 30 27 29 22 4 35 44 22 24 33 26 0 17 38 12 22 12 26 24 36 10 38 33 22 12 9 30 44 18 5 40 31 5 5 34 18 45 20 37 19 19 32 39 40 37 25 40 25 29 5 42 47 12 40 7 21 24 14 53 5 41 29 41 41 40 20 28 38 43 30 33 44
24 33 9 16 10 23 19 10 17 30 25 15 12 22 33 32 20 23 12 6 16 9 30 5 32 27 12 8 13 19 16 20 12 14 20 28 16 14 27 11 17 0 23 9 8 7 18 16 26 23 31 22 22 5 8 14 28 11 16 30 15 22 12 24 8 30 12 33 4 8 19 30 23 22 9 24 17 21 21 27 31 8 29 10 9 8 8 37 13 25 16 29 31 26 10 22 31 28 15 17 28
7 27 15 37 32 44 7 26 23 7 26 14 34 16 23 46 6 41 18 17 9 31 26 18 27 4 35 22 11 15 16 31 19 37 9 21 33 18 40 12 38 23 0 27 17 30 19 19 33 41 44 28 42 26 29 16 22 23 39 34 13 43 34 18 21 7 21 46 23 20 13 36 9 2 14 18 18 36 41 9 25 31 33 33 24 19 25 21 36 13 22 30 21 24 27 38 44 5 11 10 10
30 42 12 10 15 16 22 1 26 33 34 24 16 31 42 37 26 15 21 11 19 6 39 11 41 30 15 17 20 18 15 29 10 11 23 37 22 12 33 16 12 9 27 0 10 11 14 12 35 15 38 31 26 5 4 23 37 6 13 39 23 16 8 22 6 33 8 38 13 7 20 39 30 25 15 33 13 29 14 30 40 12 38 8 18 17 2 45 10 33 25 38 29 35 19 28 38 31 18 24 34
19 34 2 20 18 27 12 10 21 23 29 15 20 21 32 38 15 25 15 2 9 15 32 3 33 20 20 12 10 11 9 25 6 21 13 28 23 7 33 5 22 8 17 10 0 15 11 10 30 25 38 26 30 10 13 16 28 8 23 34 13 26 18 16 5 23 8 39 10 4 12 34 19 15 5 24 10 28 24 20 31 16 33 17 14 12 8 34 20 22 20 33 23 29 17 28 38 21 8 13 23
30 36 16 13 4 20 26 12 18 37 27 19 5 25 36 26 26 20 16 13 23 7 32 12 35 34 5 10 19 26 23 18 18 9 27 32 11 20 22 18 12 7 30 11 15 0 24 22 24 21 27 21 16 7 8 18 32 16 10 28 20 17 7 31 14 37 18 27 7 14 26 28 28 29 16 28 23 18 17 34 34 1 27 5 9 12 11 41 8 29 17 29 38 28 8 17 27 35 22 22 33
25 44 11 24 28 30 12 13 32 25 40 26 29 32 41 49 22 26 26 13 10 20 43 14 44 21 29 23 20 5 3 36 6 25 12 38 34 4 44 15 26 18 19 14 11 24 0 2 41 26 49 37 40 17 18 27 39 8 27 45 24 30 22 8 10 22 6 50 21 10 7 45 26 17 16 35 1 39 28 17 42 24 44 22 25 23 13 40 24 30 31 44 15 40 28 39 49 22 8 23 29
25 43 10 22 26 28 12 11 31 25 39 25 27 31 41 48 22 24 25 12 10 18 42 13 43 21 27 22 19 6 3 35 4 23 12 37 32 3 43 14 24 16 19 12 10 22 2 0 40 24 47 36 38 15 16 26 38 6 25 44 23 28 20 10 8 23 4 49 19 8 8 44 26 17 15 34 1 37 26 18 41 22 43 20 24 22 11 40 22 30 30 43 17 39 26 38 47 22 8 22 29
28 20 31 37 21 43 36 36 10 36 10 19 23 18 25 17 27 44 16 28 33 31 15 27 18 37 24 18 23 39 39 7 36 32 37 21 15 37 13 27 36 26 33 35 30 24 41 40 0 45 14 5 21 30 32 17 19 37 32 4 21 41 31 44 34 40 38 18 22 33 39 4 26 34 26 18 40 10 41 42 19 24 4 29 17 18 34 31 31 24 11 7 50 12 16 12 14 37 35 24 29
45 57 26 8 25 5 35 15 39 47 48 39 24 45 56 46 40 1 36 26 33 15 53 26 56 44 23 30 35 30 27 39 23 14 36 52 32 25 43 30 10 23 41 15 25 21 26 24 45 0 48 42 32 18 15 37 51 19 15 49 37 7 14 34 20 46 21 47 26 21 32 49 44 39 30 47 25 39 5 42 54 21 48 16 30 31 17 59 15 47 38 50 41 49 29 38 48 45 31 38 48
42 34 39 40 23 44 47 40 22 50 24 30 24 31 39 3 38 47 27 36 44 34 29 35 32 48 25 26 34 49 47 13 43 34 48 35 16 45 5 38 38 31 44 38 38 27 49 47 14 48 0 18 16 34 35 28 33 42 33 16 32 42 34 54 39 51 43 4 28 39 49 13 39 45 36 32 48 10 43 53 33 27 17 32 24 28 38 45 33 37 22 21 61 26 21 10 0 48 45 35 42
23 17 26 34 19 41 31 32 5 31 7 14 21 13 22 20 22 41 11 24 28 28 12 23 15 32 22 14 18 34 34 7 32 30 32 18 15 33 16 22 33 22 28 31 26 21 37 36 5 42 18 0 22 26 28 12 16 33 30 8 16 38 28 39 30 35 34 21 18 29 34 8 21 29 21 15 36 12 38 37 16 21 7 26 13 14 30 28 28 19 6 8 45 9 13 14 18 32 30 19 24
42 39 31 24 12 28 41 27 23 49 29 30 11 34 44 14 38 31 26 28 38 20 34 27 37 46 11 20 31 41 38 15 34 18 42 40 9 36 12 32 22 22 42 26 30 16 40 38 21 32 16 22 0 22 22 28 38 31 17 25 31 26 19 46 29 49 33 15 21 29 41 23 40 42 30 36 38 11 27 49 38 15 25 18 18 23 26 49 18 40 23 28 53 31 15 9 16 47 37 34 45
28 38 12 11 11 18 22 6 21 33 30 20 11 27 38 33 23 18 17 9 19 5 35 8 37 30 11 12 17 19 16 24 11 11 23 33 18 13 29 14 12 5 26 5 10 7 17 15 30 18 34 26 22 0 3 19 33 9 13 34 19 17 8 24 7 33 11 34 8 7 20 34 27 25 12 29 16 25 16 30 36 7 33 7 13 13 4 41 10 29 20 33 31 31 14 24 34 31 18 21 31
31 41 15 8 12 15 25 5 24 36 33 23 12 30 41 34 26 15 20 12 22 2 38 11 40 33 11 15 20 21 18 26 13 8 26 36 19 15 30 17 9 8 29 4 13 8 18 16 32 15 35 28 22 3 0 22 36 10 10 36 22 14 5 26 9 36 12 35 11 10 23 36 30 28 15 32 17 26 13 33 39 8 35 4 15 16 5 44 7 32 23 36 33 34 16 25 35 34 21 24 34
14 19 16 30 18 37 19 24 7 21 13 2 20 7 18 30 10 37 2 14 17 23 16 13 18 20 21 8 7 24 24 15 22 27 21 14 19 23 24 12 30 14 16 23 16 18 27 26 17 37 28 12 28 19 22 0 14 23 28 19 4 35 25 28 20 23 24 30 11 19 23 20 12 17 11 10 26 20 35 25 17 18 18 23 10 6 22 23 25 12 6 17 34 13 13 22 28 20 19 7 17
15 5 28 45 31 52 29 38 15 22 9 14 33 7 6 36 17 52 16 27 29 37 5 27 5 24 34 22 19 36 36 23 34 41 31 2 29 35 32 24 44 28 22 37 28 32 39 38 19 51 33 16 38 33 36 14 0 36 42 17 15 49 39 40 33 27 36 37 25 32 35 20 13 24 23 4 38 28 49 31 3 32 16 37 24 20 36 12 39 9 16 13 43 7 25 30 33 24 31 16 14
27 41 9 16 20 22 16 5 28 29 36 22 20 29 40 42 23 19 22 9 14 12 39 10 40 25 20 19 18 12 9 31 4 17 17 36 27 6 38 13 18 11 23 6 8 16 8 6 37 19 42 33 31 9 10 23 36 0 19 41 21 22 14 16 3 27 2 43 15 4 14 41 27 21 13 32 7 32 20 24 39 16 40 14 20 19 5 42 16 30 27 40 23 36 21 33 42 26 12 21 31
40 46 25 7 11 11 35 14 27 46 36 29 9 35 46 31 36 14 26 22 32 8 41 21 44 43 8 20 29 31 28 25 23 2 36 42 17 25 28 27 5 16 39 13 23 10 27 25 32 15 33 30 17 13 10 28 42 19 0 36 30 9 5 35 19 46 21 32 17 20 33 35 38 38 25 38 26 24 10 43 44 10 36 6 19 22 15 51 3 39 27 38 42 37 17 23 33 44 31 32 43
29 18 34 41 25 47 38 40 13 37 9 21 27 18 23 19 28 48 19 32 36 35 13 31 16 37 28 22 26 42 42 11 40 36 40 19 19 41 16 30 40 30 34 39 34 28 45 44 4 49 16 8 25 34 36 19 17 41 36 0 23 45 35 47 38 40 42 20 26 37 42 3 26 35 29 18 44 14 45 43 17 28 1 33 21 22 38 29 35 24 14 5 53 10 20 16 16 37 38 25 29
11 20 13 30 21 37 15 23 11 18 16 2 23 8 19 34 7 37 5 12 14 24 19 12 20 17 24 11 4 21 21 19 19 29 17 15 22 20 28 9 31 15 13 23 13 20 24 23 21 37 32 16 31 19 22 4 15 21 30 23 0 36 26 25 18 20 21 34 13 17 20 24 9 13 8 11 23 24 35 21 18 21 22 25 13 8 21 22 28 10 10 20 30 16 16 25 32 17 16 3 14
45 55 28 6 20 2 38 17 36 49 45 37 18 43 54 40 40 6 33 26 35 13 50 25 53 46 17 27 34 34 31 34 26 9 39 49 26 28 37 31 5 22 43 16 26 17 30 28 41 7 42 38 26 17 14 35 49 22 9 45 36 0 10 38 22 49 24 41 24 23 36 44 44 41 29 45 29 33 2 46 51 17 44 12 26 29 18 58 10 46 34 46 45 45 25 32 42 47 34 38 48
36 44 20 6 11 12 30 9 26 41 35 26 10 32 43 32 31 13 23 17 27 3 40 16 43 38 9 17 25 26 23 25 18 3 31 39 18 20 29 22 5 12 34 8 18 7 22 20 31 14 34 28 19 8 5 25 39 14 5 35 26 10 0 30 14 41 16 33 14 15 28 35 35 33 20 35 21 25 10 38 41 7 34 2 16 19 10 48 2 36 24 36 37 35 15 24 34 39 26 29 39
25 45 15 32 34 38 11 21 34 21 41 27 35 33 41 54 23 34 28 18 11 28 44 19 45 17 35 28 21 5 8 41 13 33 9 39 39 11 49 17 34 24 18 22 16 31 8 10 44 34 54 39 46 24 26 28 40 16 35 47 25 38 30 0 17 17 14 55 26 17 5 47 27 16 19 36 9 44 36 12 43 31 46 30 30 27 21 39 32 31 33 45 7 41 33 44 54 18 9 24 28
24 38 6 16 18 22 16 5 25 27 33 19 18 26 37 40 20 20 19 6 13 11 36 7 37 24 18 16 15 12 9 28 4 17 17 33 24 6 35 10 18 8 21 6 5 14 10 8 34 20 39 30 29 7 9 20 33 3 19 38 18 22 14 17 0 27 4 41 12 1 14 38 24 19 10 29 9 29 20 24 36 14 37 13 17 16 4 39 16 27 24 37 24 33 18 30 39 25 12 18 28
12 32 21 43 39 49 11 32 30 6 32 21 41 22 27 53 13 46 25 24 14 38 32 25 32 3 42 29 18 17 20 38 23 44 11 26 40 22 47 19 45 30 7 33 23 37 22 23 40 46 51 35 49 33 36 23 27 27 46 40 20 49 41 17 27 0 25 53 30 26 15 43 14 8 21 23 22 43 47 5 30 38 39 40 31 26 31 25 43 18 29 36 17 30 34 45 51 3 15 17 14
26 41 8 18 22 24 14 7 29 27 37 23 22 29 40 44 22 20 23 10 12 14 40 11 41 23 22 20 17 10 7 32 2 19 15 36 28 4 39 12 20 12 21 8 8 18 6 4 38 21 43 34 33 11 12 24 36 2 21 42 21 24 16 14 4 25 0 45 16 5 12 42 26 19 13 32 5 33 22 22 39 18 41 16 21 20 7 41 18 29 28 41 21 37 22 34 43 24 10 20 30
44 38 40 39 23 43 48 40 24 52 28 32 24 34 43 1 40 46 29 37 46 33 33 36 36 50 24 27 36 50 48 15 45 33 50 39 17 46 6 39 37 33 46 38 39 27 50 49 18 47 4 21 15 34 35 30 37 43 32 20 34 41 33 55 41 53 45 0 29 40 50 17 41 47 37 36 49 11 42 55 37 27 21 31 25 29 38 49 32 40 24 25 62 30 22 11 4 50 46 37 45
23 30 11 19 9 26 20 14 13 30 22 12 11 18 29 28 19 26 9 8 18 12 27 7 29 27 12 4 12 21 19 16 15 16 22 25 13 17 23 11 19 4 23 13 10 7 21 19 22 26 28 18 21 8 11 11 25 15 17 26 13 24 14 26 12 30 16 29 0 11 21 26 21 22 9 21 20 18 24 28 28 8 25 12 5 5 12 34 15 22 12 25 33 23 7 19 28 28 17 15 26
23 37 5 17 18 23 15 6 24 26 32 18 18 25 36 39 19 21 18 5 12 12 35 6 36 23 18 15 14 12 9 27 4 18 16 32 24 6 34 9 19 8 20 7 4 14 10 8 33 21 39 29 29 7 10 19 32 4 20 37 17 23 15 17 1 26 5 40 11 0 13 37 23 18 9 28 9 29 21 23 35 14 36 14 16 15 5 38 17 26 23 36 24 32 18 30 39 24 11 17 27
20 40 10 30 29 36 6 19 29 18 36 22 31 28 36 50 18 32 23 13 6 25 39 14 40 14 31 23 16 2 5 36 10 31 5 34 34 8 44 12 32 19 13 20 12 26 7 8 39 32 49 34 41 20 23 23 35 14 33 42 20 36 28 5 14 15 12 50 21 13 0 42 22 11 14 31 7 39 34 10 38 27 41 27 25 22 18 34 30 26 28 40 12 36 28 39 49 15 4 19 23
31 21 34 41 24 46 39 40 13 39 12 22 26 21 26 16 30 48 19 32 36 35 16 31 19 40 27 22 26 42 42 10 40 35 40 22 18 41 13 30 39 30 36 39 34 28 45 44 4 49 13 8 23 34 36 20 20 41 35 3 24 44 35 47 38 43 42 17 26 37 42 0 29 37 29 20 44 12 44 45 20 28 4 33 21 22 38 32 34 26 14 8 53 13 20 14 13 40 38 27 31
2 18 18 39 30 46 16 29 18 10 18 10 32 8 14 41 4 44 14 19 16 32 17 19 18 11 33 20 10 23 23 26 24 37 18 12 31 24 35 14 40 23 9 30 19 28 26 26 26 44 39 21 40 27 30 12 13 27 38 26 9 44 35 27 24 14 26 41 21 23 22 29 0 11 15 9 25 31 43 18 16 29 25 33 22 17 27 15 36 4 17 22 30 16 25 33 39 11 18 6 5
9 29 13 35 31 42 5 24 24 8 27 15 33 17 25 47 7 39 18 16 7 30 28 17 29 5 34 22 11 13 14 32 17 36 7 23 33 16 41 11 37 22 2 25 15 29 17 17 34 39 45 29 42 25 28 17 24 21 38 35 13 41 33 16 19 8 19 47 22 18 11 37 11 0 13 20 16 37 39 8 27 30 34 32 24 19 23 23 35 15 23 31 19 25 27 38 45 6 9 10 12
15 28 5 24 18 31 11 15 16 21 24 10 20 16 27 36 11 30 10 4 9 17 27 4 28 18 21 10 5 14 13 23 11 23 13 23 21 12 31 2 25 9 14 15 5 16 16 15 26 30 36 21 30 12 15 11 23 13 25 29 8 29 20 19 10 21 13 37 9 9 14 29 15 13 0 19 15 26 28 19 26 17 28 19 12 8 13 30 22 18 15 28 26 24 15 26 36 19 10 9 19
11 9 24 41 28 48 25 34 13 19 9 10 30 3 8 35 13 48 12 23 25 33 8 23 9 20 31 18 15 32 32 22 30 37 27 4 27 31 31 20 40 24 18 33 24 28 35 34 18 47 32 15 36 29 32 10 4 32 38 18 11 45 35 36 29 23 32 36 21 28 31 20 9 20 19 0 34 27 45 27 7 28 16 33 20 16 32 13 35 6 13 13 39 7 23 29 32 20 27 12 11
24 43 10 23 27 29 11 12 31 24 39 25 27 31 40 48 21 25 25 12 9 19 42 13 43 20 27 22 19 5 2 35 5 24 11 37 33 3 43 14 25 17 18 13 10 23 1 1 40 25 48 36 38 16 17 26 38 7 26 44 23 29 21 9 9 22 5 49 20 9 7 44 25 16 15 34 0 38 27 17 41 23 43 21 24 22 12 39 23 29 30 43 16 39 27 38 48 21 7 22 28
34 29 29 31 14 35 37 30 14 41 19 22 15 25 34 10 30 38 19 26 35 25 24 25 27 40 16 16 26 39 37 5 33 25 39 30 7 35 5 28 29 21 36 29 28 18 39 37 10 39 10 12 11 25 26 20 28 32 24 14 24 33 25 44 29 43 33 11 18 29 39 12 31 37 26 27 38 0 34 45 28 18 14 23 14 18 29 40 24 31 14 17 51 21 11 2 10 40 35 27 36
44 54 26 5 20 2 36 15 36 47 45 36 19 42 53 41 39 4 33 25 33 12 50 24 53 44 18 27 33 32 29 34 24 9 37 49 27 26 38 30 5 21 41 14 24 17 28 26 41 5 43 38 27 16 13 35 49 20 10 45 35 2 10 36 20 47 22 42 24 21 34 44 43 39 28 45 27 34 0 44 51 17 44 12 26 29 16 57 10 45 34 46 43 45 25 33 43 45 32 37 47
16 36 18 40 37 46 8 29 32 11 35 23 39 25 32 55 15 42 26 21 11 35 35 22 36 7 39 29 19 12 15 40 20 41 7 30 40 18 49 17 42 27 9 30 20 34 17 18 42 42 53 37 49 30 33 25 31 24 43 43 21 46 38 12 24 5 22 55 28 23 10 45 18 8 19 27 17 45 44 0 34 35 42 37 31 27 28 30 40 22 31 39 12 33 34 45 53 8 12 18 19
18 2 31 47 33 54 32 41 17 24 9 17 35 10 6 36 20 54 19 30 32 40 4 30 2 27 36 25 22 39 39 23 37 44 34 4 31 38 32 27 47 31 25 40 31 34 42 41 19 54 33 16 38 36 39 17 3 39 44 17 18 51 41 43 36 30 39 37 28 35 38 20 16 27 26 7 41 28 51 34 0 35 16 39 25 23 39 12 42 12 17 12 46 7 27 30 33 27 34 19 16
31 37 17 13 4 19 27 13 18 38 27 20 4 25 36 26 27 20 16 14 24 7 32 13 35 35 4 10 20 26 23 18 18 8 28 32 11 20 22 19 12 8 31 12 16 1 24 22 24 21 27 21 15 7 8 18 32 16 10 28 21 17 7 31 14 38 18 27 8 14 27 28 29 30 17 28 23 18 17 35 35 0 27 5 9 13 11 41 7 30 17 29 38 28 8 17 27 36 23 23 34
27 17 33 41 25 47 37 39 12 35 8 20 27 17 22 20 27 48 18 31 35 34 12 30 15 36 28 21 25 41 41 11 39 36 39 18 19 40 16 29 40 29 33 38 33 27 44 43 4 48 17 7 25 33 35 18 16 40 36 1 22 44 34 46 37 39 41 21 25 36 41 4 25 34 28 16 43 14 44 42 16 27 0 32 20 21 37 28 34 22 13 4 52 9 19 16 17 36 37 24 27
34 41 19 8 9 14 29 9 23 40 32 24 8 30 41 30 30 15 21 16 26 2 37 15 40 37 7 15 23 25 22 23 17 4 30 37 16 19 27 21 7 10 33 8 17 5 22 20 29 16 32 26 18 7 4 23 37 14 6 33 25 12 2 30 13 40 16 31 12 14 27 33 33 32 19 33 21 23 12 37 39 5 32 0 14 17 9 46 3 34 22 34 37 33 13 22 32 38 25 27 38
24 27 15 22 8 28 23 19 9 31 18 12 10 17 28 24 20 29 8 12 21 15 23 11 26 28 11 2 13 25 23 11 20 17 25 24 9 21 19 14 21 9 24 18 14 9 25 24 17 30 24 13 18 13 15 10 24 20 19 21 13 26 16 30 17 31 21 25 5 16 25 21 22 24 12 20 24 14 26 31 25 9 20 14 0 5 17 33 16 22 8 21 37 19 3 14 24 29 21 16 27
19 25 13 24 13 31 19 18 9 26 17 7 15 13 24 28 15 31 4 10 17 17 22 9 24 23 16 3 8 22 21 15 18 21 21 20 14 19 23 10 24 8 19 17 12 12 23 22 18 31 28 14 23 13 16 6 20 19 22 22 8 29 19 27 16 26 20 29 5 15 22 22 17 19 8 16 22 18 29 27 23 13 21 17 5 0 16 29 20 17 8 21 34 18 8 19 28 24 18 11 22
27 41 10 12 15 18 20 2 25 31 33 22 15 29 40 37 23 17 20 9 17 7 38 9 40 28 15 16 18 16 13 28 8 13 21 36 22 10 33 13 14 8 25 2 8 11 13 11 34 17 38 30 26 4 5 22 36 5 15 38 21 18 10 21 4 31 7 38 12 5 18 38 27 23 13 32 12 29 16 28 39 11 37 9 17 16 0 42 12 30 24 37 28 34 18 28 38 29 16 21 31
15 12 33 52 41 59 29 44 26 19 21 22 43 16 6 48 19 59 25 34 30 46 16 34 14 23 44 31 25 37 37 35 39 50 30 10 40 39 44 29 53 37 21 45 34 41 40 40 31 59 45 28 49 41 44 23 12 42 51 29 22 58 48 39 39 25 41 49 34 38 34 32 15 23 30 13 39 40 57 30 12 41 28 46 33 29 42 0 48 12 26 24 42 19 36 42 45 22 32 21 11
37 44 22 7 10 12 32 11 25 43 34 27 9 32 43 31 33 14 23 19 29 5 39 18 42 40 8 17 26 28 25 24 20 1 33 39 17 22 28 24 5 13 36 10 20 8 24 22 31 15 33 28 18 10 7 25 39 16 3 35 28 10 2 32 16 43 18 32 15 17 30 34 36 35 22 35 23 24 10 40 42 7 34 3 16 20 12 48 0 37 24 36 39 35 15 23 33 41 28 30 41
6 14 22 40 30 47 20 33 17 13 15 10 32 6 10 39 8 47 14 22 20 34 14 22 14 15 33 20 13 27 27 26 28 39 22 8 31 28 35 17 41 25 13 33 22 29 30 30 24 47 37 19 40 29 32 12 9 30 39 24 10 46 36 31 27 18 29 40 22 26 26 26 4 15 18 6 29 31 45 22 12 30 22 34 22 17 30 12 37 0 17 19 34 13 25 33 37 15 22 9 5
19 19 20 30 16 36 24 26 1 27 10 8 18 11 21 23 16 37 5 18 22 23 15 17 18 26 19 8 12 28 28 9 26 25 26 17 14 27 18 16 29 16 22 25 20 17 31 30 11 38 22 6 23 20 23 6 16 27 27 14 10 34 24 33 24 29 28 24 12 23 28 14 17 23 15 13 30 14 34 31 17 17 13 22 8 8 24 26 24 17 0 13 39 11 10 16 22 26 24 13 22
25 13 33 42 27 49 35 39 12 33 5 18 29 14 18 24 24 49 18 31 34 36 8 30 11 33 30 21 24 41 41 14 39 38 37 15 22 40 20 29 41 29 30 38 33 29 44 43 7 50 21 8 28 33 36 17 13 40 38 5 20 46 36 45 37 36 41 25 25 36 40 8 22 31 28 13 43 17 46 39 12 29 4 34 21 21 37 24 36 19 13 0 50 6 21 19 21 33 36 22 24
28 48 22 39 41 45 15 28 40 23 46 32 42 36 44 61 26 41 34 25 17 35 47 26 48 19 42 35 27 12 15 48 20 40 13 42 46 18 56 24 41 31 21 29 23 38 15 17 50 41 61 45 53 31 33 34 43 23 42 53 30 45 37 7 24 17 21 62 33 24 12 53 30 19 26 39 16 51 43 12 46 38 52 37 37 34 28 42 39 34 39 50 0 44 40 51 61 20 16 28 31
18 8 29 41 26 47 30 36 10 26 2 14 28 8 13 29 18 48 14 27 30 34 4 26 7 27 29 19 20 37 37 16 35 36 32 9 24 36 25 25 40 26 24 35 29 28 40 39 12 49 26 9 31 31 34 13 7 36 37 10 16 45 35 41 33 30 37 30 23 32 36 13 16 25 24 7 39 21 45 33 7 28 9 33 19 18 34 19 35 13 11 6 44 0 20 23 26 27 32 17 18
27 28 18 21 6 27 26 20 10 34 19 15 8 20 31 21 23 28 11 15 24 15 24 14 27 31 9 5 16 28 26 10 22 16 28 27 6 24 16 17 20 10 27 19 17 8 28 26 16 29 21 13 15 14 16 13 25 21 17 20 16 25 15 33 18 34 22 22 7 18 28 20 25 27 15 23 27 11 25 34 27 8 19 13 3 8 18 36 15 25 10 21 40 20 0 12 21 32 24 19 30
35 31 29 30 13 34 37 29 16 43 21 24 14 27 36 10 32 37 20 26 35 24 26 25 29 42 15 16 27 39 37 7 34 24 39 32 6 35 5 28 28 22 38 28 28 17 39 38 12 38 10 14 9 24 25 22 30 33 23 16 25 32 24 44 30 45 34 11 19 30 39 14 33 38 26 29 38 2 33 45 30 17 16 22 14 19 28 42 23 33 16 19 51 23 12 0 10 42 35 28 38
41 34 39 40 23 44 47 39 22 49 24 30 24 31 39 3 38 47 27 36 44 34 29 35 32 48 25 26 34 49 47 13 43 34 48 35 16 45 5 38 38 31 44 38 38 27 49 47 14 48 0 18 16 34 35 28 33 42 33 16 32 42 34 54 39 51 43 4 28 39 49 13 39 45 36 32 48 10 43 53 33 27 17 32 24 28 38 45 33 37 22 21 61 26 21 10 0 48 45 35 42
9 29 19 41 37 48 10 30 27 3 29 18 39 19 24 50 10 45 22 22 13 36 29 23 29 1 40 27 16 17 19 35 22 42 10 23 38 21 44 17 43 28 5 31 21 35 22 22 37 45 48 32 47 31 34 20 24 26 44 37 17 47 39 18 25 3 24 50 28 24 15 40 11 6 19 20 21 40 45 8 27 36 36 38 29 24 29 22 41 15 26 33 20 27 32 42 48 0 14 14 11
17 36 6 28 25 34 4 17 25 17 32 18 27 24 32 46 14 30 19 9 2 23 35 10 36 13 27 19 12 5 5 32 8 29 5 30 30 7 40 8 30 15 11 18 8 22 8 8 35 31 45 30 37 18 21 19 31 12 31 38 16 34 26 9 12 15 10 46 17 11 4 38 18 9 10 27 7 35 32 12 34 23 37 25 21 18 16 32 28 22 24 36 16 32 24 35 45 14 0 15 21
8 21 12 32 24 39 13 23 14 15 18 5 26 9 19 36 4 38 8 13 13 26 20 13 21 14 27 14 4 20 20 22 18 31 15 15 25 19 31 8 33 17 10 24 13 22 23 22 24 38 35 19 34 21 24 7 16 21 32 25 3 38 29 24 18 17 20 37 15 17 19 27 6 10 9 12 22 27 37 18 19 23 24 27 16 11 21 21 30 9 13 22 28 17 19 28 35 14 15 0 11
4 18 22 43 35 50 17 33 22 8 20 15 37 11 13 44 8 48 19 23 19 37 19 23 18 12 38 25 15 25 26 31 28 42 19 12 36 28 40 18 44 28 10 34 23 33 29 29 29 48 42 24 45 31 34 17 14 31 43 29 14 48 39 28 28 14 30 45 26 27 23 31 5 12 19 11 28 36 47 19 16 34 27 38 27 22 31 11 41 5 22 24 31 18 30 38 42 11 21 11 0
0         862      
231       274      
0         37       
60        125      
135       157      
80        118      
292       337      
53        67       
457       515      
356       418      
449       482      
211       244      
162       191      
216       263      
226       266      
519       562      
0         33       
72        117      
205       231      
0         48       
317       342      
39        102      
246       288      
153       187      
628       664      
371       395      
127       176      
177       225      
4         27       
325       342      
38        88       
503       520      
20        51       
91        123      
407       427      
211       249      
508       533      
4         45       
514       563      
11        19       
65        107      
135       162      
385       400      
665       700      
9         34       
132       171      
32        55       
41        55       
269       305      
796       815      
537       564      
270       319      
488       553      
59        78       
167       209      
280       329      
228       296      
31        81       
67        92       
263       319      
213       251      
87        142      
57        90       
308       366      
148       204      
354       391      
5         46       
529       583      
568       595      
15        40       
336       371      
274       285      
394       462      
584       606      
309       325      
224       253      
31        57       
484       545      
104       143      
356       390      
221       270      
127       151      
459       519      
125       130      
185       222      
172       204      
47        95       
440       452      
65        103      
231       239      
296       306      
270       287      
321       358      
249       291      
164       203      
555       565      
716       768      
379       436      
297       344      
0         16       
672       738      
