101
0 39 44 31 28 36 28 30 31 4 52 34 27 17 13 38 16 26 35 20 12 30 9 31 38 46 32 17 20 30 38 22 38 5 21 46 20 5 2 51 31 37 18 33 9 22 26 32 22 47 29 35 5 36 8 32 26 28 24 36 39 15 26 12 21 38 39 36 20 15 43 24 43 27 17 36 24 16 16 17 4 2 26 44 25 39 39 42 35 44 32 19 22 24 39 36 6 11 30 34 13
39 0 29 8 12 31 20 20 15 39 31 8 20 22 41 19 23 16 16 19 27 45 30 48 39 26 28 22 20 39 32 38 24 39 25 13 31 43 37 33 48 43 21 7 38 44 14 40 43 24 10 49 34 15 31 37 13 15 23 48 34 24 28 36 27 15 11 31 25 28 26 19 21 25 32 25 36 23 44 44 43 41 31 17 45 19 10 36 5 32 13 27 17 25 17 28 41 29 29 8 26
44 29 0 31 36 10 45 15 18 47 9 36 18 29 37 11 36 40 45 31 39 31 38 34 16 6 12 36 36 23 8 29 6 40 23 21 25 44 42 8 34 22 27 25 50 35 23 23 34 8 26 32 40 44 41 19 28 20 21 30 10 34 19 49 23 14 40 10 45 44 4 42 9 16 28 8 25 34 38 37 47 46 21 15 34 10 20 10 33 3 41 24 31 18 12 7 40 41 15 22 32
31 8 31 0 5 29 14 17 13 31 33 5 16 14 33 20 15 9 14 11 19 41 22 44 37 28 25 14 12 35 30 33 25 31 19 19 25 35 29 35 43 39 13 6 30 38 9 36 37 26 5 45 26 13 23 33 5 11 17 43 32 16 24 29 21 17 11 29 18 21 28 12 23 21 25 24 30 15 37 36 35 33 27 21 39 21 14 35 4 34 10 20 9 21 19 27 33 21 25 9 18
28 12 36 5 0 33 9 21 18 28 38 6 20 12 32 25 12 4 10 9 16 42 19 44 41 33 29 11 8 37 35 33 30 28 20 24 26 32 26 40 44 43 13 11 26 38 13 38 37 31 10 46 23 11 20 36 8 16 20 45 37 13 27 24 22 22 11 33 12 16 33 7 28 25 24 29 31 12 36 35 32 30 29 26 39 26 19 40 7 39 6 21 7 24 24 32 30 18 29 14 16
36 31 10 29 33 0 42 12 17 39 19 34 14 25 28 13 32 37 43 28 34 21 31 24 8 16 4 32 33 13 2 18 8 32 16 26 16 35 35 17 24 13 23 25 43 25 20 13 24 18 24 22 32 42 34 9 25 17 15 20 4 30 10 43 15 17 40 0 42 40 13 39 16 9 19 7 15 30 28 26 39 38 11 22 24 14 24 7 32 9 38 16 28 11 16 4 32 36 6 23 26
28 20 45 14 9 42 0 30 27 26 47 12 28 18 36 34 13 5 8 15 16 48 20 50 48 42 38 13 10 44 44 39 39 29 27 33 32 32 26 49 50 50 20 20 24 43 22 45 42 40 19 52 24 10 20 43 17 25 27 52 46 15 34 21 29 31 13 42 8 13 42 4 37 33 30 38 38 15 40 39 31 28 36 35 45 35 28 49 15 48 7 27 14 31 33 41 31 17 37 23 19
30 20 15 17 21 12 30 0 5 32 21 22 3 14 26 8 21 25 31 16 24 26 22 29 19 16 8 21 21 19 14 21 9 27 9 20 15 31 28 22 29 23 12 13 34 28 8 20 27 16 11 29 25 30 25 17 13 5 6 28 16 19 10 34 11 10 28 12 30 29 14 27 13 6 16 8 18 19 29 28 33 32 13 17 28 10 15 19 20 18 26 11 16 8 10 11 28 26 10 12 17
31 15 18 13 18 17 27 5 0 33 22 18 7 14 30 7 20 22 27 14 24 31 23 34 24 16 13 19 19 24 17 25 12 29 13 16 19 33 29 23 34 28 12 8 35 32 5 25 31 15 8 34 26 26 26 22 10 2 10 33 19 19 14 34 15 7 24 17 28 27 15 24 12 11 20 11 22 18 33 32 35 33 17 14 32 9 11 22 16 21 23 15 13 12 8 14 31 26 15 7 17
4 39 47 31 28 39 26 32 33 0 53 34 29 19 17 40 16 26 34 20 12 34 10 35 42 48 36 17 20 34 41 26 41 9 23 48 23 7 4 54 35 41 20 34 5 26 28 36 26 48 30 39 7 36 8 36 26 30 26 40 43 15 29 8 24 40 39 39 18 13 46 23 45 30 20 39 28 16 20 21 4 2 29 46 29 41 41 45 35 48 32 22 22 27 41 39 10 10 33 36 15
52 31 9 33 38 19 47 21 22 53 0 38 24 35 46 14 42 42 47 36 45 40 43 43 25 5 20 41 41 32 17 37 12 48 30 18 33 52 49 2 43 31 33 27 55 44 27 32 43 7 28 41 46 46 46 28 31 24 27 39 19 40 27 55 30 16 42 19 49 49 7 45 10 23 35 14 34 40 46 45 54 53 29 14 43 12 21 19 35 11 43 31 35 25 14 16 47 47 24 24 38
34 8 36 5 6 34 12 22 18 34 38 0 21 18 38 25 18 8 9 14 22 46 25 49 41 33 30 17 14 40 35 38 30 34 24 21 30 38 32 40 48 44 18 11 32 43 14 41 42 31 10 50 29 8 26 38 10 16 22 48 37 19 29 29 26 22 6 34 17 21 33 11 28 26 30 29 35 18 42 41 38 36 32 24 44 26 17 40 3 39 5 25 13 26 24 32 36 24 30 14 21
27 20 18 16 20 14 28 3 7 29 24 21 0 11 23 11 18 23 30 14 21 24 19 27 20 19 10 18 19 18 16 18 12 24 6 23 12 28 25 25 27 23 9 13 31 25 7 19 24 19 11 28 22 29 22 16 12 5 3 27 18 16 7 31 8 13 27 14 28 26 17 25 16 5 13 11 15 16 26 25 30 29 10 20 25 13 18 21 20 21 25 8 14 5 13 13 25 23 9 13 14
17 22 29 14 12 25 18 14 14 19 35 18 11 0 20 21 7 14 22 4 10 29 9 32 31 30 21 7 8 25 27 20 23 17 9 28 14 21 16 36 31 31 2 16 21 25 10 26 25 29 12 33 12 23 12 25 9 12 10 33 29 5 16 20 11 21 23 25 17 15 28 14 26 16 12 22 20 5 24 23 21 19 18 28 27 23 23 32 18 32 18 9 5 14 22 24 19 12 20 18 4
13 41 37 33 32 28 36 26 30 17 46 38 23 20 0 33 22 33 42 24 21 17 16 18 28 41 25 22 25 18 30 10 32 8 17 46 12 10 13 45 18 25 20 35 22 9 28 20 9 42 31 22 13 42 17 21 28 28 20 23 30 20 18 24 15 36 43 28 30 25 37 31 38 21 10 30 13 21 4 4 14 15 17 43 12 35 41 32 37 37 38 15 25 19 36 30 7 20 22 36 17
38 19 11 20 25 13 34 8 7 40 14 25 11 21 33 0 27 29 34 21 31 32 30 35 21 9 11 26 26 24 12 28 5 35 17 13 22 39 36 16 35 26 19 14 42 35 12 24 34 8 15 33 33 33 33 20 17 9 14 32 14 26 17 41 18 4 29 13 35 34 8 31 5 13 23 6 25 25 36 35 41 40 20 10 35 2 11 17 22 14 30 19 20 15 3 9 36 33 15 11 24
16 23 36 15 12 32 13 21 20 16 42 18 18 7 22 27 0 11 20 5 4 34 7 37 38 36 28 1 4 31 34 25 30 16 16 33 19 20 14 43 36 38 9 19 15 30 15 33 29 35 15 38 11 21 8 32 11 17 17 39 36 2 23 14 18 27 23 32 10 8 35 9 32 23 17 29 25 2 26 26 20 18 25 32 32 29 26 39 19 39 17 16 7 21 28 31 18 6 27 21 6
26 16 40 9 4 37 5 25 22 26 42 8 23 14 33 29 11 0 9 10 14 43 18 46 43 37 33 10 7 39 39 34 34 27 22 28 28 30 24 44 45 45 15 15 24 39 17 40 39 35 14 47 22 10 18 38 12 20 22 47 41 12 29 21 24 26 13 37 8 13 37 3 32 28 26 33 33 12 37 36 30 28 31 30 41 30 23 44 11 43 6 23 9 26 28 36 29 16 32 18 16
35 16 45 14 10 43 8 31 27 34 47 9 30 22 42 34 20 9 0 19 23 51 27 54 50 42 39 19 16 47 44 42 39 36 30 29 36 39 33 49 53 53 23 20 32 47 22 48 47 40 19 55 31 2 27 46 18 25 30 55 46 21 37 29 32 31 7 42 16 21 42 11 37 35 34 38 41 21 46 45 38 36 39 33 49 35 26 49 12 48 4 31 17 34 33 41 38 24 39 23 25
20 19 31 11 9 28 15 16 14 20 36 14 14 4 24 21 5 10 19 0 9 33 11 36 34 30 24 5 5 29 30 24 25 20 12 27 18 24 18 37 35 35 5 13 20 29 10 30 29 29 9 37 15 20 12 28 6 12 13 37 32 5 19 19 14 21 20 28 14 13 29 11 26 19 16 24 23 4 28 27 24 22 21 27 31 23 21 35 15 34 15 13 2 17 22 27 22 11 23 15 7
12 27 39 19 16 34 16 24 24 12 45 22 21 10 21 31 4 14 23 9 0 34 5 37 40 39 30 5 8 33 36 26 33 14 18 36 21 16 10 46 37 40 12 22 10 29 19 35 29 38 18 39 8 24 4 34 15 21 19 40 38 5 25 9 20 30 27 34 10 6 38 12 35 25 18 32 27 5 25 25 16 14 27 36 32 32 30 41 23 42 20 18 11 23 31 34 16 2 29 24 8
30 45 31 41 42 21 48 26 31 34 40 46 24 29 17 32 34 43 51 33 34 0 29 3 16 37 21 34 37 8 23 8 29 25 21 45 15 27 30 38 3 11 28 37 39 8 31 8 8 39 35 5 29 52 32 12 35 29 23 6 21 32 16 41 18 35 51 21 44 39 34 43 37 20 16 27 9 32 14 13 31 32 13 42 5 34 41 22 44 29 47 20 34 18 35 25 24 35 17 37 27
9 30 38 22 19 31 20 22 23 10 43 25 19 9 16 30 7 18 27 11 5 29 0 32 36 38 27 8 11 29 33 21 31 9 15 37 17 13 7 44 32 36 10 24 12 24 18 31 24 38 20 34 4 28 3 30 17 20 17 35 34 6 21 12 16 30 30 31 15 10 36 16 35 22 14 30 23 7 20 20 13 11 23 36 27 31 31 37 26 39 24 14 13 19 31 31 11 6 25 26 5
31 48 34 44 44 24 50 29 34 35 43 49 27 32 18 35 37 46 54 36 37 3 32 0 18 40 24 37 40 11 26 11 32 26 24 48 18 28 31 41 0 13 31 40 40 9 34 11 9 42 38 4 31 55 35 15 38 32 26 6 24 35 19 42 21 38 54 24 47 42 37 46 40 23 19 30 12 35 15 14 32 33 16 45 6 37 44 24 47 32 50 23 37 21 38 28 25 38 20 40 30
38 39 16 37 41 8 48 19 24 42 25 41 20 31 28 21 38 43 50 34 40 16 36 18 0 22 11 38 39 9 8 17 15 34 22 33 19 37 38 23 18 6 29 32 46 22 27 8 21 24 30 16 36 49 39 6 32 24 21 14 6 36 15 48 20 25 47 8 48 46 19 45 23 15 22 15 14 36 27 25 40 40 13 29 21 21 31 6 39 14 45 22 34 17 23 11 33 42 11 31 32
46 26 6 28 33 16 42 16 16 48 5 33 19 30 41 9 36 37 42 30 39 37 38 40 22 0 16 35 35 29 14 33 8 43 25 14 29 47 44 7 40 28 28 22 49 40 21 29 39 2 23 38 41 41 41 25 26 18 22 36 16 35 23 48 26 11 37 16 44 43 3 40 5 19 31 10 30 34 42 41 49 48 25 9 40 7 16 16 30 9 38 27 29 21 9 12 43 41 20 19 33
32 28 12 25 29 4 38 8 13 36 20 30 10 21 25 11 28 33 39 24 30 21 27 24 11 16 0 28 29 13 6 17 8 28 12 24 13 32 31 20 24 15 19 21 39 24 16 13 23 18 19 22 29 38 30 9 21 13 11 21 8 26 7 39 12 15 36 4 38 36 13 35 16 5 16 6 14 26 26 25 35 34 9 21 24 13 22 11 28 12 34 13 24 7 14 5 29 32 4 20 22
17 22 36 14 11 32 13 21 19 17 41 17 18 7 22 26 1 10 19 5 5 34 8 37 38 35 28 0 3 32 34 26 30 17 16 32 20 21 15 42 37 38 9 18 15 30 14 33 29 34 14 39 12 20 9 32 11 17 17 40 36 2 23 14 18 26 22 32 10 8 34 9 31 23 17 29 26 2 26 26 21 19 25 32 32 28 26 39 18 39 16 16 6 21 27 31 19 7 27 20 6
20 20 36 12 8 33 10 21 19 20 41 14 19 8 25 26 4 7 16 5 8 37 11 40 39 35 29 3 0 33 35 28 30 20 17 30 22 24 18 42 39 39 10 17 18 33 13 34 32 34 13 41 15 17 12 33 10 16 18 41 37 5 24 17 19 25 19 33 9 9 34 6 31 24 20 29 28 5 29 29 24 22 26 31 35 27 24 40 15 39 13 17 5 22 26 32 22 10 28 19 9
30 39 23 35 37 13 44 19 24 34 32 40 18 25 18 24 31 39 47 29 33 8 29 11 9 29 13 32 33 0 15 8 21 25 16 37 12 28 30 30 11 7 23 31 39 13 25 2 12 31 29 10 29 47 32 4 29 23 17 9 13 29 10 41 14 27 45 13 41 39 26 39 29 13 15 19 6 30 18 16 32 32 7 34 12 26 34 15 38 21 43 16 29 12 27 17 24 35 9 31 25
38 32 8 30 35 2 44 14 17 41 17 35 16 27 30 12 34 39 44 30 36 23 33 26 8 14 6 34 35 15 0 20 7 34 18 25 18 37 37 15 26 14 25 25 45 27 22 15 26 16 25 24 34 43 36 11 27 19 17 22 2 32 12 45 17 16 41 2 44 42 11 41 15 11 21 6 17 32 30 28 41 40 13 21 26 13 23 5 33 7 40 18 30 13 15 3 34 38 8 23 28
22 38 29 33 33 18 39 21 25 26 37 38 18 20 10 28 25 34 42 24 26 8 21 11 17 33 17 26 28 8 20 0 25 17 13 41 7 19 22 35 11 15 20 31 31 7 24 10 6 35 28 13 21 43 24 11 27 23 16 14 20 23 11 33 11 31 43 18 35 31 30 34 33 15 8 23 3 24 9 8 23 24 8 38 7 30 36 22 37 27 38 12 25 13 31 21 16 27 13 31 19
38 24 6 25 30 8 39 9 12 41 12 30 12 23 32 5 30 34 39 25 33 29 31 32 15 8 8 30 30 21 7 25 0 35 18 18 20 39 37 13 32 21 21 19 43 32 17 21 31 10 20 30 34 38 34 17 22 14 15 28 9 28 15 42 18 9 34 8 39 38 5 36 8 11 23 2 22 28 34 33 42 40 17 14 32 6 16 12 27 9 35 19 25 13 8 4 35 35 12 16 26
5 39 40 31 28 32 29 27 29 9 48 34 24 17 8 35 16 27 36 20 14 25 9 26 34 43 28 17 20 25 34 17 35 0 18 45 15 4 5 48 26 32 18 33 14 17 26 27 17 43 29 30 6 37 10 27 26 27 21 31 35 15 21 16 17 36 39 31 23 18 40 25 40 23 12 32 19 16 12 12 7 7 21 43 20 37 39 37 35 40 33 16 22 21 37 33 2 13 25 34 13
21 25 23 19 20 16 27 9 13 23 30 24 6 9 17 17 16 22 30 12 18 21 15 24 22 25 12 16 17 16 18 13 18 18 0 29 6 22 19 31 24 22 7 18 27 19 11 17 18 25 15 25 17 31 18 16 14 11 3 25 20 14 7 27 2 19 30 16 26 24 23 23 22 7 7 16 11 14 20 19 24 23 9 26 20 19 24 23 23 24 26 2 13 5 19 17 19 20 11 19 10
46 13 21 19 24 26 33 20 16 48 18 21 23 28 46 13 33 28 29 27 36 45 37 48 33 14 24 32 30 37 25 41 18 45 29 0 35 49 44 20 48 39 27 13 46 48 18 37 47 12 17 46 40 28 39 33 20 18 26 45 27 32 30 45 31 10 24 26 36 39 16 31 11 26 36 19 38 31 49 48 49 47 33 5 48 12 5 30 18 23 26 31 25 28 10 22 46 38 28 10 32
20 31 25 25 26 16 32 15 19 23 33 30 12 14 12 22 19 28 36 18 21 15 17 18 19 29 13 20 22 12 18 7 20 15 6 35 0 19 19 33 18 19 13 24 27 13 17 14 12 30 21 19 17 37 20 13 20 17 9 19 19 17 6 29 4 25 36 16 29 27 25 28 27 9 3 18 6 18 14 13 22 22 6 32 14 24 30 22 29 25 32 5 19 7 25 18 16 23 10 25 13
5 43 44 35 32 35 32 31 33 7 52 38 28 21 10 39 20 30 39 24 16 27 13 28 37 47 32 21 24 28 37 19 39 4 22 49 19 0 6 52 28 34 22 37 12 19 30 29 19 47 33 32 9 40 12 30 30 31 25 33 38 19 25 15 21 40 43 35 25 20 44 28 44 27 16 36 22 20 13 14 4 5 25 47 22 41 43 41 39 44 36 20 26 25 41 37 3 15 29 38 17
2 37 42 29 26 35 26 28 29 4 49 32 25 16 13 36 14 24 33 18 10 30 7 31 38 44 31 15 18 30 37 22 37 5 19 44 19 6 0 50 31 37 17 31 9 22 25 32 22 44 27 35 3 34 6 32 24 27 22 36 38 13 25 11 20 36 37 35 19 14 42 22 41 26 16 35 24 14 17 17 6 4 25 43 25 38 38 41 33 43 30 18 20 23 37 35 7 9 29 33 11
51 33 8 35 40 17 49 22 23 54 2 40 25 36 45 16 43 44 49 37 46 38 44 41 23 7 20 42 42 30 15 35 13 48 31 20 33 52 50 0 41 29 34 29 56 42 28 30 41 9 30 39 47 48 47 26 33 25 28 37 17 41 27 55 31 18 44 17 51 50 8 47 12 24 36 15 32 41 44 43 55 53 28 16 41 14 23 17 37 9 45 32 36 26 16 15 48 48 23 26 39
31 48 34 43 44 24 50 29 34 35 43 48 27 31 18 35 36 45 53 35 37 3 32 0 18 40 24 37 39 11 26 11 32 26 24 48 18 28 31 41 0 13 31 40 40 9 34 11 9 42 38 4 31 54 35 15 38 32 26 6 24 34 19 42 21 38 54 24 46 42 37 45 40 23 19 30 12 35 15 14 32 33 16 45 6 37 44 24 47 32 49 23 36 21 38 28 25 38 20 40 30
37 43 22 39 43 13 50 23 28 41 31 44 23 31 25 26 38 45 53 35 40 11 36 13 6 28 15 38 39 7 14 15 21 32 22 39 19 34 37 29 13 0 29 36 46 19 30 5 18 30 34 10 36 52 39 6 35 28 22 8 12 36 15 48 20 30 50 13 48 46 25 45 29 17 22 20 13 36 24 23 38 39 13 35 16 27 37 12 43 20 48 22 35 17 29 17 31 42 13 35 32
18 21 27 13 13 23 20 12 12 20 33 18 9 2 20 19 9 15 23 5 12 28 10 31 29 28 19 9 10 23 25 20 21 18 7 27 13 22 17 34 31 29 0 15 22 25 8 24 25 27 11 32 13 24 13 23 8 10 8 32 27 7 14 21 9 19 24 23 19 17 26 16 24 14 12 20 18 7 24 23 22 20 16 26 27 21 21 30 17 30 19 8 6 12 20 22 20 14 18 16 5
33 7 25 6 11 25 20 13 8 34 27 11 13 16 35 14 19 15 20 13 22 37 24 40 32 22 21 18 17 31 25 31 19 33 18 13 24 37 31 29 40 36 15 0 32 37 7 32 36 20 4 41 28 19 25 29 7 8 16 40 27 18 20 31 20 11 16 25 23 26 22 18 17 18 25 19 28 17 38 37 37 35 23 15 38 15 8 30 8 28 16 20 12 18 13 22 35 24 22 3 20
9 38 50 30 26 43 24 34 35 5 55 32 31 21 22 42 15 24 32 20 10 39 12 40 46 49 39 15 18 39 45 31 43 14 27 46 27 12 9 56 40 46 22 32 0 31 29 41 31 48 28 44 10 34 9 40 25 31 29 45 46 15 32 3 27 40 37 42 16 11 48 21 45 34 24 42 33 15 25 26 9 7 33 46 34 42 40 49 33 51 30 26 21 31 41 43 15 8 36 34 17
22 44 35 38 38 25 43 28 32 26 44 43 25 25 9 35 30 39 47 29 29 8 24 9 22 40 24 30 33 13 27 7 32 17 19 48 13 19 22 42 9 19 25 37 31 0 30 14 1 42 34 13 22 48 26 17 33 30 22 14 26 28 18 33 17 38 48 25 39 34 37 39 40 22 13 30 10 29 6 5 23 24 15 45 3 37 43 28 42 34 43 18 30 20 38 28 16 29 20 38 24
26 14 23 9 13 20 22 8 5 28 27 14 7 10 28 12 15 17 22 10 19 31 18 34 27 21 16 14 13 25 22 24 17 26 11 18 17 30 25 28 34 30 8 7 29 30 0 26 29 20 4 35 21 22 21 23 5 3 9 34 24 14 14 28 13 12 20 20 22 22 20 19 17 12 18 16 22 14 31 30 30 28 17 18 31 14 13 27 13 26 18 13 8 12 13 19 28 21 16 8 13
32 40 23 36 38 13 45 20 25 36 32 41 19 26 20 24 33 40 48 30 35 8 31 11 8 29 13 33 34 2 15 10 21 27 17 37 14 29 32 30 11 5 24 32 41 14 26 0 14 31 30 9 31 48 34 4 31 24 18 8 13 31 11 43 15 28 46 13 43 41 26 40 29 14 17 19 8 31 19 18 33 34 8 34 13 26 35 14 39 21 43 17 30 13 27 17 26 37 10 32 27
22 43 34 37 37 24 42 27 31 26 43 42 24 25 9 34 29 39 47 29 29 8 24 9 21 39 23 29 32 12 26 6 31 17 18 47 12 19 22 41 9 18 25 36 31 1 29 14 0 41 33 13 22 48 26 16 32 29 21 14 25 27 17 33 16 37 48 24 39 34 36 38 39 21 13 29 9 28 6 5 23 24 14 44 3 36 42 27 41 33 43 17 30 19 37 27 16 29 19 37 23
47 24 8 26 31 18 40 16 15 48 7 31 19 29 42 8 35 35 40 29 38 39 38 42 24 2 18 34 34 31 16 35 10 43 25 12 30 47 44 9 42 30 27 20 48 42 20 31 41 0 22 40 40 39 40 27 25 17 22 38 18 34 25 47 26 9 35 18 42 42 5 38 3 21 31 12 32 33 44 43 49 47 27 7 42 6 14 18 28 11 36 27 28 23 7 14 44 40 22 17 32
29 10 26 5 10 24 19 11 8 30 28 10 11 12 31 15 15 14 19 9 18 35 20 38 30 23 19 14 13 29 25 28 20 29 15 17 21 33 27 30 38 34 11 4 28 34 4 30 33 22 0 39 24 18 21 27 3 6 13 38 27 14 18 27 17 13 16 23 21 22 23 17 18 16 22 19 26 13 34 34 33 31 21 18 35 16 11 30 9 29 15 17 8 16 14 22 31 20 20 6 16
35 49 32 45 46 22 52 29 34 39 41 50 28 33 22 33 38 47 55 37 39 5 34 4 16 38 22 39 41 10 24 13 30 30 25 46 19 32 35 39 4 10 32 41 44 13 35 9 13 40 39 0 34 56 37 13 39 33 27 2 22 36 20 46 22 37 55 22 48 44 35 47 38 23 21 28 13 37 19 18 36 37 17 43 10 35 44 22 48 30 51 24 38 22 36 26 29 40 19 41 32
5 34 40 26 23 32 24 25 26 7 46 29 22 12 13 33 11 22 31 15 8 29 4 31 36 41 29 12 15 29 34 21 34 6 17 40 17 9 3 47 31 36 13 28 10 22 21 31 22 40 24 34 0 32 4 30 21 23 19 35 36 10 22 12 17 32 34 32 17 12 39 20 37 23 14 32 23 11 17 17 9 7 23 39 25 34 34 39 30 41 28 16 17 21 33 33 8 7 26 29 8
36 15 44 13 11 42 10 30 26 36 46 8 29 23 42 33 21 10 2 20 24 52 28 55 49 41 38 20 17 47 43 43 38 37 31 28 37 40 34 48 54 52 24 19 34 48 22 48 48 39 18 56 32 0 28 45 18 24 30 56 45 22 36 31 33 30 5 41 18 23 41 13 36 34 35 37 42 22 46 46 40 38 39 32 50 34 25 48 11 47 5 32 18 34 32 40 39 26 38 22 26
8 31 41 23 20 34 20 25 26 8 46 26 22 12 17 33 8 18 27 12 4 32 3 35 39 41 30 9 12 32 36 24 34 10 18 39 20 12 6 47 35 39 13 25 9 26 21 34 26 40 21 37 4 28 0 33 18 23 20 38 37 7 24 9 19 32 31 34 13 8 39 16 37 25 17 33 26 8 21 21 12 10 26 39 29 34 32 40 27 42 24 17 14 22 33 34 12 3 28 27 8
32 37 19 33 36 9 43 17 22 36 28 38 16 25 21 20 32 38 46 28 34 12 30 15 6 25 9 32 33 4 11 11 17 27 16 33 13 30 32 26 15 6 23 29 40 17 23 4 16 27 27 13 30 45 33 0 28 21 16 12 9 30 9 42 14 24 43 9 42 40 22 39 25 11 16 15 8 30 20 19 34 34 7 30 16 22 31 11 36 17 41 16 29 11 23 13 27 36 7 29 26
26 13 28 5 8 25 17 13 10 26 31 10 12 9 28 17 11 12 18 6 15 35 17 38 32 26 21 11 10 29 27 27 22 26 14 20 20 30 24 33 38 35 8 7 25 33 5 31 32 25 3 39 21 18 18 28 0 8 12 38 29 11 19 24 16 16 16 25 18 19 25 14 21 17 20 21 25 10 32 31 30 28 22 21 34 19 14 32 9 31 14 15 5 16 17 24 28 17 21 9 13
28 15 20 11 16 17 25 5 2 30 24 16 5 12 28 9 17 20 25 12 21 29 20 32 24 18 13 17 16 23 19 23 14 27 11 18 17 31 27 25 32 28 10 8 31 30 3 24 29 17 6 33 23 24 23 21 8 0 8 32 21 17 12 30 13 9 22 17 25 25 17 22 14 10 18 13 20 16 31 30 32 30 15 16 30 11 13 24 15 23 21 13 11 10 10 16 29 23 14 8 15
24 23 21 17 20 15 27 6 10 26 27 22 3 10 20 14 17 22 30 13 19 23 17 26 21 22 11 17 18 17 17 16 15 21 3 26 9 25 22 28 26 22 8 16 29 22 9 18 21 22 13 27 19 30 20 16 12 8 0 26 19 15 6 28 5 16 28 15 27 25 20 24 19 6 10 13 14 15 23 22 27 26 9 23 23 16 21 22 21 23 26 5 13 4 16 15 22 21 10 16 12
36 48 30 43 45 20 52 28 33 40 39 48 27 33 23 32 39 47 55 37 40 6 35 6 14 36 21 40 41 9 22 14 28 31 25 45 19 33 36 37 6 8 32 40 45 14 34 8 14 38 38 2 35 56 38 12 38 32 26 0 20 36 19 47 22 36 54 20 48 45 33 47 36 22 22 27 13 37 20 19 37 38 16 42 11 34 43 20 47 28 51 24 38 21 35 24 30 41 18 40 32
39 34 10 32 37 4 46 16 19 43 19 37 18 29 30 14 36 41 46 32 38 21 34 24 6 16 8 36 37 13 2 20 9 35 20 27 19 38 38 17 24 12 27 27 46 26 24 13 25 18 27 22 36 45 37 9 29 21 19 20 0 34 13 46 18 18 43 4 46 44 13 43 17 13 22 8 17 34 29 28 41 41 14 23 25 15 25 3 35 8 42 20 32 15 17 5 35 40 9 25 30
15 24 34 16 13 30 15 19 19 15 40 19 16 5 20 26 2 12 21 5 5 32 6 35 36 35 26 2 5 29 32 23 28 15 14 32 17 19 13 41 34 36 7 18 15 28 14 31 27 34 14 36 10 22 7 30 11 17 15 36 34 0 21 14 16 26 24 30 12 10 33 11 31 21 15 27 23 1 24 24 19 17 23 32 30 28 25 37 20 37 18 14 7 19 27 29 17 7 25 20 4
26 28 19 24 27 10 34 10 14 29 27 29 7 16 18 17 23 29 37 19 25 16 21 19 15 23 7 23 24 10 12 11 15 21 7 30 6 25 25 27 19 15 14 20 32 18 14 11 17 25 18 20 22 36 24 9 19 12 6 19 13 21 0 33 5 20 34 10 33 31 20 30 22 4 9 13 8 21 19 18 28 28 3 27 18 19 25 16 27 19 32 7 19 2 20 12 22 27 4 20 17
12 36 49 29 24 43 21 34 34 8 55 29 31 20 24 41 14 21 29 19 9 41 12 42 48 48 39 14 17 41 45 33 42 16 27 45 29 15 11 55 42 48 21 31 3 33 28 43 33 47 27 46 12 31 9 42 24 30 28 47 46 14 33 0 28 39 34 43 13 8 47 18 44 34 26 41 35 14 28 28 12 10 35 45 36 41 38 49 31 51 27 26 20 31 40 43 18 7 37 33 17
21 27 23 21 22 15 29 11 15 24 30 26 8 11 15 18 18 24 32 14 20 18 16 21 20 26 12 18 19 14 17 11 18 17 2 31 4 21 20 31 21 20 9 20 27 17 13 15 16 26 17 22 17 33 19 14 16 13 5 22 18 16 5 28 0 21 32 15 28 26 23 25 23 6 5 15 9 16 18 17 24 23 7 28 18 20 26 21 25 24 28 2 15 4 21 16 18 22 9 21 12
38 15 14 17 22 17 31 10 7 40 16 22 13 21 36 4 27 26 31 21 30 35 30 38 25 11 15 26 25 27 16 31 9 36 19 10 25 40 36 18 38 30 19 11 40 38 12 28 37 9 13 37 32 30 32 24 16 9 16 36 18 26 20 39 21 0 26 17 34 34 11 29 6 16 26 10 28 25 39 38 41 39 23 7 38 4 7 21 19 17 27 21 20 18 2 13 38 32 18 8 24
39 11 40 11 11 40 13 28 24 39 42 6 27 23 43 29 23 13 7 20 27 51 30 54 47 37 36 22 19 45 41 43 34 39 30 24 36 43 37 44 54 50 24 16 37 48 20 46 48 35 16 55 34 5 31 43 16 22 28 54 43 24 34 34 32 26 0 39 21 26 37 16 32 32 35 35 41 23 47 46 43 41 37 28 50 30 21 46 8 43 7 31 18 32 28 38 41 29 36 18 27
36 31 10 29 33 0 42 12 17 39 19 34 14 25 28 13 32 37 42 28 34 21 31 24 8 16 4 32 33 13 2 18 8 31 16 26 16 35 35 17 24 13 23 25 42 25 20 13 24 18 23 22 32 41 34 9 25 17 15 20 4 30 10 43 15 17 39 0 42 40 13 39 16 9 19 7 15 30 27 26 38 38 11 22 24 14 24 7 32 9 38 16 28 11 16 4 32 36 6 23 26
20 25 45 18 12 42 8 30 28 18 49 17 28 17 30 35 10 8 16 14 10 44 15 47 48 44 38 10 9 41 44 35 39 23 26 36 29 25 19 51 46 48 19 23 16 39 22 43 39 42 21 48 17 18 13 42 18 25 27 48 46 12 33 13 28 34 21 42 0 5 42 5 39 33 27 38 35 12 34 34 22 20 35 38 42 36 31 49 19 48 14 26 14 31 35 41 25 10 37 26 16
15 28 44 21 16 40 13 29 27 13 49 21 26 15 25 34 8 13 21 13 6 39 10 42 46 43 36 8 9 39 42 31 38 18 24 39 27 20 14 50 42 46 17 26 11 34 22 41 34 42 22 44 12 23 8 40 19 25 25 45 44 10 31 8 26 34 26 40 5 0 42 10 39 31 24 37 33 10 29 29 17 15 33 40 37 36 33 47 23 47 19 24 14 29 35 39 20 5 35 28 14
43 26 4 28 33 13 42 14 15 46 7 33 17 28 37 8 35 37 42 29 38 34 36 37 19 3 13 34 34 26 11 30 5 40 23 16 25 44 42 8 37 25 26 22 48 37 20 26 36 5 23 35 39 41 39 22 25 17 20 33 13 33 20 47 23 11 37 13 42 42 0 39 5 16 28 7 27 33 39 38 47 45 22 11 37 7 16 14 30 7 38 24 28 18 9 9 40 40 17 19 31
24 19 42 12 7 39 4 27 24 23 45 11 25 14 31 31 9 3 11 11 12 43 16 46 45 40 35 9 6 39 41 34 36 25 23 31 28 28 22 47 45 45 16 18 21 39 19 40 38 38 17 47 20 13 16 39 14 22 24 47 43 11 30 18 25 29 16 39 5 10 39 0 35 30 26 35 34 11 35 35 27 25 32 33 41 33 26 46 14 45 9 23 11 28 31 38 27 13 34 21 15
43 21 9 23 28 16 37 13 12 45 10 28 16 26 38 5 32 32 37 26 35 37 35 40 23 5 16 31 31 29 15 33 8 40 22 11 27 44 41 12 40 29 24 17 45 40 17 29 39 3 18 38 37 36 37 25 21 14 19 36 17 31 22 44 23 6 32 16 39 39 5 35 0 18 28 10 30 30 41 40 46 44 25 6 40 3 11 19 25 12 33 24 25 20 4 12 41 37 20 14 29
27 25 16 21 25 9 33 6 11 30 23 26 5 16 21 13 23 28 35 19 25 20 22 23 15 19 5 23 24 13 11 15 11 23 7 26 9 27 26 24 23 17 14 18 34 22 12 14 21 21 16 23 23 34 25 11 17 10 6 22 13 21 4 34 6 16 32 9 33 31 16 30 18 0 11 9 12 21 23 22 30 29 7 23 22 15 21 16 25 17 30 7 19 2 16 10 24 27 4 18 17
17 32 28 25 24 19 30 16 20 20 35 30 13 12 10 23 17 26 34 16 18 16 14 19 22 31 16 17 20 15 21 8 23 12 7 36 3 16 16 36 19 22 12 25 24 13 18 17 13 31 22 21 14 35 17 16 20 18 10 22 22 15 9 26 5 26 35 19 27 24 28 26 28 11 0 20 9 16 13 12 19 19 9 33 15 25 31 25 29 28 30 5 17 9 26 21 13 20 13 26 11
36 25 8 24 29 7 38 8 11 39 14 29 11 22 30 6 29 33 38 24 32 27 30 30 15 10 6 29 29 19 6 23 2 32 16 19 18 36 35 15 30 20 20 19 42 30 16 19 29 12 19 28 32 37 33 15 21 13 13 27 8 27 13 41 15 10 35 7 38 37 7 35 10 9 20 0 20 27 32 31 39 38 15 15 30 7 17 11 27 10 34 16 24 11 9 3 33 34 10 17 25
24 36 25 30 31 15 38 18 22 28 34 35 15 20 13 25 25 33 41 23 27 9 23 12 14 30 14 26 28 6 17 3 22 19 11 38 6 22 24 32 12 13 18 28 33 10 22 8 9 32 26 13 23 42 26 8 25 20 14 13 17 23 8 35 9 28 41 15 35 33 27 34 30 12 9 20 0 24 12 11 26 26 5 35 10 27 33 19 34 24 37 11 24 10 28 18 19 29 10 28 19
16 23 34 15 12 30 15 19 18 16 40 18 16 5 21 25 2 12 21 4 5 32 7 35 36 34 26 2 5 30 32 24 28 16 14 31 18 20 14 41 35 36 7 17 15 29 14 31 28 33 13 37 11 22 8 30 10 16 15 37 34 1 21 14 16 25 23 30 12 10 33 11 30 21 16 27 24 0 25 25 20 18 23 31 31 27 24 37 19 37 17 14 6 19 26 29 18 7 25 19 5
16 44 38 37 36 28 40 29 33 20 46 42 26 24 4 36 26 37 46 28 25 14 20 15 27 42 26 26 29 18 30 9 34 12 20 49 14 13 17 44 15 24 24 38 25 6 31 19 6 44 34 19 17 46 21 20 32 31 23 20 29 24 19 28 18 39 47 27 34 29 39 35 41 23 13 32 12 25 0 1 17 18 17 46 9 38 44 31 41 36 42 18 29 21 39 30 10 24 22 39 21
17 44 37 36 35 26 39 28 32 21 45 41 25 23 4 35 26 36 45 27 25 13 20 14 25 41 25 26 29 16 28 8 33 12 19 48 13 14 17 43 14 23 23 37 26 5 30 18 5 43 34 18 17 46 21 19 31 30 22 19 28 24 18 28 17 38 46 26 34 29 38 35 40 22 12 31 11 25 1 0 18 19 16 45 8 37 43 30 40 35 41 17 28 20 38 29 11 24 21 38 20
4 43 47 35 32 39 31 33 35 4 54 38 30 21 14 41 20 30 38 24 16 31 13 32 40 49 35 21 24 32 41 23 42 7 24 49 22 4 6 55 32 38 22 37 9 23 30 33 23 49 33 36 9 40 12 34 30 32 27 37 41 19 28 12 24 41 43 38 22 17 47 27 46 30 19 39 26 20 17 18 0 2 28 48 26 43 43 44 39 47 36 23 26 28 42 40 7 14 32 38 17
2 41 46 33 30 38 28 32 33 2 53 36 29 19 15 40 18 28 36 22 14 32 11 33 40 48 34 19 22 32 40 24 40 7 23 47 22 5 4 53 33 39 20 35 7 24 28 34 24 47 31 37 7 38 10 34 28 30 26 38 41 17 28 10 23 39 41 38 20 15 45 25 44 29 19 38 26 18 18 19 2 0 28 46 27 41 41 44 37 46 34 21 24 26 40 38 8 12 32 36 15
26 31 21 27 29 11 36 13 17 29 29 32 10 18 17 20 25 31 39 21 27 13 23 16 13 25 9 25 26 7 13 8 17 21 9 33 6 25 25 28 16 13 16 23 33 15 17 8 14 27 21 17 23 39 26 7 22 15 9 16 14 23 3 35 7 23 37 11 35 33 22 32 25 7 9 15 5 23 17 16 28 28 0 30 15 22 28 16 30 20 35 9 22 5 23 13 22 29 5 23 19
44 17 15 21 26 22 35 17 14 46 14 24 20 28 43 10 32 30 33 27 36 42 36 45 29 9 21 32 31 34 21 38 14 43 26 5 32 47 43 16 45 35 26 15 46 45 18 34 44 7 18 43 39 32 39 30 21 16 23 42 23 32 27 45 28 7 28 22 38 40 11 33 6 23 33 15 35 31 46 45 48 46 30 0 45 8 7 25 21 18 29 28 26 25 7 18 45 38 25 12 31
25 45 34 39 39 24 45 28 32 29 43 44 25 27 12 35 32 41 49 31 32 5 27 6 21 40 24 32 35 12 26 7 32 20 20 48 14 22 25 41 6 16 27 38 34 3 31 13 3 42 35 10 25 50 29 16 34 30 23 11 25 30 18 36 18 38 50 24 42 37 37 41 40 22 15 30 10 31 9 8 26 27 15 45 0 37 43 27 43 33 45 19 32 20 38 28 19 32 20 38 26
39 19 10 21 26 14 35 10 9 41 12 26 13 23 35 2 29 30 35 23 32 34 31 37 21 7 13 28 27 26 13 30 6 37 19 12 24 41 38 14 37 27 21 15 42 37 14 26 36 6 16 35 34 34 34 22 19 11 16 34 15 28 19 41 20 4 30 14 36 36 7 33 3 15 25 7 27 27 38 37 43 41 22 8 37 0 10 18 23 13 31 21 22 17 2 10 38 34 17 12 26
39 10 20 14 19 24 28 15 11 41 21 17 18 23 41 11 26 23 26 21 30 41 31 44 31 16 22 26 24 34 23 36 16 39 24 5 30 43 38 23 44 37 21 8 40 43 13 35 42 14 11 44 34 25 32 31 14 13 21 43 25 25 25 38 26 7 21 24 31 33 16 26 11 21 31 17 33 24 44 43 43 41 28 7 43 10 0 28 14 23 22 26 19 23 8 20 41 31 25 5 26
42 36 10 35 40 7 49 19 22 45 19 40 21 32 32 17 39 44 49 35 41 22 37 24 6 16 11 39 40 15 5 22 12 37 23 30 22 41 41 17 24 12 30 30 49 28 27 14 27 18 30 22 39 48 40 11 32 24 22 20 3 37 16 49 21 21 46 7 49 47 14 46 19 16 25 11 19 37 31 30 44 44 16 25 27 18 28 0 38 8 45 23 35 18 20 8 38 43 12 28 33
35 5 33 4 7 32 15 20 16 35 35 3 20 18 37 22 19 11 12 15 23 44 26 47 39 30 28 18 15 38 33 37 27 35 23 18 29 39 33 37 47 43 17 8 33 42 13 39 41 28 9 48 30 11 27 36 9 15 21 47 35 20 27 31 25 19 8 32 19 23 30 14 25 25 29 27 34 19 41 40 39 37 30 21 43 23 14 38 0 36 8 24 13 25 21 30 37 25 29 11 22
44 32 3 34 39 9 48 18 21 48 11 39 21 32 37 14 39 43 48 34 42 29 39 32 14 9 12 39 39 21 7 27 9 40 24 23 25 44 43 9 32 20 30 28 51 34 26 21 33 11 29 30 41 47 42 17 31 23 23 28 8 37 19 51 24 17 43 9 48 47 7 45 12 17 28 10 24 37 36 35 47 46 20 18 33 13 23 8 36 0 44 24 34 19 15 8 41 44 15 25 34
32 13 41 10 6 38 7 26 23 32 43 5 25 18 38 30 17 6 4 15 20 47 24 50 45 38 34 16 13 43 40 38 35 33 26 26 32 36 30 45 49 48 19 16 30 43 18 43 43 36 15 51 28 5 24 41 14 21 26 51 42 18 32 27 28 27 7 38 14 19 38 9 33 30 30 34 37 17 42 41 36 34 35 29 45 31 22 45 8 44 0 27 13 30 29 37 35 22 34 19 22
19 27 24 20 21 16 27 11 15 22 31 25 8 9 15 19 16 23 31 13 18 20 14 23 22 27 13 16 17 16 18 12 19 16 2 31 5 20 18 32 23 22 8 20 26 18 13 17 17 27 17 24 16 32 17 16 15 13 5 24 20 14 7 26 2 21 31 16 26 24 24 23 24 7 5 16 11 14 18 17 23 21 9 28 19 21 26 23 24 24 27 0 14 5 21 17 17 20 11 21 10
22 17 31 9 7 28 14 16 13 22 35 13 14 5 25 20 7 9 17 2 11 34 13 37 34 29 24 6 5 29 30 25 25 22 13 25 19 26 20 36 36 35 6 12 21 30 8 30 30 28 8 38 17 18 14 29 5 11 13 38 32 7 19 20 15 20 18 28 14 14 28 11 25 19 17 24 24 6 29 28 26 24 22 26 32 22 19 35 13 34 13 14 0 17 21 27 24 13 23 14 9
24 25 18 21 24 11 31 8 12 27 25 26 5 14 19 15 21 26 34 17 23 18 19 21 17 21 7 21 22 12 13 13 13 21 5 28 7 25 23 26 21 17 12 18 31 20 12 13 19 23 16 22 21 34 22 11 16 10 4 21 15 19 2 31 4 18 32 11 31 29 18 28 20 2 9 11 10 19 21 20 28 26 5 25 20 17 23 18 25 19 30 5 17 0 18 12 22 25 6 18 15
39 17 12 19 24 16 33 10 8 41 14 24 13 22 36 3 28 28 33 22 31 35 31 38 23 9 14 27 26 27 15 31 8 37 19 10 25 41 37 16 38 29 20 13 41 38 13 27 37 7 14 36 33 32 33 23 17 10 16 35 17 27 20 40 21 2 28 16 35 35 9 31 4 16 26 9 28 26 39 38 42 40 23 7 38 2 8 20 21 15 29 21 21 18 0 12 38 33 18 10 25
36 28 7 27 32 4 41 11 14 39 16 32 13 24 30 9 31 36 41 27 34 25 31 28 11 12 5 31 32 17 3 21 4 33 17 22 18 37 35 15 28 17 22 22 43 28 19 17 27 14 22 26 33 40 34 13 24 16 15 24 5 29 12 43 16 13 38 4 41 39 9 38 12 10 21 3 18 29 30 29 40 38 13 18 28 10 20 8 30 8 37 17 27 12 12 0 34 36 8 20 27
6 41 40 33 30 32 31 28 31 10 47 36 25 19 7 36 18 29 38 22 16 24 11 25 33 43 29 19 22 24 34 16 35 2 19 46 16 3 7 48 25 31 20 35 15 16 28 26 16 44 31 29 8 39 12 27 28 29 22 30 35 17 22 18 18 38 41 32 25 20 40 27 41 24 13 33 19 18 10 11 7 8 22 45 19 38 41 38 37 41 35 17 24 22 38 34 0 15 26 36 15
11 29 41 21 18 36 17 26 26 10 47 24 23 12 20 33 6 16 24 11 2 35 6 38 42 41 32 7 10 35 38 27 35 13 20 38 23 15 9 48 38 42 14 24 8 29 21 37 29 40 20 40 7 26 3 36 17 23 21 41 40 7 27 7 22 32 29 36 10 5 40 13 37 27 20 34 29 7 24 24 14 12 29 38 32 34 31 43 25 44 22 20 13 25 33 36 15 0 31 26 10
30 29 15 25 29 6 37 10 15 33 24 30 9 20 22 15 27 32 39 23 29 17 25 20 11 20 4 27 28 9 8 13 12 25 11 28 10 29 29 23 20 13 18 22 36 20 16 10 19 22 20 19 26 38 28 7 21 14 10 18 9 25 4 37 9 18 36 6 37 35 17 34 20 4 13 10 10 25 22 21 32 32 5 25 20 17 25 12 29 15 34 11 23 6 18 8 26 31 0 22 21
34 8 22 9 14 23 23 12 7 36 24 14 13 18 36 11 21 18 23 15 24 37 26 40 31 19 20 20 19 31 23 31 16 34 19 10 25 38 33 26 40 35 16 3 34 38 8 32 37 17 6 41 29 22 27 29 9 8 16 40 25 20 20 33 21 8 18 23 26 28 19 21 14 18 26 17 28 19 39 38 38 36 23 12 38 12 5 28 11 25 19 21 14 18 10 20 36 26 22 0 21
13 26 32 18 16 26 19 17 17 15 38 21 14 4 17 24 6 16 25 7 8 27 5 30 32 33 22 6 9 25 28 19 26 13 10 32 13 17 11 39 30 32 5 20 17 24 13 27 23 32 16 32 8 26 8 26 13 15 12 32 30 4 17 17 12 24 27 26 16 14 31 15 29 17 11 25 19 5 21 20 17 15 19 31 26 26 26 33 22 34 22 10 9 15 25 27 15 10 21 21 0
0         820      
323       365      
137       214      
253       298      
235       282      
394       443      
287       341      
140       159      
128       155      
0         11       
356       396      
326       355      
128       139      
55        94       
478       534      
162       211      
50        86       
281       329      
278       306      
60        101      
50        94       
457       495      
662       701      
469       515      
546       598      
174       204      
404       441      
46        90       
46        79       
417       472      
379       449      
494       554      
162       188      
16        40       
71        122      
361       400      
106       142      
0         52       
0         43       
570       629      
510       556      
615       623      
78        92       
322       349      
0         27       
460       516      
214       267      
444       468      
509       533      
194       208      
216       252      
482       512      
647       679      
273       281      
40        71       
438       477      
213       244      
103       161      
92        102      
465       475      
406       454      
53        64       
75        123      
678       688      
102       126      
184       250      
246       298      
558       607      
307       330      
761       804      
159       205      
296       346      
160       215      
90        138      
703       747      
125       195      
416       478      
47        95       
499       543      
481       522      
9         53       
1         28       
416       448      
204       218      
464       526      
162       192      
714       753      
398       441      
317       383      
373       423      
257       299      
98        144      
213       253      
68        126      
167       216      
123       191      
24        68       
643       676      
98        110      
196       242      
696       721      
