101
0 27 43 47 21 31 14 28 23 20 18 37 22 37 21 20 38 36 23 43 36 31 23 16 7 47 30 30 28 40 13 17 33 4 6 5 33 16 6 32 34 46 17 19 23 24 40 20 25 27 47 43 32 31 36 7 39 6 20 29 6 5 29 14 12 33 32 14 48 39 41 26 38 32 13 27 35 30 29 28 38 15 9 43 31 35 17 27 40 24 30 36 35 22 21 13 32 4 45 45 33
27 0 28 35 8 5 31 4 16 18 13 10 12 38 6 29 36 18 12 33 29 29 15 13 22 43 28 49 45 31 15 14 12 23 22 30 44 26 29 15 17 31 16 13 4 27 18 33 15 18 43 19 8 30 12 26 41 32 14 20 24 23 42 23 15 7 8 18 41 44 40 5 11 7 26 41 10 27 5 34 19 11 20 39 50 38 31 5 18 38 7 11 41 26 5 35 28 31 42 36 40
43 28 0 7 33 31 36 32 20 23 38 27 38 19 31 29 16 10 22 7 10 15 21 37 42 18 16 47 41 7 37 39 16 40 37 47 34 50 42 13 11 3 26 25 30 22 12 32 19 16 19 16 20 15 18 45 22 46 40 14 37 42 36 46 32 24 21 29 15 26 19 23 29 23 47 36 22 15 23 23 9 31 40 15 48 22 34 32 12 34 21 22 25 24 27 43 13 47 18 11 27
47 35 7 0 40 38 38 39 25 27 44 34 45 17 37 31 14 17 28 4 11 17 25 42 46 12 18 47 42 7 42 44 23 45 41 51 32 55 45 19 17 4 31 30 36 24 19 34 24 20 13 23 27 17 25 50 20 49 47 18 41 46 37 51 37 31 28 33 8 23 15 29 36 30 52 38 29 17 30 25 16 36 45 11 49 20 36 38 19 36 28 29 23 26 33 45 15 51 13 5 25
21 8 33 40 0 11 27 8 16 18 5 18 5 38 2 28 37 23 12 37 31 29 15 5 14 45 28 45 42 34 8 6 17 17 17 22 44 18 24 19 21 35 15 12 4 27 24 31 15 18 44 26 15 30 19 18 41 27 7 20 19 16 41 15 10 15 15 16 43 44 40 9 18 15 18 39 18 27 12 34 24 7 12 39 47 38 29 6 24 36 13 19 41 26 4 30 28 25 42 39 40
31 5 31 38 11 0 36 3 21 23 15 8 13 43 9 34 41 21 17 36 33 34 20 16 25 47 33 54 50 35 18 16 15 26 26 33 49 28 33 19 21 34 21 18 7 32 19 38 20 23 47 19 11 35 13 29 46 36 16 25 28 26 47 25 18 7 10 23 44 49 45 10 8 8 28 46 10 32 8 39 22 15 23 43 55 43 36 5 19 43 10 10 46 31 10 38 33 34 46 40 45
14 31 36 38 27 36 0 33 18 15 27 40 31 24 26 7 26 30 20 34 27 21 19 25 20 35 20 18 15 31 22 27 30 16 12 19 19 29 9 27 28 38 14 17 28 14 35 5 20 21 34 39 31 21 34 21 24 12 31 22 10 18 15 27 17 34 32 12 38 24 28 26 40 32 26 13 35 21 29 14 32 20 22 31 20 21 3 32 35 10 29 36 20 12 25 7 23 15 33 35 18
28 4 32 39 8 3 33 0 20 22 12 11 10 42 7 32 40 21 16 36 33 33 19 13 22 47 32 51 48 35 16 13 15 24 24 30 48 25 31 19 21 35 19 16 5 31 21 36 19 22 47 21 11 34 15 26 45 34 13 24 26 24 45 22 16 9 11 21 44 48 44 9 11 10 25 44 12 31 8 38 22 13 20 43 53 42 34 2 21 41 10 13 45 30 8 36 32 32 46 40 44
23 16 20 25 16 21 18 20 0 3 19 22 21 22 14 14 21 13 4 22 16 13 1 18 22 29 12 35 30 19 17 20 12 20 17 27 28 30 22 9 11 23 6 5 16 11 17 18 2 4 29 21 14 14 16 25 25 26 23 6 17 22 27 26 12 17 15 9 29 28 25 11 24 16 27 26 18 12 14 18 15 11 20 25 37 22 18 20 17 23 13 19 25 10 12 24 13 27 28 25 24
20 18 23 27 18 23 15 22 3 0 20 25 23 21 16 11 21 16 6 24 17 13 4 18 20 29 12 31 27 21 17 20 15 18 14 24 26 29 19 12 14 26 4 6 18 9 20 15 5 7 30 24 17 14 19 23 23 23 24 9 14 20 24 25 11 20 18 6 31 26 25 13 27 19 26 23 21 12 16 16 18 12 19 25 33 20 15 22 20 20 15 22 23 8 14 21 14 24 28 27 22
18 13 38 44 5 15 27 12 19 20 0 23 4 41 7 29 40 28 17 41 35 32 19 2 10 48 31 45 42 38 5 1 22 14 15 18 45 13 22 24 26 40 16 14 9 28 29 32 20 23 48 31 20 33 24 14 43 24 4 25 17 12 42 10 10 20 20 17 48 45 44 14 23 20 13 40 23 31 17 35 29 8 8 44 46 40 30 10 29 37 18 24 42 27 9 28 32 21 47 44 41
37 10 27 34 18 8 40 11 22 25 23 0 21 42 16 36 40 19 19 34 32 33 21 23 32 45 32 56 52 33 25 24 13 33 32 40 50 36 39 18 20 30 25 21 14 33 15 40 20 22 46 13 9 34 10 36 45 42 24 24 34 33 49 33 25 5 8 27 42 48 44 12 2 6 36 48 6 31 8 39 19 21 30 42 58 42 40 13 15 45 9 5 45 32 15 44 32 41 45 38 44
22 12 38 45 5 13 31 10 21 23 4 21 0 43 7 33 42 28 17 42 36 34 20 6 14 50 33 49 46 39 9 5 22 18 19 22 49 15 26 24 26 40 20 17 8 32 29 36 20 23 49 30 20 35 24 18 46 28 3 25 21 16 46 12 14 18 19 21 48 49 45 14 21 19 15 44 21 32 16 39 29 12 12 44 50 43 34 8 29 41 18 22 46 31 9 32 33 25 47 44 45
37 38 19 17 38 43 24 42 22 21 41 42 43 0 36 17 3 24 26 13 11 9 23 39 40 11 10 30 25 12 38 41 29 37 32 42 14 49 32 24 22 18 25 27 38 13 28 18 23 20 10 33 33 8 32 42 3 36 45 18 31 39 20 46 32 37 34 26 15 7 4 33 44 36 47 21 36 11 35 9 24 33 40 8 32 3 20 42 28 20 33 37 6 15 34 29 10 38 9 13 8
21 6 31 37 2 9 26 7 14 16 7 16 7 36 0 26 35 20 10 34 29 27 13 7 16 43 26 44 40 32 9 8 15 17 16 24 42 20 23 16 18 32 13 10 2 25 22 29 13 16 42 24 13 28 17 20 39 26 9 18 18 17 39 17 9 13 13 14 41 42 38 7 17 13 20 37 16 25 10 32 22 6 14 37 46 36 27 6 22 34 11 17 39 24 2 29 26 25 40 37 38
20 29 29 31 28 34 7 32 14 11 29 36 33 17 26 0 19 25 17 27 20 14 15 27 24 28 13 20 16 24 24 29 26 20 16 25 16 33 15 22 23 31 13 16 28 7 30 4 16 16 27 35 28 14 30 25 18 19 33 16 14 22 13 30 19 31 29 12 31 18 21 24 38 30 30 12 32 14 27 8 26 21 25 24 22 15 5 32 30 9 26 33 15 5 24 14 16 21 26 28 13
38 36 16 14 37 41 26 40 21 21 40 40 42 3 35 19 0 21 24 10 8 8 22 39 40 9 9 33 28 9 38 41 27 38 33 43 17 49 34 22 20 15 25 26 36 14 25 21 21 18 8 30 31 7 30 43 6 38 44 16 32 40 23 46 32 35 32 26 12 10 4 31 42 34 47 24 34 9 33 12 21 32 40 5 35 6 23 40 25 23 31 35 9 16 32 32 8 40 7 10 11
36 18 10 17 23 21 30 21 13 16 28 19 28 24 20 25 21 0 13 15 13 16 13 27 33 26 15 45 40 14 27 28 6 33 30 40 35 40 35 4 2 13 19 17 21 18 5 28 11 9 27 10 10 16 9 37 27 39 29 8 30 34 36 36 24 14 11 22 23 30 25 14 21 13 38 35 13 14 13 24 2 22 32 23 47 24 29 22 5 33 11 14 28 19 18 37 14 40 26 19 28
23 12 22 28 12 17 20 16 4 6 17 19 17 26 10 17 24 13 0 24 18 17 3 15 20 32 16 37 33 22 14 17 10 20 17 27 32 27 22 9 11 25 6 4 12 15 17 21 3 6 32 20 11 18 14 24 29 26 19 8 17 21 30 23 11 13 11 9 31 32 28 7 20 12 25 29 14 15 10 22 15 9 19 27 39 26 21 16 17 26 9 15 29 14 8 26 16 27 30 27 28
43 33 7 4 37 36 34 36 22 24 41 34 42 13 34 27 10 15 24 0 7 13 22 39 43 11 14 43 38 3 38 41 21 42 38 48 27 51 41 17 15 5 28 27 34 20 19 30 21 17 12 23 25 13 24 47 16 45 43 15 37 43 33 47 34 29 26 30 8 20 12 27 36 28 49 34 28 13 28 21 15 33 42 8 45 16 32 36 19 32 26 29 19 22 31 41 11 47 11 4 21
36 29 10 11 31 33 27 33 16 17 35 32 36 11 29 20 8 13 18 7 0 6 16 33 37 14 7 37 32 4 32 35 19 35 31 41 24 45 34 14 12 11 21 21 30 13 17 23 15 11 14 22 23 6 22 40 14 38 37 9 30 37 27 41 28 27 24 23 14 18 12 24 34 26 43 27 26 6 25 14 13 27 36 10 39 12 25 33 17 25 23 27 16 15 26 34 4 40 13 10 17
31 29 15 17 29 34 21 33 13 13 32 33 34 9 27 14 8 16 17 13 6 0 14 31 33 16 1 31 26 10 30 33 20 31 26 36 19 42 28 15 14 17 17 18 29 7 21 17 14 11 16 26 24 1 23 36 12 32 36 9 25 33 22 38 24 28 25 18 18 15 12 24 35 27 39 22 27 2 26 9 17 24 32 12 33 9 19 33 21 20 24 28 13 9 25 28 2 34 15 14 13
23 15 21 25 15 20 19 19 1 4 19 21 20 23 13 15 22 13 3 22 16 14 0 17 21 30 13 35 31 19 16 19 11 20 17 27 29 29 22 9 11 24 6 5 15 12 17 19 2 5 30 21 13 15 15 25 26 26 22 7 17 22 28 25 12 16 14 9 29 29 26 10 23 15 27 27 17 13 13 19 15 11 20 26 37 23 19 19 17 24 12 18 26 11 11 25 14 27 29 25 25
16 13 37 42 5 16 25 13 18 18 2 23 6 39 7 27 39 27 15 39 33 31 17 0 9 47 30 43 40 36 3 2 22 12 13 17 43 13 20 23 25 39 14 12 9 26 29 30 18 21 47 31 20 32 24 13 41 22 6 23 15 11 40 10 8 20 20 15 46 43 43 14 23 20 13 38 23 29 17 33 29 6 7 42 44 38 28 11 29 35 18 24 40 25 9 26 31 20 45 42 39
7 22 42 46 14 25 20 22 22 20 10 32 14 40 16 24 40 33 20 43 37 33 21 9 0 49 31 37 35 40 7 9 30 4 8 8 39 9 13 29 31 45 16 16 18 27 37 25 22 25 48 40 29 33 33 4 42 13 12 27 10 2 35 7 9 29 29 14 50 42 44 23 32 29 7 33 32 31 26 32 35 12 2 45 38 38 23 20 37 30 27 33 39 25 18 20 33 11 47 46 37
47 43 18 12 45 47 35 47 29 29 48 45 50 11 43 28 9 26 32 11 14 16 30 47 49 0 17 41 36 12 46 49 32 47 42 52 25 58 43 27 25 15 33 34 44 23 30 29 29 25 1 34 36 16 35 52 12 47 51 23 41 49 31 54 40 40 37 34 5 15 7 37 47 39 55 32 39 18 38 20 26 40 48 4 43 14 31 46 30 31 36 40 17 25 40 40 16 49 2 7 19
30 28 16 18 28 33 20 32 12 12 31 32 33 10 26 13 9 15 16 14 7 1 13 30 31 17 0 30 25 11 29 32 19 29 25 35 20 40 27 14 13 18 16 17 28 6 20 16 13 10 17 25 23 2 22 34 13 31 35 8 24 31 22 37 23 27 24 17 19 16 13 23 34 26 38 21 26 1 25 9 16 23 31 13 32 10 18 32 20 19 23 27 13 8 24 27 3 33 16 15 13
30 49 47 47 45 54 18 51 35 31 45 56 49 30 44 20 33 45 37 43 37 31 35 43 37 41 30 0 5 40 39 44 46 33 29 33 16 46 24 42 43 47 32 35 46 26 50 16 36 36 40 55 48 30 50 37 29 24 48 36 27 35 10 44 35 50 48 30 45 26 34 44 57 49 43 9 51 31 47 22 46 38 39 38 2 27 17 50 50 12 46 52 24 25 43 17 32 28 39 43 22
28 45 41 42 42 50 15 48 30 27 42 52 46 25 40 16 28 40 33 38 32 26 31 40 35 36 25 5 0 35 37 42 42 31 27 31 11 44 22 38 38 42 29 32 42 21 45 12 32 31 35 50 44 25 46 35 24 22 46 31 25 33 5 42 32 46 44 26 40 21 29 40 53 45 41 4 47 26 43 17 41 35 37 33 7 22 13 46 45 7 42 48 19 21 39 15 27 26 34 38 17
40 31 7 7 34 35 31 35 19 21 38 33 39 12 32 24 9 14 22 3 4 10 19 36 40 12 11 40 35 0 35 38 20 39 35 45 26 48 38 15 13 7 25 24 32 17 18 27 18 14 13 22 24 10 23 44 15 42 41 12 34 40 31 44 31 28 25 27 10 19 12 25 35 27 46 31 27 10 26 18 14 30 39 9 42 15 29 34 18 29 24 28 18 19 29 38 8 44 12 6 20
13 15 37 42 8 18 22 16 17 17 5 25 9 38 9 24 38 27 14 38 32 30 16 3 7 46 29 39 37 35 0 5 23 9 10 14 40 12 17 23 25 39 12 11 11 24 30 27 17 20 46 33 22 30 26 11 39 19 9 22 12 8 37 9 5 22 22 12 45 41 41 16 26 22 11 35 25 28 19 30 29 5 5 41 41 36 25 14 30 32 20 26 37 23 11 23 30 17 44 41 36
17 14 39 44 6 16 27 13 20 20 1 24 5 41 8 29 41 28 17 41 35 33 19 2 9 49 32 44 42 38 5 0 23 13 15 17 45 12 22 24 26 40 16 14 10 28 30 32 20 23 49 32 21 34 25 13 43 22 4 25 17 11 42 9 10 21 21 17 48 45 45 15 24 21 12 40 24 31 18 35 30 8 7 44 46 40 30 11 30 37 19 25 42 27 10 28 33 20 47 44 41
33 12 16 23 17 15 30 15 12 15 22 13 22 29 15 26 27 6 10 21 19 20 11 22 30 32 19 46 42 20 23 23 0 30 27 37 38 35 32 5 7 19 16 14 15 20 7 30 10 10 33 10 4 21 4 34 32 36 24 11 27 31 38 32 21 8 5 19 29 35 31 8 15 7 34 37 7 18 7 27 7 18 28 29 48 29 30 16 7 35 5 8 32 21 13 36 19 37 32 25 32
4 23 40 45 17 26 16 24 20 18 14 33 18 37 17 20 38 33 20 42 35 31 20 12 4 47 29 33 31 39 9 13 30 0 5 7 35 13 9 29 31 43 14 16 19 24 37 21 22 24 46 40 29 31 33 5 38 10 16 26 6 2 31 11 9 29 29 12 48 38 41 23 34 29 10 29 32 29 26 28 35 12 6 42 34 35 19 23 37 26 27 33 35 22 18 16 31 8 45 44 33
6 22 37 41 17 26 12 24 17 14 15 32 19 32 16 16 33 30 17 38 31 26 17 13 8 42 25 29 27 35 10 15 27 5 0 10 30 17 7 26 28 40 11 13 18 19 34 17 19 21 41 37 27 26 31 10 34 10 19 23 2 7 27 15 7 28 27 8 43 34 36 21 33 27 15 25 30 25 24 24 32 10 10 38 31 30 15 22 34 22 25 31 31 17 16 13 27 10 40 40 29
5 30 47 51 22 33 19 30 27 24 18 40 22 42 24 25 43 40 27 48 41 36 27 17 8 52 35 33 31 45 14 17 37 7 10 0 38 13 10 36 38 50 21 23 25 29 44 24 29 31 51 47 36 36 40 5 43 9 20 33 11 6 33 12 16 36 36 18 53 43 46 30 40 36 10 31 39 35 33 33 42 19 10 48 34 40 22 28 44 28 34 40 39 27 25 16 37 5 50 50 37
33 44 34 32 44 49 19 48 28 26 45 50 49 14 42 16 17 35 32 27 24 19 29 43 39 25 20 16 11 26 40 45 38 35 30 38 0 47 28 33 33 32 29 32 44 18 40 13 30 28 24 45 41 19 41 40 13 30 49 27 28 36 6 45 35 45 42 28 29 10 18 39 52 44 44 8 45 21 42 11 36 37 40 22 18 12 15 48 40 10 41 46 8 18 40 23 21 34 23 27 7
16 26 50 55 18 28 29 25 30 29 13 36 15 49 20 33 49 40 27 51 45 42 29 13 9 58 40 46 44 48 12 12 35 13 17 13 47 0 22 35 37 51 24 23 22 36 42 34 29 32 57 44 33 42 37 9 51 22 12 34 19 11 44 3 17 33 33 23 57 51 53 27 36 33 3 42 36 40 30 41 41 17 8 53 47 47 32 23 42 39 31 37 48 34 22 29 42 18 56 53 46
6 29 42 45 24 33 9 31 22 19 22 39 26 32 23 15 34 35 22 41 34 28 22 20 13 43 27 24 22 38 17 22 32 9 7 10 28 22 0 31 33 44 16 18 25 21 39 14 24 26 42 42 32 28 36 13 33 4 25 28 5 11 23 20 14 35 33 13 45 33 36 27 40 33 19 21 36 28 30 23 37 17 15 39 25 30 12 29 39 18 31 37 29 19 23 7 30 6 41 42 27
32 15 13 19 19 19 27 19 9 12 24 18 24 24 16 22 22 4 9 17 14 15 9 23 29 27 14 42 38 15 23 24 5 29 26 36 33 35 31 0 2 16 15 13 17 16 8 26 7 6 28 13 9 16 8 33 27 35 25 6 26 30 34 32 20 13 10 18 25 30 26 10 20 12 34 33 12 13 11 22 6 18 28 24 44 24 27 19 8 31 9 13 27 17 14 33 14 36 27 21 27
34 17 11 17 21 21 28 21 11 14 26 20 26 22 18 23 20 2 11 15 12 14 11 25 31 25 13 43 38 13 25 26 7 31 28 38 33 37 33 2 0 14 17 15 19 16 7 26 9 7 26 12 11 14 10 35 25 37 27 6 28 32 34 34 22 15 12 20 23 28 24 12 22 14 36 33 14 12 13 22 4 20 30 22 45 22 27 21 7 31 11 15 26 17 16 35 12 38 25 19 26
46 31 3 4 35 34 38 35 23 26 40 30 40 18 32 31 15 13 25 5 11 17 24 39 45 15 18 47 42 7 39 40 19 43 40 50 32 51 44 16 14 0 29 28 33 24 15 34 22 19 16 19 23 17 21 48 21 48 41 17 40 45 38 48 35 27 24 32 12 25 17 26 32 26 50 38 25 17 26 25 12 34 43 13 49 21 36 35 15 36 24 25 24 26 30 45 15 50 16 8 26
17 16 26 31 15 21 14 19 6 4 16 25 20 25 13 13 25 19 6 28 21 17 6 14 16 33 16 32 29 25 12 16 16 14 11 21 29 24 16 15 17 29 0 3 15 12 23 17 8 10 33 26 17 18 20 19 27 20 20 12 11 16 26 21 7 19 17 3 35 29 29 12 26 18 22 25 20 16 15 19 21 8 15 29 34 24 16 19 23 22 15 21 26 11 11 20 18 21 32 31 25
19 13 25 30 12 18 17 16 5 6 14 21 17 27 10 16 26 17 4 27 21 18 5 12 16 34 17 35 32 24 11 14 14 16 13 23 32 23 18 13 15 28 3 0 12 15 21 20 6 9 34 24 14 19 18 20 29 22 18 11 13 17 29 20 7 16 15 6 34 32 30 9 23 15 22 28 18 17 12 22 19 6 15 30 37 26 19 16 21 25 13 19 29 14 8 23 18 23 33 30 28
23 4 30 36 4 7 28 5 16 18 9 14 8 38 2 28 36 21 12 34 30 29 15 9 18 44 28 46 42 32 11 10 15 19 18 25 44 22 25 17 19 33 15 12 0 27 21 31 15 18 44 22 11 30 15 22 41 28 11 20 20 19 41 19 11 11 11 16 42 44 40 7 15 11 22 39 14 27 8 34 22 8 16 39 48 38 29 4 21 36 10 15 41 26 4 31 28 27 42 38 40
24 27 22 24 27 32 14 31 11 9 28 33 32 13 25 7 14 18 15 20 13 7 12 26 27 23 6 26 21 17 24 28 20 24 19 29 18 36 21 16 16 24 12 15 27 0 23 10 12 10 22 28 23 7 24 29 15 25 32 10 18 26 18 33 19 27 24 13 24 17 17 22 34 26 34 17 27 7 24 7 20 20 27 19 28 12 12 31 23 15 23 28 14 2 23 21 9 27 21 21 13
40 18 12 19 24 19 35 21 17 20 29 15 29 28 22 30 25 5 17 19 17 21 17 29 37 30 20 50 45 18 30 30 7 37 34 44 40 42 39 8 7 15 23 21 21 23 0 33 15 14 31 5 10 21 6 41 31 43 31 13 34 38 41 39 28 12 10 26 27 35 29 15 17 11 41 40 10 19 13 29 4 25 35 27 51 29 34 22 0 38 11 10 33 24 20 41 19 44 30 23 33
20 33 32 34 31 38 5 36 18 15 32 40 36 18 29 4 21 28 21 30 23 17 19 30 25 29 16 16 12 27 27 32 30 21 17 24 13 34 14 26 26 34 17 20 31 10 33 0 20 20 28 38 32 17 34 26 19 17 36 20 15 23 10 32 22 34 32 15 33 18 22 28 41 33 31 8 35 17 31 9 30 24 27 26 18 16 2 35 33 5 30 36 15 9 28 11 19 20 27 31 13
25 15 19 24 15 20 20 19 2 5 20 20 20 23 13 16 21 11 3 21 15 14 2 18 22 29 13 36 32 18 17 20 10 22 19 29 30 29 24 7 9 22 8 6 15 12 15 20 0 3 29 19 12 15 14 26 26 28 22 5 19 23 29 26 13 15 13 11 28 29 25 10 22 14 28 28 16 12 12 19 13 12 21 24 38 23 20 19 15 25 11 17 26 12 11 26 13 29 27 24 25
27 18 16 20 18 23 21 22 4 7 23 22 23 20 16 16 18 9 6 17 11 11 5 21 25 25 10 36 31 14 20 23 10 24 21 31 28 32 26 6 7 19 10 9 18 10 14 20 3 0 25 19 13 12 14 29 23 30 25 2 21 26 28 29 16 17 14 13 24 26 22 13 24 16 31 27 17 9 15 17 11 15 24 21 38 20 21 22 14 25 13 18 23 11 14 28 10 31 24 20 22
47 43 19 13 44 47 34 47 29 30 48 46 49 10 42 27 8 27 32 12 14 16 30 47 48 1 17 40 35 13 46 49 33 46 41 51 24 57 42 28 26 16 33 34 44 22 31 28 29 25 0 35 37 15 36 51 11 45 50 23 40 48 30 54 40 41 38 34 6 14 6 38 48 40 55 31 40 17 39 19 27 40 48 4 42 13 30 47 31 30 37 41 16 24 39 39 16 48 1 8 18
43 19 16 23 26 19 39 21 21 24 31 13 30 33 24 35 30 10 20 23 22 26 21 31 40 34 25 55 50 22 33 32 10 40 37 47 45 44 42 13 12 19 26 24 22 28 5 38 19 19 35 0 11 26 7 44 36 46 33 18 37 41 46 41 31 12 11 29 31 40 34 17 15 12 44 45 9 24 14 34 9 28 38 31 56 34 39 23 5 43 13 9 38 29 22 45 24 47 34 27 38
32 8 20 27 15 11 31 11 14 17 20 9 20 33 13 28 31 10 11 25 23 24 13 20 29 36 23 48 44 24 22 21 4 29 27 36 41 33 32 9 11 23 17 14 11 23 10 32 12 13 37 11 0 25 4 33 36 36 22 15 27 30 41 30 20 4 1 20 33 39 35 6 11 3 33 40 4 22 3 30 11 17 27 33 50 33 32 12 10 37 2 5 36 24 11 37 23 36 36 29 35
31 30 15 17 30 35 21 34 14 14 33 34 35 8 28 14 7 16 18 13 6 1 15 32 33 16 2 30 25 10 30 34 21 31 26 36 19 42 28 16 14 17 18 19 30 7 21 17 15 12 15 26 25 0 24 36 11 32 37 10 25 33 21 39 25 29 26 19 17 14 11 25 36 28 40 21 28 3 27 8 17 25 33 12 32 8 19 34 21 19 25 29 12 9 26 28 2 34 14 14 12
36 12 18 25 19 13 34 15 16 19 24 10 24 32 17 30 30 9 14 24 22 23 15 24 33 35 22 50 46 23 26 25 4 33 31 40 41 37 36 8 10 21 20 18 15 24 6 34 14 14 36 7 4 24 0 37 35 40 26 14 31 34 42 34 24 6 4 23 32 38 34 10 12 5 37 41 4 21 7 30 9 21 31 32 52 32 34 16 6 39 6 5 35 25 15 40 22 40 35 28 35
7 26 45 50 18 29 21 26 25 23 14 36 18 42 20 25 43 37 24 47 40 36 25 13 4 52 34 37 35 44 11 13 34 5 10 5 40 9 13 33 35 48 19 20 22 29 41 26 26 29 51 44 33 36 37 0 43 13 16 31 11 3 36 7 13 33 33 17 53 43 46 27 36 33 6 34 36 34 30 33 39 16 6 47 38 40 24 24 41 31 31 37 40 27 22 20 36 9 50 49 38
39 41 22 20 41 46 24 45 25 23 43 45 46 3 39 18 6 27 29 16 14 12 26 41 42 12 13 29 24 15 39 43 32 38 34 43 13 51 33 27 25 21 27 29 41 15 31 19 26 23 11 36 36 11 35 43 0 36 47 21 32 40 19 48 34 40 37 28 16 4 5 36 47 39 48 20 39 14 38 10 27 35 42 9 31 3 21 45 31 19 36 40 5 16 37 30 13 39 10 15 7
6 32 46 49 27 36 12 34 26 23 24 42 28 36 26 19 38 39 26 45 38 32 26 22 13 47 31 24 22 42 19 22 36 10 10 9 30 22 4 35 37 48 20 22 28 25 43 17 28 30 45 46 36 32 40 13 36 0 25 32 9 11 24 20 17 38 37 17 49 35 39 31 43 37 19 22 40 32 34 26 41 20 15 43 25 33 15 32 43 20 35 41 32 23 26 7 34 4 44 46 30
20 14 40 47 7 16 31 13 23 24 4 24 3 45 9 33 44 29 19 43 37 36 22 6 12 51 35 48 46 41 9 4 24 16 19 20 49 12 25 25 27 41 20 18 11 32 31 36 22 25 50 33 22 37 26 16 47 25 0 27 21 14 46 9 14 21 22 21 49 49 47 16 24 21 12 44 24 34 19 39 31 12 10 46 50 44 34 11 31 41 20 25 46 31 11 32 35 23 49 45 45
29 20 14 18 20 25 22 24 6 9 25 24 25 18 18 16 16 8 8 15 9 9 7 23 27 23 8 36 31 12 22 25 11 26 23 33 27 34 28 6 6 17 12 11 20 10 13 20 5 2 23 18 15 10 14 31 21 32 27 0 23 28 28 31 18 19 16 15 22 24 20 15 26 18 33 27 18 7 17 16 10 17 26 19 38 18 21 24 13 25 15 19 21 11 16 29 8 33 22 18 21
6 24 37 41 19 28 10 26 17 14 17 34 21 31 18 14 32 30 17 37 30 25 17 15 10 41 24 27 25 34 12 17 27 6 2 11 28 19 5 26 28 40 11 13 20 18 34 15 19 21 40 37 27 25 31 11 32 9 21 23 0 8 25 17 9 29 28 8 42 32 35 22 35 28 16 23 31 24 25 22 32 12 12 37 29 29 13 24 34 20 26 32 29 16 18 11 26 10 39 39 27
5 23 42 46 16 26 18 24 22 20 12 33 16 39 17 22 40 34 21 43 37 33 22 11 2 49 31 35 33 40 8 11 31 2 7 6 36 11 11 30 32 45 16 17 19 26 38 23 23 26 48 41 30 33 34 3 40 11 14 28 8 0 33 9 10 30 30 14 50 40 43 24 34 30 8 31 33 31 27 30 36 13 4 44 36 37 21 22 38 28 28 34 37 24 19 18 33 9 47 46 35
29 42 36 37 41 47 15 45 27 24 42 49 46 20 39 13 23 36 30 33 27 22 28 40 35 31 22 10 5 31 37 42 38 31 27 33 6 44 23 34 34 38 26 29 41 18 41 10 29 28 30 46 41 21 42 36 19 24 46 28 25 33 0 42 32 43 41 25 35 16 24 37 50 42 41 2 44 23 40 13 38 34 37 28 12 17 12 45 41 5 39 45 14 18 37 17 23 28 29 33 12
14 23 46 51 15 25 27 22 26 25 10 33 12 46 17 30 46 36 23 47 41 38 25 10 7 54 37 44 42 44 9 9 32 11 15 12 45 3 20 32 34 48 21 20 19 33 39 32 26 29 54 41 30 39 34 7 48 20 9 31 17 9 42 0 13 30 30 20 53 48 50 24 33 30 3 40 33 37 27 38 38 14 5 50 45 44 30 20 39 37 28 34 45 31 19 27 38 16 53 49 43
12 15 32 37 10 18 17 16 12 11 10 25 14 32 9 19 32 24 11 34 28 24 12 8 9 40 23 35 32 31 5 10 21 9 7 16 35 17 14 20 22 35 7 7 11 19 28 22 13 16 40 31 20 25 24 13 34 17 14 18 9 10 32 13 0 21 20 7 40 36 36 14 26 20 15 30 23 23 17 25 26 3 8 36 37 31 20 15 28 27 18 24 32 18 9 20 25 16 39 36 31
33 7 24 31 15 7 34 9 17 20 20 5 18 37 13 31 35 14 13 29 27 28 16 20 29 40 27 50 46 28 22 21 8 29 28 36 45 33 35 13 15 27 19 16 11 27 12 34 15 17 41 12 4 29 6 33 40 38 21 19 29 30 43 30 21 0 3 22 37 43 39 6 7 1 33 42 3 26 3 34 15 17 27 37 52 37 34 11 12 39 4 4 40 27 11 39 27 37 40 33 39
32 8 21 28 15 10 32 11 15 18 20 8 19 34 13 29 32 11 11 26 24 25 14 20 29 37 24 48 44 25 22 21 5 29 27 36 42 33 33 10 12 24 17 15 11 24 10 32 13 14 38 11 1 26 4 33 37 37 22 16 28 30 41 30 20 3 0 20 34 40 36 6 10 2 33 40 3 23 3 31 12 17 27 34 50 34 32 12 10 37 2 4 37 25 11 37 24 36 37 30 36
14 18 29 33 16 23 12 21 9 6 17 27 21 26 14 12 26 22 9 30 23 18 9 15 14 34 17 30 26 27 12 17 19 12 8 18 28 23 13 18 20 32 3 6 16 13 26 15 11 13 34 29 20 19 23 17 28 17 21 15 8 14 25 20 7 22 20 0 36 29 30 15 29 21 21 23 23 17 18 18 24 9 15 30 32 24 13 20 26 20 18 24 25 11 13 17 19 18 33 32 24
48 41 15 8 43 44 38 44 29 31 48 42 48 15 41 31 12 23 31 8 14 18 29 46 50 5 19 45 40 10 45 48 29 48 43 53 29 57 45 25 23 12 35 34 42 24 27 33 28 24 6 31 33 17 32 53 16 49 49 22 42 50 35 53 40 37 34 36 0 19 11 35 44 36 55 36 36 19 36 24 23 39 48 7 47 18 35 44 27 35 34 37 21 26 38 44 17 51 6 4 23
39 44 26 23 44 49 24 48 28 26 45 48 49 7 42 18 10 30 32 20 18 15 29 43 42 15 16 26 21 19 41 45 35 38 34 43 10 51 33 30 28 25 29 32 44 17 35 18 29 26 14 40 39 14 38 43 4 35 49 24 32 40 16 48 36 43 40 29 19 0 8 39 50 42 48 17 42 17 41 10 31 37 43 12 28 6 20 48 35 17 39 43 3 18 40 29 16 38 13 18 5
41 40 19 15 40 45 28 44 25 25 44 44 45 4 38 21 4 25 28 12 12 12 26 43 44 7 13 34 29 12 41 45 31 41 36 46 18 53 36 26 24 17 29 30 40 17 29 22 25 22 6 34 35 11 34 46 5 39 47 20 35 43 24 50 36 39 36 30 11 8 0 35 46 38 51 25 38 13 37 13 25 36 44 4 36 7 24 44 29 24 35 39 10 19 36 33 12 42 5 10 12
26 5 23 29 9 10 26 9 11 13 14 12 14 33 7 24 31 14 7 27 24 24 10 14 23 37 23 44 40 25 16 15 8 23 21 30 39 27 27 10 12 26 12 9 7 22 15 28 10 13 38 17 6 25 10 27 36 31 16 15 22 24 37 24 14 6 6 15 35 39 35 0 13 6 27 36 9 22 3 29 15 11 21 34 46 33 28 9 15 33 4 10 36 21 5 32 23 30 37 31 35
38 11 29 36 18 8 40 11 24 27 23 2 21 44 17 38 42 21 20 36 34 35 23 23 32 47 34 57 53 35 26 24 15 34 33 40 52 36 40 20 22 32 26 23 15 34 17 41 22 24 48 15 11 36 12 36 47 43 24 26 35 34 50 33 26 7 10 29 44 50 46 13 0 8 36 49 8 33 10 41 21 22 30 44 59 44 41 13 17 46 11 7 47 34 16 45 34 42 47 40 46
32 7 23 30 15 8 32 10 16 19 20 6 19 36 13 30 34 13 12 28 26 27 15 20 29 39 26 49 45 27 22 21 7 29 27 36 44 33 33 12 14 26 18 15 11 26 11 33 14 16 40 12 3 28 5 33 39 37 21 18 28 30 42 30 20 1 2 21 36 42 38 6 8 0 33 41 3 25 3 33 14 17 27 36 51 36 33 11 11 38 3 4 39 26 11 38 26 36 39 32 38
13 26 47 52 18 28 26 25 27 26 13 36 15 47 20 30 47 38 25 49 43 39 27 13 7 55 38 43 41 46 11 12 34 10 15 10 44 3 19 34 36 50 22 22 22 34 41 31 28 31 55 44 33 40 37 6 48 19 12 33 16 8 41 3 15 33 33 21 55 48 51 27 36 33 0 39 36 38 30 38 40 16 7 51 44 45 29 23 41 36 31 37 45 32 22 26 40 15 54 51 43
27 41 36 38 39 46 13 44 26 23 40 48 44 21 37 12 24 35 29 34 27 22 27 38 33 32 21 9 4 31 35 40 37 29 25 31 8 42 21 33 33 38 25 28 39 17 40 8 28 27 31 45 40 21 41 34 20 22 44 27 23 31 2 40 30 42 40 23 36 17 25 36 49 41 39 0 43 22 39 13 37 32 35 29 11 18 10 43 40 3 38 44 15 17 36 15 23 26 30 34 13
35 10 22 29 18 10 35 12 18 21 23 6 21 36 16 32 34 13 14 28 26 27 17 23 32 39 26 51 47 27 25 24 7 32 30 39 45 36 36 12 14 25 20 18 14 27 10 35 16 17 40 9 4 28 4 36 39 40 24 18 31 33 44 33 23 3 3 23 36 42 38 9 8 3 36 43 0 25 6 34 13 20 30 36 53 36 35 14 10 40 5 1 39 28 14 40 26 39 39 32 39
30 27 15 17 27 32 21 31 12 12 31 31 32 11 25 14 9 14 15 13 6 2 13 29 31 18 1 31 26 10 28 31 18 29 25 35 21 40 28 13 12 17 16 17 27 7 19 17 12 9 17 24 22 3 21 34 14 32 34 7 24 31 23 37 23 26 23 17 19 17 13 22 33 25 38 22 25 0 24 10 15 23 31 14 33 11 19 31 19 20 22 26 14 9 23 28 2 34 16 15 14
29 5 23 30 12 8 29 8 14 16 17 8 16 35 10 27 33 13 10 28 25 26 13 17 26 38 25 47 43 26 19 18 7 26 24 33 42 30 30 11 13 26 15 12 8 24 13 31 12 15 39 14 3 27 7 30 38 34 19 17 25 27 40 27 17 3 3 18 36 41 37 3 10 3 30 39 6 24 0 31 14 14 24 35 49 35 31 9 13 36 2 7 38 24 8 35 25 33 38 32 37
28 34 23 25 34 39 14 38 18 16 35 39 39 9 32 8 12 24 22 21 14 9 19 33 32 20 9 22 17 18 30 35 27 28 24 33 11 41 23 22 22 25 19 22 34 7 29 9 19 17 19 34 30 8 30 33 10 26 39 16 22 30 13 38 25 34 31 18 24 10 13 29 41 33 38 13 34 10 31 0 25 27 33 17 24 7 11 38 29 11 30 35 7 8 30 20 10 29 18 22 6
38 19 9 16 24 22 32 22 15 18 29 19 29 24 22 26 21 2 15 15 13 17 15 29 35 26 16 46 41 14 29 30 7 35 32 42 36 41 37 6 4 12 21 19 22 20 4 30 13 11 27 9 11 17 9 39 27 41 31 10 32 36 38 38 26 15 12 24 23 31 25 15 21 14 40 37 13 15 14 25 0 24 34 23 48 25 31 23 4 35 12 14 29 21 20 39 15 42 26 19 29
15 11 31 36 7 15 20 13 11 12 8 21 12 33 6 21 32 22 9 33 27 24 11 6 12 40 23 38 35 30 5 8 18 12 10 19 37 17 17 18 20 34 8 6 8 20 25 24 12 15 40 28 17 25 21 16 35 20 12 17 12 13 34 14 3 17 17 9 39 37 36 11 22 17 16 32 20 23 14 27 24 0 10 36 40 32 22 12 25 29 15 21 34 19 6 23 24 19 39 35 33
9 20 40 45 12 23 22 20 20 19 8 30 12 40 14 25 40 32 19 42 36 32 20 7 2 48 31 39 37 39 5 7 28 6 10 10 40 8 15 28 30 43 15 15 16 27 35 27 21 24 48 38 27 33 31 6 42 15 10 26 12 4 37 5 8 27 27 15 48 43 44 21 30 27 7 35 30 31 24 33 34 10 0 44 40 39 25 18 35 32 25 31 40 26 16 22 33 13 47 44 38
43 39 15 11 39 43 31 43 25 25 44 42 44 8 37 24 5 23 27 8 10 12 26 42 45 4 13 38 33 9 41 44 29 42 38 48 22 53 39 24 22 13 29 30 39 19 27 26 24 21 4 31 33 12 32 47 9 43 46 19 37 44 28 50 36 37 34 30 7 12 4 34 44 36 51 29 36 14 35 17 23 36 44 0 40 11 28 43 27 28 33 37 14 21 35 37 12 45 3 6 16
31 50 48 49 47 55 20 53 37 33 46 58 50 32 46 22 35 47 39 45 39 33 37 44 38 43 32 2 7 42 41 46 48 34 31 34 18 47 25 44 45 49 34 37 48 28 51 18 38 38 42 56 50 32 52 38 31 25 50 38 29 36 12 45 37 52 50 32 47 28 36 46 59 51 44 11 53 33 49 24 48 40 40 40 0 29 19 52 51 14 48 54 26 27 45 18 34 29 41 45 24
35 38 22 20 38 43 21 42 22 20 40 42 43 3 36 15 6 24 26 16 12 9 23 38 38 14 10 27 22 15 36 40 29 35 30 40 12 47 30 24 22 21 24 26 38 12 29 16 23 20 13 34 33 8 32 40 3 33 44 18 29 37 17 44 31 37 34 24 18 6 7 33 44 36 45 18 36 11 35 7 25 32 39 11 29 0 18 42 29 17 33 37 4 13 34 27 10 36 12 16 5
17 31 34 36 29 36 3 34 18 15 30 40 34 20 27 5 23 29 21 32 25 19 19 28 23 31 18 17 13 29 25 30 30 19 15 22 15 32 12 27 27 36 16 19 29 12 34 2 20 21 30 39 32 19 34 24 21 15 34 21 13 21 12 30 20 34 32 13 35 20 24 28 41 33 29 10 35 19 31 11 31 22 25 28 19 18 0 33 34 7 30 36 17 10 26 9 21 18 29 33 15
27 5 32 38 6 5 32 2 20 22 10 13 8 42 6 32 40 22 16 36 33 33 19 11 20 46 32 50 46 34 14 11 16 23 22 28 48 23 29 19 21 35 19 16 4 31 22 35 19 22 47 23 12 34 16 24 45 32 11 24 24 22 45 20 15 11 12 20 44 48 44 9 13 11 23 43 14 31 9 38 23 12 18 43 52 42 33 0 22 40 11 14 45 30 8 35 32 31 46 40 44
40 18 12 19 24 19 35 21 17 20 29 15 29 28 22 30 25 5 17 19 17 21 17 29 37 30 20 50 45 18 30 30 7 37 34 44 40 42 39 8 7 15 23 21 21 23 0 33 15 14 31 5 10 21 6 41 31 43 31 13 34 38 41 39 28 12 10 26 27 35 29 15 17 11 41 40 10 19 13 29 4 25 35 27 51 29 34 22 0 38 11 10 33 24 20 41 19 44 30 23 33
24 38 34 36 36 43 10 41 23 20 37 45 41 20 34 9 23 33 26 32 25 20 24 35 30 31 19 12 7 29 32 37 35 26 22 28 10 39 18 31 31 36 22 25 36 15 38 5 25 25 30 43 37 19 39 31 19 20 41 25 20 28 5 37 27 39 37 20 35 17 24 33 46 38 36 3 40 20 36 11 35 29 32 28 14 17 7 40 38 0 35 41 14 14 33 13 21 24 29 33 12
30 7 21 28 13 10 29 10 13 15 18 9 18 33 11 26 31 11 9 26 23 24 12 18 27 36 23 46 42 24 20 19 5 27 25 34 41 31 31 9 11 24 15 13 10 23 11 30 11 13 37 13 2 25 6 31 36 35 20 15 26 28 39 28 18 4 2 18 34 39 35 4 11 3 31 38 5 22 2 30 12 15 25 33 48 33 30 11 11 35 0 6 36 23 9 35 23 34 36 30 35
36 11 22 29 19 10 36 13 19 22 24 5 22 37 17 33 35 14 15 29 27 28 18 24 33 40 27 52 48 28 26 25 8 33 31 40 46 37 37 13 15 25 21 19 15 28 10 36 17 18 41 9 5 29 5 37 40 41 25 19 32 34 45 34 24 4 4 24 37 43 39 10 7 4 37 44 1 26 7 35 14 21 31 37 54 37 36 14 10 41 6 0 40 29 15 41 27 40 40 33 40
35 41 25 23 41 46 20 45 25 23 42 45 46 6 39 15 9 28 29 19 16 13 26 40 39 17 13 24 19 18 37 42 32 35 31 39 8 48 29 27 26 24 26 29 41 14 33 15 26 23 16 38 36 12 35 40 5 32 46 21 29 37 14 45 32 40 37 25 21 3 10 36 47 39 45 15 39 14 38 7 29 34 40 14 26 4 17 45 33 14 36 40 0 15 37 26 14 35 15 19 2
22 26 24 26 26 31 12 30 10 8 27 32 31 15 24 5 16 19 14 22 15 9 11 25 25 25 8 25 21 19 23 27 21 22 17 27 18 34 19 17 17 26 11 14 26 2 24 9 12 11 24 29 24 9 25 27 16 23 31 11 16 24 18 31 18 27 25 11 26 18 19 21 34 26 32 17 28 9 24 8 21 19 26 21 27 13 10 30 24 14 23 29 15 0 22 19 11 25 23 23 14
21 5 27 33 4 10 25 8 12 14 9 15 9 34 2 24 32 18 8 31 26 25 11 9 18 40 24 43 39 29 11 10 13 18 16 25 40 22 23 14 16 30 11 8 4 23 20 28 11 14 39 22 11 26 15 22 37 26 11 16 18 19 37 19 9 11 11 13 38 40 36 5 16 11 22 36 14 23 8 30 20 6 16 35 45 34 26 8 20 33 9 15 37 22 0 29 24 25 38 34 36
13 35 43 45 30 38 7 36 24 21 28 44 32 29 29 14 32 37 26 41 34 28 25 26 20 40 27 17 15 38 23 28 36 16 13 16 23 29 7 33 35 45 20 23 31 21 41 11 26 28 39 45 37 28 40 20 30 7 32 29 11 18 17 27 20 39 37 17 44 29 33 32 45 38 26 15 40 28 35 20 39 23 22 37 18 27 9 35 41 13 35 41 26 19 29 0 30 11 38 42 24
32 28 13 15 28 33 23 32 13 14 32 32 33 10 26 16 8 14 16 11 4 2 14 31 33 16 3 32 27 8 30 33 19 31 27 37 21 42 30 14 12 15 18 18 28 9 19 19 13 10 16 24 23 2 22 36 13 34 35 8 26 33 23 38 25 27 24 19 17 16 12 23 34 26 40 23 26 2 25 10 15 24 33 12 34 10 21 32 19 21 23 27 14 11 24 30 0 36 15 13 14
4 31 47 51 25 34 15 32 27 24 21 41 25 38 25 21 40 40 27 47 40 34 27 20 11 49 33 28 26 44 17 20 37 8 10 5 34 18 6 36 38 50 21 23 27 27 44 20 29 31 48 47 36 34 40 9 39 4 23 33 10 9 28 16 16 37 36 18 51 38 42 30 42 36 15 26 39 34 33 29 42 19 13 45 29 36 18 31 44 24 34 40 35 25 25 11 36 0 47 48 33
45 42 18 13 42 46 33 46 28 28 47 45 47 9 40 26 7 26 30 11 13 15 29 45 47 2 16 39 34 12 44 47 32 45 40 50 23 56 41 27 25 16 32 33 42 21 30 27 27 24 1 34 36 14 35 50 10 44 49 22 39 47 29 53 39 40 37 33 6 13 5 37 47 39 54 30 39 16 38 18 26 39 47 3 41 12 29 46 30 29 36 40 15 23 38 38 15 47 0 8 17
45 36 11 5 39 40 35 40 25 27 44 38 44 13 37 28 10 19 27 4 10 14 25 42 46 7 15 43 38 6 41 44 25 44 40 50 27 53 42 21 19 8 31 30 38 21 23 31 24 20 8 27 29 14 28 49 15 46 45 18 39 46 33 49 36 33 30 32 4 18 10 31 40 32 51 34 32 15 32 22 19 35 44 6 45 16 33 40 23 33 30 33 19 23 34 42 13 48 8 0 21
33 40 27 25 40 45 18 44 24 22 41 44 45 8 38 13 11 28 28 21 17 13 25 39 37 19 13 22 17 20 36 41 32 33 29 37 7 46 27 27 26 26 25 28 40 13 33 13 25 22 18 38 35 12 35 38 7 30 45 21 27 35 12 43 31 39 36 24 23 5 12 35 46 38 43 13 39 14 37 6 29 33 38 16 24 5 15 44 33 12 35 40 2 14 36 24 14 33 17 21 0
0         840      
483       499      
527       551      
531       540      
292       318      
288       303      
51        65       
343       381      
221       232      
221       238      
297       325      
365       386      
320       335      
140       152      
327       353      
57        70       
93        120      
386       411      
238       250      
540       549      
84        98       
90        114      
214       247      
307       318      
425       438      
113       120      
73        87       
664       684      
663       681      
786       799      
304       331      
320       329      
381       403      
11        33       
4         39       
8         15       
157       190      
447       469      
19        34       
510       532      
391       401      
555       560      
418       427      
220       253      
296       319      
205       224      
554       586      
58        65       
209       231      
214       223      
116       139      
493       512      
251       261      
68        97       
259       296      
432       446      
143       161      
30        61       
459       485      
396       420      
23        50       
0         32       
656       678      
615       636      
415       431      
249       268      
253       263      
589       605      
124       139      
722       731      
106       124      
248       256      
288       307      
240       277      
437       457      
170       202      
256       291      
68        98       
260       279      
156       173      
381       400      
345       350      
443       458      
94        120      
736       762      
126       162      
193       198      
287       306      
501       504      
172       204      
242       258      
267       299      
147       163      
69        76       
338       370      
680       700      
75        91       
0         6        
108       135      
543       555      
757       783      
