101
0 25 29 33 43 41 46 30 20 44 32 29 26 40 43 5 43 38 23 39 35 30 20 42 20 23 30 38 28 33 30 35 37 23 12 3 16 25 15 48 42 10 27 46 45 32 33 39 4 35 52 29 15 45 30 10 25 1 19 26 11 12 45 13 24 6 10 5 49 12 14 40 41 37 20 6 6 36 44 15 39 47 36 6 40 25 39 41 18 35 28 30 46 26 36 4 15 28 30 20 47
25 0 21 24 28 16 31 20 15 29 15 5 11 24 20 24 25 14 18 26 12 15 23 21 22 5 12 26 10 28 21 18 14 8 12 23 15 17 22 23 18 15 13 24 22 18 18 24 25 14 28 5 10 22 7 26 8 24 15 22 19 33 23 14 22 19 15 23 25 25 12 19 17 24 9 20 23 14 22 10 19 23 13 22 19 7 26 18 25 26 25 19 23 5 12 20 12 20 6 9 23
29 21 0 45 15 27 18 41 34 16 36 21 32 45 39 25 15 33 37 11 21 7 10 16 39 16 33 9 12 48 42 39 18 28 24 25 13 37 15 32 35 21 34 43 25 5 39 11 32 35 45 25 21 20 27 35 29 29 33 41 18 30 42 27 6 23 21 23 41 36 19 15 30 9 28 23 22 15 19 21 14 34 32 22 15 14 11 24 13 47 44 40 39 17 22 26 27 1 25 28 39
33 24 45 0 52 34 55 3 13 53 13 27 12 13 24 36 48 24 10 50 33 39 44 45 14 28 14 50 34 6 3 14 36 16 25 34 35 8 42 38 27 29 10 25 41 42 9 48 30 17 33 23 26 44 22 24 15 32 14 7 36 44 26 22 44 31 29 36 32 22 29 43 30 48 17 33 37 37 44 26 42 35 22 36 42 30 49 36 45 3 8 4 30 28 31 29 20 43 24 16 31
43 28 15 52 0 24 3 48 43 1 40 24 39 47 38 40 4 33 46 4 20 14 25 8 50 24 37 6 18 56 49 41 16 36 35 40 27 45 30 27 34 34 41 42 19 11 43 4 46 36 43 28 32 12 29 48 36 43 43 50 32 45 41 38 21 37 34 38 40 48 31 9 29 6 36 37 37 14 11 32 9 31 31 37 9 21 4 21 28 53 53 47 38 23 21 40 37 15 27 36 38
41 16 27 34 24 0 26 30 30 24 20 11 23 25 15 40 20 10 32 25 5 19 33 16 38 18 19 27 16 38 32 20 8 22 28 39 28 29 35 7 10 30 25 18 7 21 24 23 41 15 19 13 25 12 12 42 20 39 31 34 33 48 17 30 30 34 30 38 16 41 27 15 5 25 25 35 38 11 13 25 15 8 10 37 15 17 25 3 35 34 37 29 14 14 5 36 28 25 11 24 14
46 31 18 55 3 26 0 51 46 2 43 27 42 50 41 43 6 36 49 7 23 17 28 10 53 27 40 9 21 59 52 44 19 39 38 43 30 48 33 29 36 37 44 44 21 14 46 7 49 39 45 31 35 14 32 51 39 46 46 53 35 48 43 41 24 40 37 41 42 51 34 11 31 9 39 40 40 16 13 35 12 33 34 40 11 24 7 23 31 56 56 50 40 26 24 43 40 18 29 39 40
30 20 41 3 48 30 51 0 10 49 10 24 9 12 22 33 45 21 8 46 29 35 41 41 13 25 11 46 30 8 2 12 33 13 22 31 32 5 39 35 25 26 7 23 37 38 7 44 28 15 31 20 23 41 19 23 12 29 11 6 33 42 24 19 40 28 26 33 30 21 26 39 27 44 14 30 34 34 41 23 39 33 20 33 39 27 46 33 42 6 9 1 28 25 28 26 17 40 21 13 29
20 15 34 13 43 30 46 10 0 44 13 19 7 20 25 23 40 23 3 40 26 29 31 36 8 18 12 40 24 14 10 16 28 8 12 21 22 5 29 37 27 16 7 27 36 32 13 38 18 17 35 17 13 36 18 14 10 19 1 7 23 32 28 9 31 18 16 23 33 12 16 34 29 38 6 20 24 29 36 13 34 35 22 23 34 20 39 32 32 16 10 10 30 20 26 16 7 33 19 6 31
44 29 16 53 1 24 2 49 44 0 41 25 40 48 38 41 4 33 47 5 21 15 26 8 51 25 38 7 19 57 50 42 16 37 36 41 28 46 31 27 34 35 42 42 19 12 44 5 47 37 43 29 33 12 30 49 37 44 44 51 33 46 41 39 22 38 35 39 40 49 32 9 29 7 37 38 38 14 11 33 10 31 32 38 9 22 5 21 29 54 54 48 38 24 21 41 38 16 27 37 38
32 15 36 13 40 20 43 10 13 41 0 16 7 9 12 34 37 11 14 39 20 29 38 33 20 20 3 40 24 18 12 3 24 9 20 32 29 11 36 25 15 24 6 14 27 32 4 37 31 5 22 12 20 32 10 27 7 32 14 16 30 43 15 19 37 27 24 32 20 25 23 31 17 38 12 29 32 25 32 20 30 23 10 32 30 22 39 23 39 14 19 9 18 19 19 28 16 35 12 11 19
29 5 21 27 24 11 27 24 19 25 16 0 15 24 18 28 21 12 22 23 7 14 24 17 27 7 13 24 9 32 25 18 9 12 17 27 18 21 25 18 16 19 17 22 17 17 19 21 30 14 26 4 14 17 6 31 12 28 20 26 22 37 21 19 22 23 19 27 23 30 16 15 13 22 14 24 27 10 17 14 15 19 11 26 15 7 23 13 26 29 29 23 21 4 7 25 17 20 4 13 21
26 11 32 12 39 23 42 9 7 40 7 15 0 15 18 27 36 16 9 37 20 26 33 32 15 16 5 37 21 17 10 10 24 4 14 26 24 6 31 30 20 18 2 21 30 29 8 35 24 10 28 11 15 32 11 21 3 25 8 11 25 36 21 12 32 21 18 26 26 19 18 30 22 35 6 23 26 25 32 15 30 28 15 26 30 18 37 25 34 14 14 8 23 16 20 21 10 31 12 5 24
40 24 45 13 47 25 50 12 20 48 9 24 15 0 12 42 44 15 19 47 26 38 47 39 25 29 12 48 33 19 14 6 30 18 29 40 38 16 45 29 17 33 13 12 32 41 7 45 38 10 20 20 29 37 18 34 16 39 21 18 39 51 13 27 46 36 33 41 19 32 32 37 21 46 21 38 41 33 38 29 37 25 15 41 37 31 47 28 48 13 21 11 18 28 25 36 24 44 20 20 18
43 20 39 24 38 15 41 22 25 38 12 18 18 12 0 43 34 6 26 39 18 32 42 31 32 24 13 41 27 30 24 10 22 19 30 42 35 23 42 17 5 34 18 4 22 35 15 37 42 8 10 15 29 27 13 39 17 42 26 28 39 52 3 29 40 37 34 42 8 37 31 29 10 39 22 39 42 25 28 29 29 13 7 41 29 25 39 18 44 24 31 21 6 22 17 38 26 38 14 21 7
5 24 25 36 40 40 43 33 23 41 34 28 27 42 43 0 40 38 26 36 34 27 16 39 24 22 31 34 25 37 33 37 35 24 12 2 13 28 11 46 42 9 28 46 43 29 34 36 8 35 52 29 14 42 30 14 26 5 22 30 8 9 46 14 20 5 9 2 49 16 12 37 41 34 20 4 3 33 41 14 36 47 36 3 37 23 36 40 14 39 32 33 46 24 34 7 16 25 30 21 47
43 25 15 48 4 20 6 45 40 4 37 21 36 44 34 40 0 29 43 6 17 13 25 4 47 22 34 8 16 53 46 38 12 33 33 40 27 42 30 23 30 33 38 38 15 11 40 5 45 33 39 25 30 8 26 47 33 43 40 47 32 45 37 36 21 37 33 38 36 46 30 5 25 7 34 37 37 10 7 30 6 27 28 37 5 19 6 17 28 50 50 44 34 20 17 40 35 15 23 34 34
38 14 33 24 33 10 36 21 23 33 11 12 16 15 6 38 29 0 25 33 12 26 36 25 31 18 11 35 21 29 23 10 16 15 25 37 29 22 36 14 4 29 17 10 17 29 14 31 38 6 14 9 24 22 7 36 13 37 24 27 33 47 9 25 34 32 29 37 11 34 25 23 6 33 18 33 36 19 23 24 23 12 1 35 23 19 33 13 38 24 30 20 9 16 11 33 22 32 8 17 9
23 18 37 10 46 32 49 8 3 47 14 22 9 19 26 26 43 25 0 43 29 32 34 39 6 21 14 43 27 11 7 16 31 11 15 24 25 3 32 39 29 19 8 27 39 35 12 41 20 19 35 20 16 39 20 15 12 22 4 4 26 34 28 12 34 21 19 26 34 13 19 37 31 41 9 23 27 32 39 16 37 37 24 26 37 23 42 34 35 13 7 8 32 23 29 19 10 36 21 9 33
39 26 11 50 4 25 7 46 40 5 39 23 37 47 39 36 6 33 43 0 21 11 21 9 47 21 36 2 16 54 47 41 17 33 32 36 24 42 26 28 35 31 39 43 20 8 42 2 42 37 44 27 29 14 29 45 34 40 40 47 28 41 42 35 17 34 31 34 41 45 28 10 30 2 33 33 33 14 12 29 10 32 32 33 10 19 0 22 24 51 50 45 39 21 22 37 34 11 27 33 39
35 12 21 33 20 5 23 29 26 21 20 7 20 26 18 34 17 12 29 21 0 14 28 13 34 12 18 23 11 37 30 21 4 18 24 33 23 26 30 12 14 25 22 22 10 17 24 19 37 16 23 9 21 12 10 38 17 35 27 31 27 42 21 26 25 29 25 32 20 37 21 11 9 21 21 29 32 7 12 21 11 13 11 31 11 12 21 6 30 34 34 28 18 9 1 32 24 20 8 20 18
30 15 7 39 14 19 17 35 29 15 29 14 26 38 32 27 13 26 32 11 14 0 15 12 36 10 26 10 5 43 36 32 12 22 21 27 14 31 18 25 28 20 28 36 19 3 32 10 32 28 37 18 18 15 20 34 23 30 29 36 19 33 35 24 11 24 20 25 34 34 17 10 23 9 22 24 24 9 14 18 9 27 25 24 10 8 11 18 18 40 39 34 32 10 15 27 23 6 18 22 32
20 23 10 44 25 33 28 41 31 26 38 24 33 47 42 16 25 36 34 21 28 15 0 26 35 18 35 19 17 45 41 41 26 29 20 17 9 36 5 40 40 17 35 46 34 15 41 21 24 37 50 27 18 30 29 29 31 21 31 38 10 20 45 23 4 17 17 14 47 30 15 25 37 19 27 15 13 24 29 18 24 41 35 14 25 17 21 32 3 47 41 41 45 20 29 20 24 10 28 28 45
42 21 16 45 8 16 10 41 36 8 33 17 32 39 31 39 4 25 39 9 13 12 26 0 43 19 30 11 14 49 42 34 9 29 31 39 26 38 30 19 26 32 34 34 11 11 36 7 44 29 35 21 28 4 22 45 29 42 36 43 31 45 33 33 22 36 32 37 32 44 28 2 21 9 30 36 36 7 3 28 3 23 24 36 2 17 9 13 29 46 46 40 30 17 14 39 32 16 20 30 30
20 22 39 14 50 38 53 13 8 51 20 27 15 25 32 24 47 31 6 47 34 36 35 43 0 25 20 46 31 13 12 22 36 16 15 22 26 9 32 45 35 19 14 33 44 39 18 45 16 25 41 25 18 44 26 10 18 19 7 7 26 32 34 12 36 19 19 24 40 8 20 41 37 45 13 21 25 36 44 18 41 43 30 24 41 27 46 40 35 16 8 14 38 27 34 17 12 38 27 14 39
23 5 16 28 24 18 27 25 18 25 20 7 16 29 24 22 22 18 21 21 12 10 18 19 25 0 17 20 5 32 26 23 14 12 12 21 11 21 18 24 22 13 18 28 22 13 23 19 25 19 32 9 9 22 11 26 13 23 18 25 15 30 27 14 17 17 13 20 29 25 9 17 20 19 12 17 20 13 21 9 16 25 17 19 17 2 21 18 20 30 28 24 27 3 13 20 13 15 10 12 27
30 12 33 14 37 19 40 11 12 38 3 13 5 12 13 31 34 11 14 36 18 26 35 30 20 17 0 36 21 19 13 6 22 6 17 29 26 11 33 25 15 21 6 16 26 29 6 34 29 5 23 9 17 30 8 26 4 29 13 16 27 40 16 16 34 24 21 29 20 24 20 28 17 35 9 26 29 23 30 17 28 23 10 29 28 19 36 22 36 16 19 10 18 16 17 25 13 32 10 8 19
38 26 9 50 6 27 9 46 40 7 40 24 37 48 41 34 8 35 43 2 23 10 19 11 46 20 36 0 15 52 46 42 19 32 31 34 22 41 24 30 37 30 38 45 22 7 42 4 41 38 46 28 28 15 30 44 33 38 38 45 26 39 44 34 15 32 30 32 43 44 27 12 32 2 32 31 31 16 14 28 12 34 34 31 12 18 2 24 22 50 48 44 41 20 24 35 33 9 28 32 41
28 10 12 34 18 16 21 30 24 19 24 9 21 33 27 25 16 21 27 16 11 5 17 14 31 5 21 15 0 37 31 27 10 17 17 25 13 26 19 23 24 18 23 31 18 8 27 14 30 23 34 13 14 17 15 31 18 28 23 30 18 33 30 19 14 22 18 23 31 30 14 12 20 14 17 22 23 8 16 14 11 24 20 22 12 3 16 16 19 35 33 29 29 5 12 25 18 11 13 17 29
33 28 48 6 56 38 59 8 14 57 18 32 17 19 30 37 53 29 11 54 37 43 45 49 13 32 19 52 37 0 7 20 41 20 26 35 36 11 43 43 33 30 15 31 45 45 15 51 29 23 39 28 27 49 27 23 20 32 15 7 37 45 32 23 45 32 30 37 38 21 30 47 35 51 20 34 38 42 49 27 47 41 28 37 47 34 53 41 46 6 5 9 36 33 36 30 21 47 29 20 37
30 21 42 3 49 32 52 2 10 50 12 25 10 14 24 33 46 23 7 47 30 36 41 42 12 26 13 46 31 7 0 14 34 14 22 31 32 5 39 37 27 26 8 25 39 39 9 45 27 17 33 21 23 42 21 22 13 29 11 5 33 41 26 19 41 28 26 33 32 20 26 40 29 45 14 30 34 35 42 23 40 35 22 33 40 28 47 35 42 6 7 3 30 26 30 26 17 41 22 14 31
35 18 39 14 41 20 44 12 16 42 3 18 10 6 10 37 38 10 16 41 21 32 41 34 22 23 6 42 27 20 14 0 25 12 23 35 32 13 39 24 13 27 9 11 27 35 5 39 34 5 19 14 23 32 12 30 10 35 17 18 33 46 12 22 40 30 27 35 18 28 26 32 16 40 15 32 35 27 33 23 32 21 10 35 32 25 41 23 42 15 21 11 16 22 20 31 19 38 14 14 17
37 14 18 36 16 8 19 33 28 16 24 9 24 30 22 35 12 16 31 17 4 12 26 9 36 14 22 19 10 41 34 25 0 21 26 34 23 30 29 13 18 27 26 26 8 13 28 15 39 20 27 13 23 8 14 40 21 37 29 35 28 43 25 28 23 31 27 33 24 39 23 7 13 17 23 31 33 3 8 23 7 16 15 32 7 12 17 6 29 38 38 32 22 11 5 34 26 18 12 22 22
23 8 28 16 36 22 39 13 8 37 9 12 4 18 19 24 33 15 11 33 18 22 29 29 16 12 6 32 17 20 14 12 21 0 11 23 20 9 27 29 19 15 6 22 28 25 12 31 22 11 29 9 11 29 10 20 2 22 9 14 21 33 22 9 28 18 15 23 26 19 14 27 21 31 3 20 23 22 29 11 27 27 14 23 27 14 33 24 30 18 17 12 24 13 18 18 7 27 11 2 24
12 12 24 25 35 28 38 22 12 36 20 17 14 29 30 12 33 25 15 32 24 21 20 31 15 12 17 31 17 26 22 23 26 11 0 11 11 17 17 35 29 4 16 33 34 24 22 31 13 22 39 17 3 34 18 14 13 11 11 19 11 21 33 3 21 7 4 12 36 13 5 29 29 30 8 9 12 25 33 3 28 35 24 12 29 14 32 30 20 28 22 22 34 15 24 8 5 23 18 9 34
3 23 25 34 40 39 43 31 21 41 32 27 26 40 42 2 40 37 24 36 33 27 17 39 22 21 29 34 25 35 31 35 34 23 11 0 13 26 12 45 40 8 27 44 42 29 33 36 7 33 50 28 13 42 29 13 24 4 20 28 8 11 44 13 20 4 8 2 47 14 11 37 40 34 19 3 3 33 41 13 36 46 35 3 37 22 36 39 15 37 30 31 45 23 33 5 15 25 29 20 45
16 15 13 35 27 28 30 32 22 28 29 18 24 38 35 13 27 29 25 24 23 14 9 26 26 11 26 22 13 36 32 32 23 20 11 13 0 27 7 35 33 8 26 39 31 16 32 23 18 29 43 20 9 29 22 22 22 16 21 29 5 20 38 14 10 10 8 11 40 23 6 24 31 22 18 10 10 21 28 9 23 36 28 10 24 11 24 28 10 38 32 32 38 14 23 13 15 13 21 19 38
25 17 37 8 45 29 48 5 5 46 11 21 6 16 23 28 42 22 3 42 26 31 36 38 9 21 11 41 26 11 5 13 30 9 17 26 27 0 34 36 26 21 5 24 36 34 9 40 23 16 32 17 18 38 17 18 9 24 6 5 28 37 25 14 36 23 21 28 31 16 21 36 28 40 9 25 29 31 38 18 36 34 21 28 36 23 42 31 37 11 8 5 29 22 26 21 12 36 18 9 30
15 22 15 42 30 35 33 39 29 31 36 25 31 45 42 11 30 36 32 26 30 18 5 30 32 18 33 24 19 43 39 39 29 27 17 12 7 34 0 42 40 13 33 46 36 19 39 26 19 36 50 27 16 33 29 25 29 16 28 36 6 15 45 20 9 13 13 9 47 26 13 28 38 24 25 11 8 26 32 16 27 43 35 9 28 18 26 35 3 45 39 39 45 21 30 16 22 15 28 26 45
48 23 32 38 27 7 29 35 37 27 25 18 30 29 17 46 23 14 39 28 12 25 40 19 45 24 25 30 23 43 37 24 13 29 35 45 35 36 42 0 12 37 31 18 8 26 28 26 48 20 16 20 32 15 19 49 27 46 38 41 39 54 17 37 36 41 37 44 13 48 33 18 8 28 32 41 44 16 16 32 19 4 15 43 18 24 28 7 42 38 44 34 12 21 12 43 35 31 18 31 12
42 18 35 27 34 10 36 25 27 34 15 16 20 17 5 42 30 4 29 35 14 28 40 26 35 22 15 37 24 33 27 13 18 19 29 40 33 26 40 12 0 33 21 8 17 31 18 33 41 10 10 13 28 22 11 39 17 40 28 31 37 50 7 28 38 36 33 41 7 38 29 25 5 35 22 37 40 21 23 28 25 8 5 39 25 23 35 13 42 28 34 24 5 20 13 37 26 34 12 21 5
10 15 21 29 34 30 37 26 16 35 24 19 18 33 34 9 33 29 19 31 25 20 17 32 19 13 21 30 18 30 26 27 27 15 4 8 8 21 13 37 33 0 20 37 35 23 26 30 12 26 43 20 5 35 22 14 17 10 15 23 7 18 37 7 18 4 0 8 40 15 4 30 32 29 12 5 8 26 34 5 29 38 28 8 30 15 31 31 16 32 26 26 38 16 26 7 9 21 21 13 38
27 13 34 10 41 25 44 7 7 42 6 17 2 13 18 28 38 17 8 39 22 28 35 34 14 18 6 38 23 15 8 9 26 6 16 27 26 5 33 31 21 20 0 20 32 31 6 37 25 11 28 13 17 34 13 21 5 26 8 10 27 37 21 13 34 22 20 27 26 19 20 32 23 37 8 24 28 27 34 17 32 29 16 27 32 20 39 27 36 12 13 6 24 18 22 22 11 33 14 7 25
46 24 43 25 42 18 44 23 27 42 14 22 21 12 4 46 38 10 27 43 22 36 46 34 33 28 16 45 31 31 25 11 26 22 33 44 39 24 46 18 8 37 20 0 25 39 16 41 44 11 8 19 33 30 17 41 20 44 28 29 43 54 1 31 44 40 37 45 7 39 35 33 13 43 25 42 45 29 31 33 33 14 11 45 33 29 43 21 48 25 32 22 6 26 21 40 29 42 18 24 6
45 22 25 41 19 7 21 37 36 19 27 17 30 32 22 43 15 17 39 20 10 19 34 11 44 22 26 22 18 45 39 27 8 28 34 42 31 36 36 8 17 35 32 25 0 20 31 18 47 22 24 19 31 7 18 48 26 45 37 41 36 51 24 36 30 39 35 41 21 47 31 11 12 20 31 39 41 10 8 31 11 12 17 40 11 20 20 4 37 41 44 36 19 19 10 42 34 25 17 30 19
32 18 5 42 11 21 14 38 32 12 32 17 29 41 35 29 11 29 35 8 17 3 15 11 39 13 29 7 8 45 39 35 13 25 24 29 16 34 19 26 31 23 31 39 20 0 35 7 34 31 40 21 21 15 23 37 26 32 31 38 21 34 38 27 11 26 23 27 37 37 20 10 26 6 25 26 26 10 14 21 9 29 28 26 10 11 8 19 18 43 41 37 35 13 18 29 26 5 21 25 35
33 18 39 9 43 24 46 7 13 44 4 19 8 7 15 34 40 14 12 42 24 32 41 36 18 23 6 42 27 15 9 5 28 12 22 33 32 9 39 28 18 26 6 16 31 35 0 40 31 8 24 15 23 36 14 27 10 32 14 13 33 43 17 19 40 28 26 33 23 25 26 34 20 41 14 30 34 29 36 23 34 26 13 33 34 25 42 27 42 10 16 6 21 22 23 28 17 38 16 13 22
39 24 11 48 4 23 7 44 38 5 37 21 35 45 37 36 5 31 41 2 19 10 21 7 45 19 34 4 14 51 45 39 15 31 31 36 23 40 26 26 33 30 37 41 18 7 40 0 41 35 42 25 28 11 27 44 32 39 37 44 28 41 40 33 17 33 30 34 39 44 27 8 28 2 31 33 33 12 10 28 8 30 30 33 8 17 2 20 24 49 47 43 37 19 20 36 32 11 25 31 37
4 25 32 30 46 41 49 28 18 47 31 30 24 38 42 8 45 38 20 42 37 32 24 44 16 25 29 41 30 29 27 34 39 22 13 7 18 23 19 48 41 12 25 44 47 34 31 41 0 33 51 29 16 47 31 6 24 3 17 23 14 16 44 12 27 8 12 9 48 8 16 42 42 40 19 9 10 38 46 16 41 48 36 10 42 27 42 43 22 32 24 28 46 28 37 5 14 31 31 19 46
35 14 35 17 36 15 39 15 17 37 5 14 10 10 8 35 33 6 19 37 16 28 37 29 25 19 5 38 23 23 17 5 20 11 22 33 29 16 36 20 10 26 11 11 22 31 8 35 33 0 18 10 22 27 8 31 9 33 18 21 32 43 11 20 36 29 26 34 15 29 25 27 12 36 14 31 34 23 28 22 27 18 5 34 27 21 37 18 39 18 24 14 13 18 15 29 18 34 10 13 14
52 28 45 33 43 19 45 31 35 43 22 26 28 20 10 52 39 14 35 44 23 37 50 35 41 32 23 46 34 39 33 19 27 29 39 50 43 32 50 16 10 43 28 8 24 40 24 42 51 18 0 23 38 31 21 49 27 50 36 37 47 60 7 38 48 46 43 51 3 47 39 34 14 44 32 47 50 30 32 38 34 12 15 49 34 33 44 22 52 33 40 30 5 30 22 47 36 43 22 31 5
29 5 25 23 28 13 31 20 17 29 12 4 11 20 15 29 25 9 20 27 9 18 27 21 25 9 9 28 13 28 21 14 13 9 17 28 20 17 27 20 13 20 13 19 19 21 15 25 29 10 23 0 15 21 2 29 8 28 18 22 23 37 18 17 26 24 20 27 20 28 16 19 13 26 12 24 27 14 21 15 19 19 8 26 19 11 27 15 29 25 25 19 18 8 9 25 15 24 2 11 18
15 10 21 26 32 25 35 23 13 33 20 14 15 29 29 14 30 24 16 29 21 18 18 28 18 9 17 28 14 27 23 23 23 11 3 13 9 18 16 32 28 5 17 33 31 21 23 28 16 22 38 15 0 31 17 17 13 14 12 20 10 23 32 6 18 9 5 13 35 16 3 26 27 27 9 10 13 22 30 0 25 33 23 12 26 11 29 27 19 29 23 23 33 12 21 11 6 20 16 10 33
45 22 20 44 12 12 14 41 36 12 32 17 32 37 27 42 8 22 39 14 12 15 30 4 44 22 30 15 17 49 42 32 8 29 34 42 29 38 33 15 22 35 34 30 7 15 36 11 47 27 31 21 31 0 22 48 29 45 37 43 34 48 29 36 26 39 35 40 28 47 31 5 17 13 31 39 39 9 1 31 6 19 22 39 5 20 13 9 33 45 46 40 26 19 13 42 34 20 20 30 26
30 7 27 22 29 12 32 19 18 30 10 6 11 18 13 30 26 7 20 29 10 20 29 22 26 11 8 30 15 27 21 12 14 10 18 29 22 17 29 19 11 22 13 17 18 23 14 27 31 8 21 2 17 22 0 30 8 29 19 22 25 39 16 18 28 25 22 29 18 29 18 20 11 28 13 26 29 15 22 17 20 17 6 28 20 13 29 14 31 24 25 18 16 10 9 26 16 26 2 12 16
10 26 35 24 48 42 51 23 14 49 27 31 21 34 39 14 47 36 15 45 38 34 29 45 10 26 26 44 31 23 22 30 40 20 14 13 22 18 25 49 39 14 21 41 48 37 27 44 6 31 49 29 17 48 30 0 22 9 13 17 19 22 42 12 32 12 14 15 46 2 18 43 41 43 17 14 16 39 47 17 42 47 34 16 43 28 45 44 28 26 18 23 44 29 38 9 14 35 31 18 44
25 8 29 15 36 20 39 12 10 37 7 12 3 16 17 26 33 13 12 34 17 23 31 29 18 13 4 33 18 20 13 10 21 2 13 24 22 9 29 27 17 17 5 20 26 26 10 32 24 9 27 8 13 29 8 22 0 24 11 14 23 34 20 11 30 20 17 25 24 21 16 27 19 32 5 22 25 22 29 13 27 25 12 25 27 15 34 22 32 17 17 11 22 13 16 20 9 28 9 4 22
1 24 29 32 43 39 46 29 19 44 32 28 25 39 42 5 43 37 22 40 35 30 21 42 19 23 29 38 28 32 29 35 37 22 11 4 16 24 16 46 40 10 26 44 45 32 32 39 3 33 50 28 14 45 29 9 24 0 18 25 11 13 44 12 24 6 10 6 47 11 14 40 40 37 19 6 7 36 44 14 39 46 35 7 40 25 39 41 19 34 27 29 45 26 35 3 14 28 29 19 45
19 15 33 14 43 31 46 11 1 44 14 20 8 21 26 22 40 24 4 40 27 29 31 36 7 18 13 38 23 15 11 17 29 9 11 20 21 6 28 38 28 15 8 28 37 31 14 37 17 18 36 18 12 37 19 13 11 18 0 8 22 30 29 8 30 17 15 22 33 11 15 34 30 37 6 19 23 29 37 12 34 36 23 22 34 20 39 33 31 17 11 11 31 20 27 15 6 32 20 7 32
26 22 41 7 50 34 53 6 7 51 16 26 11 18 28 30 47 27 4 47 31 36 38 43 7 25 16 45 30 7 5 18 35 14 19 28 29 5 36 41 31 23 10 29 41 38 13 44 23 21 37 22 20 43 22 17 14 25 8 0 30 38 30 16 38 25 23 30 36 15 23 41 33 44 13 27 31 36 43 20 41 39 26 30 41 27 46 36 39 9 3 7 34 27 30 23 14 40 23 13 35
11 19 18 36 32 33 35 33 23 33 30 22 25 39 39 8 32 33 26 28 27 19 10 31 26 15 27 26 18 37 33 33 28 21 11 8 5 28 6 39 37 7 27 43 36 21 33 28 14 32 47 23 10 34 25 19 23 11 22 30 0 15 41 14 13 7 7 6 43 20 7 29 35 26 19 5 5 26 33 10 28 40 31 5 29 16 28 33 9 39 33 33 41 18 28 10 16 17 25 20 41
12 33 30 44 45 48 48 42 32 46 43 37 36 51 52 9 45 47 34 41 42 33 20 45 32 30 40 39 33 45 41 46 43 33 21 11 20 37 15 54 50 18 37 54 51 34 43 41 16 43 60 37 23 48 39 22 34 13 30 38 15 0 54 23 24 14 18 10 57 24 21 43 50 39 29 13 10 41 47 23 42 55 45 11 43 31 41 48 17 47 40 41 55 33 43 15 25 30 39 30 55
45 23 42 26 41 17 43 24 28 41 15 21 21 13 3 46 37 9 28 42 21 35 45 33 34 27 16 44 30 32 26 12 25 22 33 44 38 25 45 17 7 37 21 1 24 38 17 40 44 11 7 18 32 29 16 42 20 44 29 30 41 54 0 31 43 40 37 45 6 40 34 32 12 42 25 42 45 28 30 32 32 13 10 44 32 28 42 20 47 26 33 23 5 25 20 40 29 41 17 24 5
13 14 27 22 38 30 41 19 9 39 19 19 12 27 29 14 36 25 12 35 26 24 23 33 12 14 16 34 19 23 19 22 28 9 3 13 14 14 20 37 28 7 13 31 36 27 19 33 12 20 38 17 6 36 18 12 11 12 8 16 14 23 31 0 24 9 7 14 35 11 8 31 29 33 6 11 15 27 35 6 30 35 23 14 31 16 35 32 23 25 19 19 33 17 26 9 2 26 19 7 33
24 22 6 44 21 30 24 40 31 22 37 22 32 46 40 20 21 34 34 17 25 11 4 22 36 17 34 15 14 45 41 40 23 28 21 20 10 36 9 36 38 18 34 44 30 11 40 17 27 36 48 26 18 26 28 32 30 24 30 38 13 24 43 24 0 20 18 18 45 33 16 21 34 15 27 18 17 20 25 18 20 38 33 17 21 15 17 29 7 46 41 40 43 18 26 23 24 6 26 27 43
6 19 23 31 37 34 40 28 18 38 27 23 21 36 37 5 37 32 21 34 29 24 17 36 19 17 24 32 22 32 28 30 31 18 7 4 10 23 13 41 36 4 22 40 39 26 28 33 8 29 46 24 9 39 25 12 20 6 17 25 7 14 40 9 20 0 4 5 43 13 8 34 36 32 15 2 6 30 38 9 33 42 31 5 34 19 34 35 16 34 27 28 41 20 30 3 11 23 25 16 41
10 15 21 29 34 30 37 26 16 35 24 19 18 33 34 9 33 29 19 31 25 20 17 32 19 13 21 30 18 30 26 27 27 15 4 8 8 21 13 37 33 0 20 37 35 23 26 30 12 26 43 20 5 35 22 14 17 10 15 23 7 18 37 7 18 4 0 8 40 15 4 30 32 29 12 5 8 26 34 5 29 38 28 8 30 15 31 31 16 32 26 26 38 16 26 7 9 21 21 13 38
5 23 23 36 38 38 41 33 23 39 32 27 26 41 42 2 38 37 26 34 32 25 14 37 24 20 29 32 23 37 33 35 33 23 12 2 11 28 9 44 41 8 27 45 41 27 33 34 9 34 51 27 13 40 29 15 25 6 22 30 6 10 45 14 18 5 8 0 47 16 11 35 40 32 20 3 1 31 39 13 34 45 35 1 35 21 34 38 12 39 32 33 45 23 33 7 16 23 29 21 45
49 25 41 32 40 16 42 30 33 40 20 23 26 19 8 49 36 11 34 41 20 34 47 32 40 29 20 43 31 38 32 18 24 26 36 47 40 31 47 13 7 40 26 7 21 37 23 39 48 15 3 20 35 28 18 46 24 47 33 36 43 57 6 35 45 43 40 47 0 44 36 31 11 41 29 44 47 27 29 35 31 9 12 46 31 30 41 19 49 32 39 29 2 27 19 44 33 40 19 28 2
12 25 36 22 48 41 51 21 12 49 25 30 19 32 37 16 46 34 13 45 37 34 30 44 8 25 24 44 30 21 20 28 39 19 13 14 23 16 26 48 38 15 19 39 47 37 25 44 8 29 47 28 16 47 29 2 21 11 11 15 20 24 40 11 33 13 15 16 44 0 18 42 40 43 16 15 17 38 46 16 41 46 33 17 42 27 45 43 28 24 16 21 42 28 37 10 13 36 30 17 43
14 12 19 29 31 27 34 26 16 32 23 16 18 32 31 12 30 25 19 28 21 17 15 28 20 9 20 27 14 30 26 26 23 14 5 11 6 21 13 33 29 4 20 35 31 20 26 27 16 25 39 16 3 31 18 18 16 14 15 23 7 21 34 8 16 8 4 11 36 18 0 26 29 26 12 8 11 22 30 3 25 34 24 10 26 11 28 27 16 32 26 26 34 12 22 11 9 18 18 13 34
40 19 15 43 9 15 11 39 34 9 31 15 30 37 29 37 5 23 37 10 11 10 25 2 41 17 28 12 12 47 40 32 7 27 29 37 24 36 28 18 25 30 32 33 11 10 34 8 42 27 34 19 26 5 20 43 27 40 34 41 29 43 32 31 21 34 30 35 31 42 26 0 20 10 28 34 34 5 4 26 1 22 22 34 0 15 10 12 28 44 44 38 29 15 12 37 30 15 18 28 29
41 17 30 30 29 5 31 27 29 29 17 13 22 21 10 41 25 6 31 30 9 23 37 21 37 20 17 32 20 35 29 16 13 21 29 40 31 28 38 8 5 32 23 13 12 26 20 28 42 12 14 13 27 17 11 41 19 40 30 33 35 50 12 29 34 36 32 40 11 40 29 20 0 30 24 37 40 16 18 27 20 6 7 39 20 20 30 8 39 30 36 26 9 17 8 37 27 29 11 23 9
37 24 9 48 6 25 9 44 38 7 38 22 35 46 39 34 7 33 41 2 21 9 19 9 45 19 35 2 14 51 45 40 17 31 30 34 22 40 24 28 35 29 37 43 20 6 41 2 40 36 44 26 27 13 28 43 32 37 37 44 26 39 42 33 15 32 29 32 41 43 26 10 30 0 31 31 31 14 12 27 10 32 32 31 10 17 2 22 22 49 47 43 39 19 22 35 32 9 26 31 39
20 9 28 17 36 25 39 14 6 37 12 14 6 21 22 20 34 18 9 33 21 22 27 30 13 12 9 32 17 20 14 15 23 3 8 19 18 9 25 32 22 12 8 25 31 25 14 31 19 14 32 12 9 31 13 17 5 19 6 13 19 29 25 6 27 15 12 20 29 16 12 28 24 31 0 17 20 23 31 9 28 30 17 20 28 14 33 27 28 20 16 14 27 14 21 15 4 27 14 1 27
6 20 23 33 37 35 40 30 20 38 29 24 23 38 39 4 37 33 23 33 29 24 15 36 21 17 26 31 22 34 30 32 31 20 9 3 10 25 11 41 37 5 24 42 39 26 30 33 9 31 47 24 10 39 26 14 22 6 19 27 5 13 42 11 18 2 5 3 44 15 8 34 37 31 17 0 4 30 38 10 33 42 32 3 34 19 33 35 14 36 29 30 42 20 30 5 13 22 26 18 42
6 23 22 37 37 38 40 34 24 38 32 27 26 41 42 3 37 36 27 33 32 24 13 36 25 20 29 31 23 38 34 35 33 23 12 3 10 29 8 44 40 8 28 45 41 26 34 33 10 34 50 27 13 39 29 16 25 7 23 31 5 10 45 15 17 6 8 1 47 17 11 34 40 31 20 4 0 31 38 13 33 45 35 1 34 21 33 38 11 40 33 34 45 23 33 8 17 22 29 21 45
36 14 15 37 14 11 16 34 29 14 25 10 25 33 25 33 10 19 32 14 7 9 24 7 36 13 23 16 8 42 35 27 3 22 25 33 21 31 26 16 21 26 27 29 10 10 29 12 38 23 30 14 22 9 15 39 22 36 29 36 26 41 28 27 20 30 26 31 27 38 22 5 16 14 23 30 31 0 8 22 5 19 18 30 5 11 14 9 27 39 39 33 25 10 8 33 25 15 13 23 25
44 22 19 44 11 13 13 41 36 11 32 17 32 38 28 41 7 23 39 12 12 14 29 3 44 21 30 14 16 49 42 33 8 29 33 41 28 38 32 16 23 34 34 31 8 14 36 10 46 28 32 21 30 1 22 47 29 44 37 43 33 47 30 35 25 38 34 39 29 46 30 4 18 12 31 38 38 8 0 30 5 20 23 38 4 19 12 10 32 46 46 40 27 18 13 41 33 19 20 30 27
15 10 21 26 32 25 35 23 13 33 20 14 15 29 29 14 30 24 16 29 21 18 18 28 18 9 17 28 14 27 23 23 23 11 3 13 9 18 16 32 28 5 17 33 31 21 23 28 16 22 38 15 0 31 17 17 13 14 12 20 10 23 32 6 18 9 5 13 35 16 3 26 27 27 9 10 13 22 30 0 25 33 23 12 26 11 29 27 19 29 23 23 33 12 21 11 6 20 16 10 33
39 19 14 42 9 15 12 39 34 10 30 15 30 37 29 36 6 23 37 10 11 9 24 3 41 16 28 12 11 47 40 32 7 27 28 36 23 36 27 19 25 29 32 33 11 9 34 8 41 27 34 19 25 6 20 42 27 39 34 41 28 42 32 30 20 33 29 34 31 41 25 1 20 10 28 33 33 5 5 25 0 22 22 33 1 14 10 12 27 44 44 38 29 14 12 36 29 14 18 28 29
47 23 34 35 31 8 33 33 35 31 23 19 28 25 13 47 27 12 37 32 13 27 41 23 43 25 23 34 24 41 35 21 16 27 35 46 36 34 43 4 8 38 29 14 12 29 26 30 48 18 12 19 33 19 17 47 25 46 36 39 40 55 13 35 38 42 38 45 9 46 34 22 6 32 30 42 45 19 20 33 22 0 13 44 22 25 32 10 43 36 42 32 8 22 13 43 33 33 17 29 8
36 13 32 22 31 10 34 20 22 32 10 11 15 15 7 36 28 1 24 32 11 25 35 24 30 17 10 34 20 28 22 10 15 14 24 35 28 21 35 15 5 28 16 11 17 28 13 30 36 5 15 8 23 22 6 34 12 35 23 26 31 45 10 23 33 31 28 35 12 33 24 22 7 32 17 32 35 18 23 23 22 13 0 34 22 18 32 13 37 23 29 19 10 15 10 32 21 31 7 16 10
6 22 22 36 37 37 40 33 23 38 32 26 26 41 41 3 37 35 26 33 31 24 14 36 24 19 29 31 22 37 33 35 32 23 12 3 10 28 9 43 39 8 27 45 40 26 33 33 10 34 49 26 12 39 28 16 25 7 22 30 5 11 44 14 17 5 8 1 46 17 10 34 39 31 20 3 1 30 38 12 33 44 34 0 34 20 33 37 12 39 32 33 44 22 32 7 16 22 28 21 44
40 19 15 42 9 15 11 39 34 9 30 15 30 37 29 37 5 23 37 10 11 10 25 2 41 17 28 12 12 47 40 32 7 27 29 37 24 36 28 18 25 30 32 33 11 10 34 8 42 27 34 19 26 5 20 43 27 40 34 41 29 43 32 31 21 34 30 35 31 42 26 0 20 10 28 34 34 5 4 26 1 22 22 34 0 15 10 12 28 44 44 38 29 15 12 37 30 15 18 28 29
25 7 14 30 21 17 24 27 20 22 22 7 18 31 25 23 19 19 23 19 12 8 17 17 27 2 19 18 3 34 28 25 12 14 14 22 11 23 18 24 23 15 20 29 20 11 25 17 27 21 33 11 11 20 13 28 15 25 20 27 16 31 28 16 15 19 15 21 30 27 11 15 20 17 14 19 21 11 19 11 14 25 18 20 15 0 19 17 19 32 30 26 28 3 12 22 15 13 11 14 28
39 26 11 49 4 25 7 46 39 5 39 23 37 47 39 36 6 33 42 0 21 11 21 9 46 21 36 2 16 53 47 41 17 33 32 36 24 42 26 28 35 31 39 43 20 8 42 2 42 37 44 27 29 13 29 45 34 39 39 46 28 41 42 35 17 34 31 34 41 45 28 10 30 2 33 33 33 14 12 29 10 32 32 33 10 19 0 22 24 51 49 45 39 21 22 37 34 11 27 33 39
41 18 24 36 21 3 23 33 32 21 23 13 25 28 18 40 17 13 34 22 6 18 32 13 40 18 22 24 16 41 35 23 6 24 30 39 28 31 35 7 13 31 27 21 4 19 27 20 43 18 22 15 27 9 14 44 22 41 33 36 33 48 20 32 29 35 31 38 19 43 27 12 8 22 27 35 38 9 10 27 12 10 13 37 12 17 22 0 35 36 39 32 17 15 6 38 30 24 13 26 17
18 25 13 45 28 35 31 42 32 29 39 26 34 48 44 14 28 38 35 24 30 18 3 29 35 20 36 22 19 46 42 42 29 30 20 15 10 37 3 42 42 16 36 48 37 18 42 24 22 39 52 29 19 33 31 28 32 19 31 39 9 17 47 23 7 16 16 12 49 28 16 28 39 22 28 14 11 27 32 19 27 43 37 12 28 19 24 35 0 48 42 42 47 22 31 19 25 13 30 29 47
35 26 47 3 53 34 56 6 16 54 14 29 14 13 24 39 50 24 13 51 34 40 47 46 16 30 16 50 35 6 6 15 38 18 28 37 38 11 45 38 28 32 12 25 41 43 10 49 32 18 33 25 29 45 24 26 17 34 17 9 39 47 26 25 46 34 32 39 32 24 32 44 30 49 20 36 40 39 46 29 44 36 23 39 44 32 51 36 48 0 9 6 30 30 33 32 23 45 26 19 31
28 25 44 8 53 37 56 9 10 54 19 29 14 21 31 32 50 30 7 50 34 39 41 46 8 28 19 48 33 5 7 21 38 17 22 30 32 8 39 44 34 26 13 32 44 41 16 47 24 24 40 25 23 46 25 18 17 27 11 3 33 40 33 19 41 27 26 32 39 16 26 44 36 47 16 29 33 39 46 23 44 42 29 32 44 30 49 39 42 9 0 10 37 30 33 25 17 43 26 16 38
30 19 40 4 47 29 50 1 10 48 9 23 8 11 21 33 44 20 8 45 28 34 41 40 14 24 10 44 29 9 3 11 32 12 22 31 32 5 39 34 24 26 6 22 36 37 6 43 28 14 30 19 23 40 18 23 11 29 11 7 33 41 23 19 40 28 26 33 29 21 26 38 26 43 14 30 34 33 40 23 38 32 19 33 38 26 45 32 42 6 10 0 27 24 27 26 17 39 20 13 28
46 23 39 30 38 14 40 28 30 38 18 21 23 18 6 46 34 9 32 39 18 32 45 30 38 27 18 41 29 36 30 16 22 24 34 45 38 29 45 12 5 38 24 6 19 35 21 37 46 13 5 18 33 26 16 44 22 45 31 34 41 55 5 33 43 41 38 45 2 42 34 29 9 39 27 42 45 25 27 33 29 8 10 44 29 28 39 17 47 30 37 27 0 25 17 42 31 38 17 26 1
26 5 17 28 23 14 26 25 20 24 19 4 16 28 22 24 20 16 23 21 9 10 20 17 27 3 16 20 5 33 26 22 11 13 15 23 14 22 21 21 20 16 18 26 19 13 22 19 28 18 30 8 12 19 10 29 13 26 20 27 18 33 25 17 18 20 16 23 27 28 12 15 17 19 14 20 23 10 18 12 14 22 15 22 15 3 21 15 22 30 30 24 25 0 10 23 15 16 8 14 25
36 12 22 31 21 5 24 28 26 21 19 7 20 25 17 34 17 11 29 22 1 15 29 14 34 13 17 24 12 36 30 20 5 18 24 33 23 26 30 12 13 26 22 21 10 18 23 20 37 15 22 9 21 13 9 38 16 35 27 30 28 43 20 26 26 30 26 33 19 37 22 12 8 22 21 30 33 8 13 21 12 13 10 32 12 12 22 6 31 33 33 27 17 10 0 32 24 21 7 20 17
4 20 26 29 40 36 43 26 16 41 28 25 21 36 38 7 40 33 19 37 32 27 20 39 17 20 25 35 25 30 26 31 34 18 8 5 13 21 16 43 37 7 22 40 42 29 28 36 5 29 47 25 11 42 26 9 20 3 15 23 10 15 40 9 23 3 7 7 44 10 11 37 37 35 15 5 8 33 41 11 36 43 32 7 37 22 37 38 19 32 25 26 42 23 32 0 11 26 26 16 42
15 12 27 20 37 28 40 17 7 38 16 17 10 24 26 16 35 22 10 34 24 23 24 32 12 13 13 33 18 21 17 19 26 7 5 15 15 12 22 35 26 9 11 29 34 26 17 32 14 18 36 15 6 34 16 14 9 14 6 14 16 25 29 2 24 11 9 16 33 13 9 30 27 32 4 13 17 25 33 6 29 33 21 16 30 15 34 30 25 23 17 17 31 15 24 11 0 26 17 5 31
28 20 1 43 15 25 18 40 33 16 35 20 31 44 38 25 15 32 36 11 20 6 10 16 38 15 32 9 11 47 41 38 18 27 23 25 13 36 15 31 34 21 33 42 25 5 38 11 31 34 43 24 20 20 26 35 28 28 32 40 17 30 41 26 6 23 21 23 40 36 18 15 29 9 27 22 22 15 19 20 14 33 31 22 15 13 11 24 13 45 43 39 38 16 21 26 26 0 24 27 38
30 6 25 24 27 11 29 21 19 27 12 4 12 20 14 30 23 8 21 27 8 18 28 20 27 10 10 28 13 29 22 14 12 11 18 29 21 18 28 18 12 21 14 18 17 21 16 25 31 10 22 2 16 20 2 31 9 29 20 23 25 39 17 19 26 25 21 29 19 30 18 18 11 26 14 26 29 13 20 16 18 17 7 28 18 11 27 13 30 26 26 20 17 8 7 26 17 24 0 13 17
20 9 28 16 36 24 39 13 6 37 11 13 5 20 21 21 34 17 9 33 20 22 28 30 14 12 8 32 17 20 14 14 22 2 9 20 19 9 26 31 21 13 7 24 30 25 13 31 19 13 31 11 10 30 12 18 4 19 7 13 20 30 24 7 27 16 13 21 28 17 13 28 23 31 1 18 21 23 30 10 28 29 16 21 28 14 33 26 29 19 16 13 26 14 20 16 5 27 13 0 26
47 23 39 31 38 14 40 29 31 38 19 21 24 18 7 47 34 9 33 39 18 32 45 30 39 27 19 41 29 37 31 17 22 24 34 45 38 30 45 12 5 38 25 6 19 35 22 37 46 14 5 18 33 26 16 44 22 45 32 35 41 55 5 33 43 41 38 45 2 43 34 29 9 39 27 42 45 25 27 33 29 8 10 44 29 28 39 17 47 31 38 28 1 25 17 42 31 38 17 26 0
0         884      
460       501      
23        114      
315       365      
74        155      
114       219      
141       252      
345       383      
392       465      
779       839      
317       377      
192       292      
364       435      
733       798      
225       267      
0         21       
72        165      
266       340      
358       394      
42        122      
427       476      
176       235      
16        117      
75        168      
576       637      
529       586      
293       351      
41        103      
458       502      
656       722      
322       349      
387       485      
149       212      
370       432      
0         63       
0         15       
447       563      
360       399      
49        65       
98        160      
235       283      
0         47       
369       398      
252       276      
138       155      
61        91       
316       393      
67        143      
562       644      
278       351      
217       306      
276       343      
520       560      
123       156      
222       269      
597       619      
289       351      
621       687      
551       578      
317       405      
13        91       
705       757      
231       315      
538       606      
56        87       
13        42       
0         38       
0         16       
434       495      
551       612      
0         85       
68        153      
131       205      
57        101      
360       413      
0         23       
0         73       
117       135      
138       198      
0         64       
99        132      
266       333      
191       264      
0         26       
85        150      
189       248      
156       243      
131       225      
472       534      
330       387      
344       392      
294       370      
240       306      
229       261      
132       218      
579       614      
374       412      
28        85       
224       275      
382       460      
765       824      
