101
0 10 5 9 25 41 21 24 27 33 36 15 16 17 27 29 20 22 15 30 25 30 21 35 24 47 38 20 28 34 31 21 7 19 26 33 29 45 7 37 8 3 25 31 21 7 7 34 8 19 11 39 32 34 43 17 35 17 31 23 36 35 28 36 33 10 25 41 8 32 15 45 23 23 27 28 24 26 13 29 12 17 22 35 15 33 3 32 20 19 8 21 34 13 13 15 31 17 5 33 31
10 0 6 19 35 50 31 23 37 43 43 22 17 23 37 39 29 23 16 39 35 40 31 41 27 54 46 22 37 44 40 24 5 27 36 39 29 52 8 47 17 13 30 41 31 17 7 35 18 20 18 48 31 43 49 20 44 27 38 32 46 40 37 46 41 19 34 50 14 37 25 53 29 26 37 35 27 24 22 28 13 16 31 36 25 35 11 42 29 17 10 22 34 17 21 25 33 16 5 43 41
5 6 0 13 30 43 26 20 31 37 37 15 13 17 31 34 23 19 12 32 29 34 25 35 22 48 40 17 31 38 33 19 7 20 30 33 26 46 3 41 11 8 25 35 25 11 3 31 13 16 16 42 28 37 43 14 38 21 31 26 40 34 31 40 34 13 28 43 8 31 20 47 23 20 32 29 21 22 16 25 15 13 25 32 20 30 5 37 23 15 5 18 31 12 15 20 28 13 1 38 35
9 19 13 0 17 33 15 27 18 24 30 13 17 15 18 23 12 23 17 23 16 21 13 31 23 40 31 19 20 26 24 20 15 13 17 28 31 38 13 28 4 6 23 22 12 2 14 33 7 19 11 31 35 26 36 17 27 8 25 15 27 33 20 27 26 5 17 33 9 29 10 38 17 22 19 21 23 31 7 32 17 22 16 34 11 32 8 26 12 24 12 21 34 12 8 9 30 22 14 25 22
25 35 30 17 0 32 5 44 2 10 34 26 34 27 13 6 16 38 34 26 10 12 14 39 35 40 33 34 21 18 27 33 31 23 10 35 46 40 30 12 21 22 33 13 6 19 31 45 18 35 19 24 51 21 39 32 23 11 31 17 11 41 21 11 30 20 19 30 26 37 11 39 25 34 2 26 35 48 19 48 28 39 20 47 11 42 25 9 16 41 29 37 48 29 21 10 41 39 30 8 9
41 50 43 33 32 0 36 44 29 23 10 27 36 27 19 37 21 37 37 10 22 19 21 18 30 9 5 33 13 14 9 31 48 22 22 15 42 9 41 26 32 39 25 18 28 34 42 33 40 35 43 8 47 10 9 33 8 28 14 18 28 22 13 27 10 30 15 1 34 21 37 8 20 30 30 13 30 48 27 46 50 43 17 35 37 28 38 38 20 45 38 37 40 32 27 35 30 43 43 36 23
21 31 26 15 5 36 0 42 7 15 37 26 32 27 16 8 19 38 32 29 13 17 17 42 35 44 36 34 24 23 30 33 26 24 14 38 46 43 28 17 19 18 34 18 8 17 28 45 13 34 14 29 50 26 42 32 27 11 34 20 16 44 24 16 33 19 22 34 24 40 6 43 28 34 7 29 35 46 19 47 23 37 23 47 6 43 22 11 19 39 27 36 48 27 21 6 42 37 26 12 14
24 23 20 27 44 44 42 0 44 46 34 18 10 17 38 50 30 7 10 34 38 41 32 28 14 44 39 11 35 43 35 13 27 23 38 29 6 42 17 50 23 27 19 41 38 25 17 15 32 9 35 46 8 42 39 11 42 32 30 31 50 25 35 49 34 24 33 45 18 24 37 44 24 14 44 31 14 4 24 5 35 7 29 15 38 18 21 52 29 6 16 7 11 15 22 36 16 7 21 51 43
27 37 31 18 2 29 7 44 0 8 32 26 34 27 11 8 15 38 34 24 8 10 13 37 35 38 31 34 19 16 25 33 33 22 8 33 46 38 31 10 21 24 32 11 6 20 32 44 20 35 21 22 51 19 37 32 21 11 29 15 9 40 19 9 28 20 17 28 26 36 13 37 24 34 1 24 35 48 19 48 30 39 18 46 13 41 26 9 15 41 30 37 48 29 21 12 40 39 32 8 7
33 43 37 24 10 23 15 46 8 0 26 27 36 28 7 14 15 39 36 19 8 5 13 33 35 32 25 35 14 9 19 34 39 22 7 29 47 32 37 5 26 30 31 5 12 26 38 43 26 36 28 15 52 13 31 33 15 16 25 13 5 37 14 5 22 24 13 22 30 33 21 31 23 34 9 20 34 49 21 49 37 42 16 45 21 39 32 15 15 44 35 38 48 31 23 19 39 42 38 13 2
36 43 37 30 34 10 37 34 32 26 0 21 28 20 21 40 18 27 29 8 24 22 20 8 20 11 5 23 13 19 7 21 42 17 24 5 32 10 35 31 28 35 15 21 29 30 36 23 37 25 40 16 37 15 7 25 13 26 5 17 31 12 13 31 4 26 15 11 28 11 35 11 13 20 33 8 20 38 22 36 46 33 14 25 36 18 33 41 18 35 32 27 30 25 23 33 20 33 38 39 26
15 22 15 13 26 27 26 18 26 27 21 0 9 2 20 32 12 12 10 17 19 23 14 20 10 32 24 8 18 26 18 8 22 6 20 18 20 31 13 32 9 16 10 23 20 12 14 20 20 8 24 29 24 25 28 6 25 15 16 14 32 20 18 31 19 8 16 28 7 17 22 31 8 9 27 14 10 21 7 22 27 16 12 22 23 19 12 35 12 18 11 10 23 5 5 20 17 16 16 34 25
16 17 13 17 34 36 32 10 34 36 28 9 0 9 29 40 21 6 1 26 28 32 23 24 10 39 31 5 27 35 27 7 20 15 29 23 14 36 10 41 13 18 13 32 28 15 10 18 22 3 26 38 18 34 33 3 34 23 23 23 41 23 27 40 26 14 25 37 8 20 27 38 16 9 35 23 10 14 15 15 28 7 21 19 28 18 13 43 21 9 8 5 18 5 13 26 16 7 14 42 34
17 23 17 15 27 27 27 17 27 28 20 2 9 0 21 33 13 11 10 17 20 24 15 18 8 31 23 7 18 26 18 6 23 6 21 16 19 29 14 33 11 18 8 24 21 14 15 18 22 8 26 29 24 25 26 6 25 16 15 14 33 18 18 32 18 10 16 28 9 15 24 30 7 7 28 14 8 21 8 21 29 16 12 20 25 17 14 36 13 18 12 10 21 5 7 22 15 16 18 35 26
27 37 31 18 13 19 16 38 11 7 21 20 29 21 0 19 8 32 29 13 3 3 6 26 27 28 20 28 8 8 14 26 33 14 3 22 39 27 31 12 20 24 23 4 9 20 32 35 23 28 25 14 44 10 26 26 11 11 18 6 12 30 8 12 17 18 6 18 24 26 18 27 16 26 12 13 27 41 15 42 34 35 9 37 18 32 26 20 8 37 29 30 40 24 17 16 31 35 32 18 6
29 39 34 23 6 37 8 50 8 14 40 32 40 33 19 0 22 44 40 32 16 18 20 45 41 46 39 40 27 23 33 39 34 29 16 41 52 46 36 13 27 26 39 19 12 25 36 51 21 40 22 29 56 27 45 38 29 17 37 23 12 47 27 12 36 26 25 36 32 43 14 45 31 40 7 32 41 53 25 54 31 45 26 53 14 48 30 3 22 47 35 42 54 35 27 14 47 45 34 4 14
20 29 23 12 16 21 19 30 15 15 18 12 21 13 8 22 0 24 21 11 7 11 2 23 20 28 19 20 7 15 12 19 27 7 8 19 32 26 23 20 12 18 16 12 11 13 24 28 19 20 23 18 36 14 24 18 14 8 15 3 20 25 7 19 15 10 5 20 16 21 17 26 9 19 16 10 20 33 7 34 29 27 4 30 18 25 18 24 0 29 21 22 33 16 9 15 24 27 24 23 13
22 23 19 23 38 37 38 7 38 39 27 12 6 11 32 44 24 0 7 27 31 35 26 21 7 37 32 4 28 36 28 6 26 17 32 22 8 35 16 44 18 24 12 35 32 21 16 12 28 3 32 39 13 35 32 5 35 26 23 25 44 20 28 43 27 18 27 38 14 17 32 37 17 7 38 24 7 11 18 10 34 8 23 13 33 13 19 46 23 9 14 1 12 9 16 31 11 8 20 45 37
15 16 12 17 34 37 32 10 34 36 29 10 1 10 29 40 21 7 0 27 28 32 23 25 11 40 32 6 28 36 28 8 19 16 29 24 14 37 9 41 13 17 14 33 28 15 9 19 22 4 25 39 18 35 34 4 35 23 24 24 41 24 28 40 27 14 26 38 8 21 27 39 17 10 35 24 11 14 15 15 27 6 22 20 28 19 12 43 21 8 7 6 19 5 13 26 17 6 13 42 34
30 39 32 23 26 10 29 34 24 19 8 17 26 17 13 32 11 27 27 0 16 14 12 14 20 16 8 23 5 12 1 21 37 12 16 10 32 15 30 23 22 29 15 14 21 24 31 27 30 25 33 12 37 9 13 23 8 19 6 9 24 18 5 24 4 20 7 11 24 15 28 15 10 20 25 3 20 38 16 36 40 33 7 29 29 22 28 33 11 35 28 27 33 22 17 26 23 33 33 31 18
25 35 29 16 10 22 13 38 8 8 24 19 28 20 3 16 7 31 28 16 0 5 5 29 27 31 23 27 11 11 17 26 31 14 1 25 39 30 29 12 18 22 23 6 6 18 30 35 20 27 22 17 43 13 29 25 14 8 21 7 13 32 11 12 20 16 9 21 22 28 15 30 16 26 9 16 27 40 13 41 31 34 10 37 15 32 24 17 7 36 27 29 40 23 15 13 31 34 30 16 6
30 40 34 21 12 19 17 41 10 5 22 23 32 24 3 18 11 35 32 14 5 0 9 28 30 28 21 31 9 6 15 29 36 17 4 24 42 28 34 9 23 27 26 1 11 23 35 38 25 31 27 12 47 9 27 29 11 13 20 9 10 32 9 10 18 21 9 18 27 29 20 27 19 29 11 15 30 44 18 45 36 38 12 40 20 35 29 19 11 40 32 33 43 27 20 18 34 38 35 17 4
21 31 25 13 14 21 17 32 13 13 20 14 23 15 6 20 2 26 23 12 5 9 0 25 22 28 20 22 7 13 13 21 28 9 6 21 34 27 25 17 14 19 18 10 9 14 26 30 19 22 22 17 38 13 25 20 14 7 17 3 18 27 7 17 16 12 5 20 18 23 16 27 11 21 14 12 22 35 9 36 30 29 6 32 17 27 20 22 2 31 23 24 35 18 11 14 26 29 26 21 11
35 41 35 31 39 18 42 28 37 33 8 20 24 18 26 45 23 21 25 14 29 28 25 0 14 17 13 19 19 26 14 17 41 18 29 4 25 15 32 37 29 36 11 28 34 31 33 16 38 21 42 24 30 23 12 21 21 31 8 22 38 4 19 38 11 27 20 19 27 4 40 17 14 15 38 13 14 31 24 29 47 29 19 18 41 11 32 46 23 30 30 21 23 23 24 38 13 28 36 44 32
24 27 22 23 35 30 35 14 35 35 20 10 10 8 27 41 20 7 11 20 27 30 22 14 0 30 25 5 22 30 21 3 29 13 28 15 13 28 19 39 19 26 5 31 29 22 20 10 30 7 34 32 18 29 25 7 28 24 16 21 39 13 22 39 20 18 21 31 16 10 32 30 11 1 36 17 0 18 16 16 36 14 18 12 33 9 21 44 20 15 16 7 14 11 15 30 7 14 22 43 33
47 54 48 40 40 9 44 44 38 32 11 32 39 31 28 46 28 37 40 16 31 28 28 17 30 0 8 34 20 23 15 32 53 28 31 15 42 2 45 35 38 45 25 27 36 40 46 33 46 36 49 17 47 19 5 35 17 35 16 25 37 21 20 36 13 36 22 10 39 21 44 1 24 30 39 18 30 48 32 46 56 44 23 35 45 28 44 47 27 45 43 37 40 36 33 42 30 44 48 45 32
38 46 40 31 33 5 36 39 31 25 5 24 31 23 20 39 19 32 32 8 23 21 20 13 25 8 0 28 12 16 7 26 45 19 23 10 37 7 37 28 30 37 20 20 28 32 38 28 38 30 41 12 42 12 6 28 10 27 9 17 30 17 12 29 5 28 14 6 31 16 36 7 16 25 32 10 25 43 24 41 48 38 15 30 37 23 36 40 19 40 35 32 35 28 25 34 25 38 40 38 25
20 22 17 19 34 33 34 11 34 35 23 8 5 7 28 40 20 4 6 23 27 31 22 19 5 34 28 0 24 32 24 2 24 13 28 18 12 31 14 39 15 22 8 31 28 18 15 14 26 2 30 35 17 31 28 3 31 23 19 21 40 18 24 39 23 15 23 34 12 15 29 33 13 4 35 20 5 15 15 14 32 10 19 15 30 13 17 43 20 12 12 4 15 7 13 28 11 10 18 42 33
28 37 31 20 21 13 24 35 19 14 13 18 27 18 8 27 7 28 28 5 11 9 7 19 22 20 12 24 0 8 6 22 34 12 11 15 35 19 30 18 19 25 18 9 16 20 31 30 26 26 29 11 40 7 18 24 7 14 11 4 19 23 0 19 9 17 2 13 23 19 23 19 11 22 20 6 22 39 14 38 36 34 6 32 24 26 25 28 7 36 28 28 36 23 16 21 26 34 31 26 13
34 44 38 26 18 14 23 43 16 9 19 26 35 26 8 23 15 36 36 12 11 6 13 26 30 23 16 32 8 0 12 30 41 20 10 22 43 23 38 12 27 32 26 5 17 27 39 38 31 34 33 6 48 4 22 32 6 19 18 12 14 30 8 13 15 25 10 13 31 27 26 22 19 30 17 14 30 47 22 46 42 42 14 40 26 34 33 24 15 44 36 36 44 31 24 24 34 42 39 22 9
31 40 33 24 27 9 30 35 25 19 7 18 27 18 14 33 12 28 28 1 17 15 13 14 21 15 7 24 6 12 0 22 38 13 17 10 33 14 31 24 23 30 16 14 22 25 32 27 31 26 34 11 38 9 12 24 8 20 6 10 24 18 6 24 3 21 8 10 25 15 29 14 11 21 26 4 21 39 17 37 41 34 8 29 30 22 29 34 12 36 29 28 33 23 18 27 23 34 34 32 19
21 24 19 20 33 31 33 13 33 34 21 8 7 6 26 39 19 6 8 21 26 29 21 17 3 32 26 2 22 30 22 0 26 12 27 16 13 29 16 38 16 23 6 30 27 19 17 13 27 4 31 33 18 29 26 4 29 22 17 20 38 16 22 38 21 15 21 32 13 13 29 31 11 2 34 18 3 17 14 16 33 12 17 14 30 12 18 42 19 14 13 6 15 8 13 28 10 12 19 41 32
7 5 7 15 31 48 26 27 33 39 42 22 20 23 33 34 27 26 19 37 31 36 28 41 29 53 45 24 34 41 38 26 0 26 32 39 33 52 10 43 15 9 31 37 27 14 10 38 13 23 13 45 35 41 49 21 41 23 38 30 42 41 34 42 40 17 32 47 14 38 20 52 29 27 33 35 28 28 20 32 8 20 29 39 20 37 9 37 27 21 12 25 38 19 19 21 35 20 6 38 37
19 27 20 13 23 22 24 23 22 22 17 6 15 6 14 29 7 17 16 12 14 17 9 18 13 28 19 13 12 20 13 12 26 0 15 15 25 26 19 26 11 18 10 17 17 13 20 22 20 14 24 23 30 19 24 12 19 13 12 8 26 20 12 26 14 9 10 23 12 16 22 26 4 12 23 9 13 27 6 27 29 22 6 24 23 19 16 31 7 24 17 16 26 11 6 20 18 22 21 30 20
26 36 30 17 10 22 14 38 8 7 24 20 29 21 3 16 8 32 29 16 1 4 6 29 28 31 23 28 11 10 17 27 32 15 0 25 40 30 30 11 19 23 24 5 7 19 31 36 21 28 23 16 44 13 29 26 14 9 21 8 12 32 11 11 20 17 9 21 23 29 16 30 17 27 9 16 28 41 14 42 32 35 11 38 16 33 25 17 8 37 28 30 41 24 16 14 32 35 31 16 5
33 39 33 28 35 15 38 29 33 29 5 18 23 16 22 41 19 22 24 10 25 24 21 4 15 15 10 18 15 22 10 16 39 15 25 0 27 13 30 33 26 33 10 24 30 28 31 18 35 20 39 20 32 19 10 20 17 27 4 18 34 8 15 34 7 24 16 16 25 6 36 15 11 15 34 9 15 33 21 31 44 28 15 20 37 13 30 42 19 30 28 22 25 21 21 34 15 28 34 40 28
29 29 26 31 46 42 46 6 46 47 32 20 14 19 39 52 32 8 14 32 39 42 34 25 13 42 37 12 35 43 33 13 33 25 40 27 0 40 23 51 26 31 17 42 40 29 23 10 36 11 39 44 5 41 37 13 40 34 28 33 51 21 35 51 32 26 34 43 22 21 40 42 24 13 46 30 13 7 26 4 41 13 30 9 41 14 26 54 31 12 21 9 5 17 24 39 12 13 27 53 45
45 52 46 38 40 9 43 42 38 32 10 31 36 29 27 46 26 35 37 15 30 28 27 15 28 2 7 31 19 23 14 29 52 26 30 13 40 0 43 35 37 44 23 27 35 39 44 31 45 33 48 17 45 19 3 33 17 33 15 23 37 19 19 36 12 35 21 10 38 19 42 2 23 28 39 17 28 46 31 44 55 41 22 33 43 26 42 47 26 43 41 35 38 34 32 40 28 41 47 45 32
7 8 3 13 30 41 28 17 31 37 35 13 10 14 31 36 23 16 9 30 29 34 25 32 19 45 37 14 30 38 31 16 10 19 30 30 23 43 0 41 11 10 22 35 25 11 1 28 15 13 18 41 25 37 40 11 37 21 29 26 40 31 30 40 32 13 28 41 7 28 22 44 21 17 32 27 18 19 16 22 18 10 24 29 22 27 5 39 23 12 2 15 28 9 14 21 25 10 4 38 35
37 47 41 28 12 26 17 50 10 5 31 32 41 33 12 13 20 44 41 23 12 9 17 37 39 35 28 39 18 12 24 38 43 26 11 33 51 35 41 0 30 34 35 10 16 30 42 47 30 39 31 18 55 16 34 37 18 20 29 18 2 41 18 1 27 28 18 25 34 37 23 34 28 38 10 24 39 52 25 53 40 46 21 49 23 44 36 13 19 48 39 41 52 35 27 22 43 46 42 10 6
8 17 11 4 21 32 19 23 21 26 28 9 13 11 20 27 12 18 13 22 18 23 14 29 19 38 30 15 19 27 23 16 15 11 19 26 26 37 11 30 0 8 19 24 15 3 12 29 11 14 15 30 30 26 35 12 26 10 23 15 29 29 19 29 24 2 17 32 5 25 14 37 15 18 22 19 19 27 5 28 19 18 14 30 15 28 6 30 12 20 9 16 29 8 5 13 26 18 12 29 24
3 13 8 6 22 39 18 27 24 30 35 16 18 18 24 26 18 24 17 29 22 27 19 36 26 45 37 22 25 32 30 23 9 18 23 33 31 44 10 34 8 0 26 28 18 5 10 36 5 21 8 36 35 32 42 19 32 14 30 21 33 36 25 33 32 9 23 38 10 33 12 44 22 25 24 27 26 29 12 32 11 20 21 37 12 35 5 29 18 22 10 23 36 15 12 12 33 20 8 30 28
25 30 25 23 33 25 34 19 32 31 15 10 13 8 23 39 16 12 14 15 23 26 18 11 5 25 20 8 18 26 16 6 31 10 24 10 17 23 22 35 19 26 0 27 27 22 23 12 30 10 34 27 22 24 20 10 23 23 11 17 35 10 18 35 15 18 17 26 17 7 32 25 7 5 32 13 5 23 16 21 37 18 14 14 33 9 22 40 16 20 19 12 18 13 15 30 8 18 25 39 29
31 41 35 22 13 18 18 41 11 5 21 23 32 24 4 19 12 35 33 14 6 1 10 28 31 27 20 31 9 5 14 30 37 17 5 24 42 27 35 10 24 28 27 0 12 24 36 39 26 31 28 11 47 8 26 29 10 14 20 9 10 32 9 10 17 22 9 17 28 28 21 26 19 29 12 15 30 44 19 44 37 39 12 41 21 35 30 20 12 41 33 33 43 28 21 19 35 39 36 18 5
21 31 25 12 6 28 8 38 6 12 29 20 28 21 9 12 11 32 28 21 6 11 9 34 29 36 28 28 16 17 22 27 27 17 7 30 40 35 25 16 15 18 27 12 0 14 26 39 14 28 16 23 44 19 34 26 20 5 26 12 15 36 16 15 25 14 14 27 20 32 9 35 20 28 7 21 29 41 13 42 25 33 15 41 9 36 20 15 11 35 24 30 42 23 15 7 35 33 26 14 10
7 17 11 2 19 34 17 25 20 26 30 12 15 14 20 25 13 21 15 24 18 23 14 31 22 40 32 18 20 27 25 19 14 13 19 28 29 39 11 30 3 5 22 24 14 0 12 32 8 17 12 31 33 27 37 15 27 10 25 16 29 32 20 29 26 4 18 33 7 28 12 39 17 21 21 21 22 29 7 30 16 20 16 33 13 31 6 28 13 22 10 19 32 11 7 11 29 20 12 27 24
7 7 3 14 31 42 28 17 32 38 36 14 10 15 32 36 24 16 9 31 30 35 26 33 20 46 38 15 31 39 32 17 10 20 31 31 23 44 1 42 12 10 23 36 26 12 0 28 15 13 18 42 25 38 41 12 38 22 30 27 41 32 31 41 33 14 29 42 8 29 22 45 22 18 33 28 19 19 17 22 18 10 25 29 22 28 6 39 24 12 3 15 28 10 15 22 26 10 4 39 36
34 35 31 33 45 33 45 15 44 43 23 20 18 18 35 51 28 12 19 27 35 38 30 16 10 33 28 14 30 38 27 13 38 22 36 18 10 31 28 47 29 36 12 39 39 32 28 0 40 15 44 38 14 36 28 17 35 34 21 29 47 12 30 47 25 28 29 34 26 12 42 33 19 11 44 24 10 17 26 14 46 20 26 2 43 5 31 52 28 20 26 13 7 21 25 40 4 20 32 51 41
8 18 13 7 18 40 13 32 20 26 37 20 22 22 23 21 19 28 22 30 20 25 19 38 30 46 38 26 26 31 31 27 13 20 21 35 36 45 15 30 11 5 30 26 14 8 15 40 0 25 4 36 40 32 43 23 33 12 32 21 29 40 26 29 33 12 23 39 14 36 7 45 24 29 20 28 30 34 14 37 11 25 23 41 7 39 10 24 19 27 15 27 40 19 15 8 37 25 13 25 24
19 20 16 19 35 35 34 9 35 36 25 8 3 8 28 40 20 3 4 25 27 31 22 21 7 36 30 2 26 34 26 4 23 14 28 20 11 33 13 39 14 21 10 31 28 17 13 15 25 0 29 37 16 33 30 2 33 23 21 22 40 20 26 39 25 15 24 36 11 17 28 35 15 6 35 22 7 13 15 13 31 8 20 16 29 15 16 43 20 10 11 2 15 6 13 27 13 8 17 42 33
11 18 16 11 19 43 14 35 21 28 40 24 26 26 25 22 23 32 25 33 22 27 22 42 34 49 41 30 29 33 34 31 13 24 23 39 39 48 18 31 15 8 34 28 16 12 18 44 4 29 0 39 43 35 46 27 36 15 36 25 30 44 29 30 37 16 27 42 18 40 8 48 28 33 21 32 34 37 18 40 9 28 26 45 8 43 13 25 23 30 18 31 44 23 19 9 41 28 16 26 26
39 48 42 31 24 8 29 46 22 15 16 29 38 29 14 29 18 39 39 12 17 12 17 24 32 17 12 35 11 6 11 33 45 23 16 20 44 17 41 18 30 36 27 11 23 31 42 38 36 37 39 0 49 4 17 35 4 24 17 15 20 28 11 19 13 28 13 7 34 26 32 16 22 32 23 15 32 50 25 48 47 45 17 40 32 33 36 30 18 47 39 39 44 34 27 30 34 45 42 28 15
32 31 28 35 51 47 50 8 51 52 37 24 18 24 44 56 36 13 18 37 43 47 38 30 18 47 42 17 40 48 38 18 35 30 44 32 5 45 25 55 30 35 22 47 44 33 25 14 40 16 43 49 0 46 42 18 45 39 33 38 56 26 40 55 37 31 39 48 26 26 44 47 29 18 51 35 18 7 31 3 43 15 35 12 45 19 29 59 36 14 24 14 7 22 29 43 17 15 29 58 49
34 43 37 26 21 10 26 42 19 13 15 25 34 25 10 27 14 35 35 9 13 9 13 23 29 19 12 31 7 4 9 29 41 19 13 19 41 19 37 16 26 32 24 8 19 27 38 36 32 33 35 4 46 0 18 31 2 20 15 11 18 27 7 17 12 24 9 9 30 24 28 18 18 29 20 12 29 46 21 45 43 41 13 38 28 31 32 28 14 43 35 35 42 30 23 26 32 41 38 26 13
43 49 43 36 39 9 42 39 37 31 7 28 33 26 26 45 24 32 34 13 29 27 25 12 25 5 6 28 18 22 12 26 49 24 29 10 37 3 40 34 35 42 20 26 34 37 41 28 43 30 46 17 42 18 0 30 16 32 12 22 36 16 18 35 10 33 20 10 35 16 41 5 20 25 38 15 25 43 29 41 53 38 20 30 42 23 40 46 24 40 38 32 35 31 30 39 25 38 44 44 31
17 20 14 17 32 33 32 11 32 33 25 6 3 6 26 38 18 5 4 23 25 29 20 21 7 35 28 3 24 32 24 4 21 12 26 20 13 33 11 37 12 19 10 29 26 15 12 17 23 2 27 35 18 31 30 0 31 21 20 20 38 20 24 37 23 13 22 34 9 17 26 35 13 6 33 20 7 15 13 15 29 10 18 18 27 16 14 41 18 12 9 4 17 4 11 25 14 10 15 40 31
35 44 38 27 23 8 27 42 21 15 13 25 34 25 11 29 14 35 35 8 14 11 14 21 28 17 10 31 7 6 8 29 41 19 14 17 40 17 37 18 26 32 23 10 20 27 38 35 33 33 36 4 45 2 16 31 0 21 14 11 20 25 7 19 10 24 9 7 30 23 29 16 18 28 22 11 28 46 21 44 43 41 13 37 29 30 32 30 14 43 35 35 41 30 23 27 31 41 38 28 15
17 27 21 8 11 28 11 32 11 16 26 15 23 16 11 17 8 26 23 19 8 13 7 31 24 35 27 23 14 19 20 22 23 13 9 27 34 33 21 20 10 14 23 14 5 10 22 34 12 23 15 24 39 20 32 21 21 0 23 10 19 33 14 19 23 9 12 27 15 29 9 33 17 23 12 18 24 36 8 36 23 28 12 36 10 32 16 20 8 30 19 25 37 18 10 7 31 28 22 19 14
31 38 31 25 31 14 34 30 29 25 5 16 23 15 18 37 15 23 24 6 21 20 17 8 16 16 9 19 11 18 6 17 38 12 21 4 28 15 29 29 23 30 11 20 26 25 30 21 32 21 36 17 33 15 12 20 14 23 0 14 30 12 11 30 4 21 12 15 23 9 32 16 8 16 30 5 16 34 18 32 41 29 11 23 33 16 28 38 15 31 27 23 27 20 18 30 17 29 32 36 24
23 32 26 15 17 18 20 31 15 13 17 14 23 14 6 23 3 25 24 9 7 9 3 22 21 25 17 21 4 12 10 20 30 8 8 18 33 23 26 18 15 21 17 9 12 16 27 29 21 22 25 15 38 11 22 20 11 10 14 0 18 24 4 18 13 13 2 17 19 21 19 23 10 20 16 9 21 35 10 35 32 30 3 31 20 26 21 24 3 32 24 24 34 19 12 17 25 30 27 23 12
36 46 40 27 11 28 16 50 9 5 31 32 41 33 12 12 20 44 41 24 13 10 18 38 39 37 30 40 19 14 24 38 42 26 12 34 51 37 40 2 29 33 35 10 15 29 41 47 29 40 30 20 56 18 36 38 20 19 30 18 0 42 19 1 27 28 18 27 34 38 22 36 28 38 9 25 39 53 26 53 39 47 21 49 22 44 35 10 20 49 38 42 52 36 28 21 43 47 41 8 7
35 40 34 33 41 22 44 25 40 37 12 20 23 18 30 47 25 20 24 18 32 32 27 4 13 21 17 18 23 30 18 16 41 20 32 8 21 19 31 41 29 36 10 32 36 32 32 12 40 20 44 28 26 27 16 20 25 33 12 24 42 0 23 42 15 28 24 23 27 4 42 21 16 14 40 17 13 28 26 25 47 27 21 14 43 7 32 48 25 28 29 20 19 23 25 40 9 27 35 47 36
28 37 31 20 21 13 24 35 19 14 13 18 27 18 8 27 7 28 28 5 11 9 7 19 22 20 12 24 0 8 6 22 34 12 11 15 35 19 30 18 19 25 18 9 16 20 31 30 26 26 29 11 40 7 18 24 7 14 11 4 19 23 0 19 9 17 2 13 23 19 23 19 11 22 20 6 22 39 14 38 36 34 6 32 24 26 25 28 7 36 28 28 36 23 16 21 26 34 31 26 13
36 46 40 27 11 27 16 49 9 5 31 31 40 32 12 12 19 43 40 24 12 10 17 38 39 36 29 39 19 13 24 38 42 26 11 34 51 36 40 1 29 33 35 10 15 29 41 47 29 39 30 19 55 17 35 37 19 19 30 18 1 42 19 0 27 28 18 26 34 38 22 35 28 38 9 25 39 52 25 52 39 46 21 49 22 44 35 11 19 48 38 41 52 35 27 21 43 46 41 9 6
33 41 34 26 30 10 33 34 28 22 4 19 26 18 17 36 15 27 27 4 20 18 16 11 20 13 5 23 9 15 3 21 40 14 20 7 32 12 32 27 24 32 15 17 25 26 33 25 33 25 37 13 37 12 10 23 10 23 4 13 27 15 9 27 0 22 11 11 26 13 32 12 11 20 29 5 20 38 19 36 42 33 11 27 33 20 30 37 15 35 30 27 31 23 20 30 21 33 35 35 22
10 19 13 5 20 30 19 24 20 24 26 8 14 10 18 26 10 18 14 20 16 21 12 27 18 36 28 15 17 25 21 15 17 9 17 24 26 35 13 28 2 9 18 22 14 4 14 28 12 15 16 28 31 24 33 13 24 9 21 13 28 28 17 28 22 0 15 30 6 24 14 34 13 17 21 17 18 28 3 28 20 19 12 29 15 27 8 29 10 21 11 17 30 9 3 13 25 19 14 28 22
25 34 28 17 19 15 22 33 17 13 15 16 25 16 6 25 5 27 26 7 9 9 5 20 21 22 14 23 2 10 8 21 32 10 9 16 34 21 28 18 17 23 17 9 14 18 29 29 23 24 27 13 39 9 20 22 9 12 12 2 18 24 2 18 11 15 0 15 21 20 21 21 10 21 18 7 21 37 12 37 34 32 4 31 22 26 23 26 5 34 26 26 35 21 14 19 25 32 29 24 12
41 50 43 33 30 1 34 45 28 22 11 28 37 28 18 36 20 38 38 11 21 18 20 19 31 10 6 34 13 13 10 32 47 23 21 16 43 10 41 25 32 38 26 17 27 33 42 34 39 36 42 7 48 9 10 34 7 27 15 17 27 23 13 26 11 30 15 0 35 22 36 9 21 31 29 14 31 49 27 47 49 44 18 36 36 29 38 37 20 46 39 38 41 33 28 34 31 44 44 35 22
8 14 8 9 26 34 24 18 26 30 28 7 8 9 24 32 16 14 8 24 22 27 18 27 16 39 31 12 23 31 25 13 14 12 23 25 22 38 7 34 5 10 17 28 20 7 8 26 14 11 18 34 26 30 35 9 30 15 23 19 34 27 23 34 26 6 21 35 0 24 19 38 15 15 27 21 16 22 9 23 20 13 17 27 20 25 5 35 16 15 5 13 26 5 7 18 23 13 9 34 28
32 37 31 29 37 21 40 24 36 33 11 17 20 15 26 43 21 17 21 15 28 29 23 4 10 21 16 15 19 27 15 13 38 16 29 6 21 19 28 37 25 33 7 28 32 28 29 12 36 17 40 26 26 24 16 17 23 29 9 21 38 4 19 38 13 24 20 22 24 0 38 21 12 11 37 13 10 27 22 25 44 24 18 14 39 7 29 45 21 25 26 17 19 20 21 36 9 24 32 44 32
15 25 20 10 11 37 6 37 13 21 35 22 27 24 18 14 17 32 27 28 15 20 16 40 32 44 36 29 23 26 29 29 20 22 16 36 40 42 22 23 14 12 32 21 9 12 22 42 7 28 8 32 44 28 41 26 29 9 32 19 22 42 23 22 32 14 21 36 19 38 0 42 26 31 13 27 32 41 16 41 17 32 21 43 1 41 17 17 17 34 22 30 43 22 17 2 39 32 20 18 19
45 53 47 38 39 8 43 44 37 31 11 31 38 30 27 45 26 37 39 15 30 27 27 17 30 1 7 33 19 22 14 31 52 26 30 15 42 2 44 34 37 44 25 26 35 39 45 33 45 35 48 16 47 18 5 35 16 33 16 23 36 21 19 35 12 34 21 9 38 21 42 0 23 30 38 17 30 48 31 46 54 43 22 35 43 28 42 46 26 45 42 37 40 35 32 40 30 43 47 44 31
23 29 23 17 25 20 28 24 24 23 13 8 16 7 16 31 9 17 17 10 16 19 11 14 11 24 16 13 11 19 11 11 29 4 17 11 24 23 21 28 15 22 7 19 20 17 22 19 24 15 28 22 29 18 20 13 18 17 8 10 28 16 11 28 11 13 10 21 15 12 26 23 0 11 25 7 11 28 10 27 33 23 7 21 27 16 20 33 9 25 19 17 25 12 10 24 15 23 24 32 22
23 26 20 22 34 30 34 14 34 34 20 9 9 7 26 40 19 7 10 20 26 29 21 15 1 30 25 4 22 30 21 2 27 12 27 15 13 28 17 38 18 25 5 29 28 21 18 11 29 6 33 32 18 29 25 6 28 23 16 20 38 14 22 38 20 17 21 31 15 11 31 30 11 0 35 17 1 18 15 16 35 14 18 13 32 10 20 43 19 15 15 7 14 10 14 29 8 14 21 42 32
27 37 32 19 2 30 7 44 1 9 33 27 35 28 12 7 16 38 35 25 9 11 14 38 36 39 32 35 20 17 26 34 33 23 9 34 46 39 32 10 22 24 32 12 7 21 33 44 20 35 21 23 51 20 38 33 22 12 30 16 9 40 20 9 29 21 18 29 27 37 13 38 25 35 0 25 36 48 20 48 30 40 19 46 13 41 27 8 16 42 31 37 49 30 22 12 40 40 32 7 8
28 35 29 21 26 13 29 31 24 20 8 14 23 14 13 32 10 24 24 3 16 15 12 13 17 18 10 20 6 14 4 18 35 9 16 9 30 17 27 24 19 27 13 15 21 21 28 24 28 22 32 15 35 12 15 20 11 18 5 9 25 17 6 25 5 17 7 14 21 13 27 17 7 17 25 0 17 35 14 33 37 30 6 26 28 20 25 33 10 32 25 24 30 19 15 25 20 30 30 31 19
24 27 21 23 35 30 35 14 35 34 20 10 10 8 27 41 20 7 11 20 27 30 22 14 0 30 25 5 22 30 21 3 28 13 28 15 13 28 18 39 19 26 5 30 29 22 19 10 30 7 34 32 18 29 25 7 28 24 16 21 39 13 22 39 20 18 21 31 16 10 32 30 11 1 36 17 0 18 16 16 36 14 18 12 33 9 21 44 20 15 16 7 14 11 15 30 7 14 22 43 33
26 24 22 31 48 48 46 4 48 49 38 21 14 21 41 53 33 11 14 38 40 44 35 31 18 48 43 15 39 47 39 17 28 27 41 33 7 46 19 52 27 29 23 44 41 29 19 17 34 13 37 50 7 46 43 15 46 36 34 35 53 28 39 52 38 28 37 49 22 27 41 48 28 18 48 35 18 0 28 4 36 9 33 16 41 21 24 56 33 7 19 11 12 19 26 40 19 9 22 55 46
13 22 16 7 19 27 19 24 19 21 22 7 15 8 15 25 7 18 15 16 13 18 9 24 16 32 24 15 14 22 17 14 20 6 14 21 26 31 16 25 5 12 16 19 13 7 17 26 14 15 18 25 31 21 29 13 21 8 18 10 26 26 14 25 19 3 12 27 9 22 16 31 10 15 20 14 16 28 0 28 23 21 9 28 17 25 11 28 7 23 14 17 29 10 2 14 23 21 17 27 19
29 28 25 32 48 46 47 5 48 49 36 22 15 21 42 54 34 10 15 36 41 45 36 29 16 46 41 14 38 46 37 16 32 27 42 31 4 44 22 53 28 32 21 44 42 30 22 14 37 13 40 48 3 45 41 15 44 36 32 35 53 25 38 52 36 28 37 47 23 25 41 46 27 16 48 33 16 4 28 0 40 12 33 13 42 18 26 56 33 11 21 11 8 19 26 40 16 12 26 55 46
12 13 15 17 28 50 23 35 30 37 46 27 28 29 34 31 29 34 27 40 31 36 30 47 36 56 48 32 36 42 41 33 8 29 32 44 41 55 18 40 19 11 37 37 25 16 18 46 11 31 9 47 43 43 53 29 43 23 41 32 39 47 36 39 42 20 34 49 20 44 17 54 33 35 30 37 36 36 23 40 0 28 32 47 17 45 15 34 29 29 20 33 46 25 23 18 43 28 14 35 35
17 16 13 22 39 43 37 7 39 42 33 16 7 16 35 45 27 8 6 33 34 38 29 29 14 44 38 10 34 42 34 12 20 22 35 28 13 41 10 46 18 20 18 39 33 20 10 20 25 8 28 45 15 41 38 10 41 28 29 30 47 27 34 46 33 19 32 44 13 24 32 43 23 14 40 30 14 9 21 12 28 0 28 20 32 21 15 48 27 2 10 7 18 11 19 31 19 0 14 47 40
22 31 25 16 20 17 23 29 18 16 14 12 21 12 9 26 4 23 22 7 10 12 6 19 18 23 15 19 6 14 8 17 29 6 11 15 30 22 24 21 14 21 14 12 15 16 25 26 23 20 26 17 35 13 20 18 13 12 11 3 21 21 6 21 11 12 4 18 17 18 21 22 7 18 19 6 18 33 9 33 32 28 0 28 22 23 20 27 4 30 22 22 32 17 10 19 22 28 26 26 15
35 36 32 34 47 35 47 15 46 45 25 22 19 20 37 53 30 13 20 29 37 40 32 18 12 35 30 15 32 40 29 14 39 24 38 20 9 33 29 49 30 37 14 41 41 33 29 2 41 16 45 40 12 38 30 18 37 36 23 31 49 14 32 49 27 29 31 36 27 14 43 35 21 13 46 26 12 16 28 13 47 20 28 0 44 7 32 54 30 20 27 14 5 22 27 42 6 20 33 53 43
15 25 20 11 11 37 6 38 13 21 36 23 28 25 18 14 18 33 28 29 15 20 17 41 33 45 37 30 24 26 30 30 20 23 16 37 41 43 22 23 15 12 33 21 9 13 22 43 7 29 8 32 45 28 42 27 29 10 33 20 22 43 24 22 33 15 22 36 20 39 1 43 27 32 13 28 33 41 17 42 17 32 22 44 0 42 17 17 18 34 22 31 44 23 18 3 40 32 20 18 19
33 35 30 32 42 28 43 18 41 39 18 19 18 17 32 48 25 13 19 22 32 35 27 11 9 28 23 13 26 34 22 12 37 19 33 13 14 26 27 44 28 35 9 35 36 31 28 5 39 15 43 33 19 31 23 16 30 32 16 26 44 7 26 44 20 27 26 29 25 7 41 28 16 10 41 20 9 21 25 18 45 21 23 7 42 0 30 49 25 22 25 14 12 20 24 39 2 21 31 48 38
3 11 5 8 25 38 22 21 26 32 33 12 13 14 26 30 18 19 12 28 24 29 20 32 21 44 36 17 25 33 29 18 9 16 25 30 26 42 5 36 6 5 22 30 20 6 6 31 10 16 13 36 29 32 40 14 32 16 28 21 35 32 25 35 30 8 23 38 5 29 17 42 20 20 27 25 21 24 11 26 15 15 20 32 17 30 0 33 18 17 5 18 31 10 10 16 28 15 6 33 30
32 42 37 26 9 38 11 52 9 15 41 35 43 36 20 3 24 46 43 33 17 19 22 46 44 47 40 43 28 24 34 42 37 31 17 42 54 47 39 13 30 29 40 20 15 28 39 52 24 43 25 30 59 28 46 41 30 20 38 24 10 48 28 11 37 29 26 37 35 45 17 46 33 43 8 33 44 56 28 56 34 48 27 54 17 49 33 0 24 50 38 45 57 38 30 17 48 48 37 2 15
20 29 23 12 16 20 19 29 15 15 18 12 21 13 8 22 0 23 21 11 7 11 2 23 20 27 19 20 7 15 12 19 27 7 8 19 31 26 23 19 12 18 16 12 11 13 24 28 19 20 23 18 36 14 24 18 14 8 15 3 20 25 7 19 15 10 5 20 16 21 17 26 9 19 16 10 20 33 7 33 29 27 4 30 18 25 18 24 0 29 21 22 33 16 9 15 24 27 24 23 13
19 17 15 24 41 45 39 6 41 44 35 18 9 18 37 47 29 9 8 35 36 40 31 30 15 45 40 12 36 44 36 14 21 24 37 30 12 43 12 48 20 22 20 41 35 22 12 20 27 10 30 47 14 43 40 12 43 30 31 32 49 28 36 48 35 21 34 46 15 25 34 45 25 15 42 32 15 7 23 11 29 2 30 20 34 22 17 50 29 0 12 8 17 13 21 33 20 2 15 49 42
8 10 5 12 29 38 27 16 30 35 32 11 8 12 29 35 21 14 7 28 27 32 23 30 16 43 35 12 28 36 29 13 12 17 28 28 21 41 2 39 9 10 19 33 24 10 3 26 15 11 18 39 24 35 38 9 35 19 27 24 38 29 28 38 30 11 26 39 5 26 22 42 19 15 31 25 16 19 14 21 20 10 22 27 22 25 5 38 21 12 0 13 26 7 12 21 23 10 6 37 33
21 22 18 21 37 37 36 7 37 38 27 10 5 10 30 42 22 1 6 27 29 33 24 21 7 37 32 4 28 36 28 6 25 16 30 22 9 35 15 41 16 23 12 33 30 19 15 13 27 2 31 39 14 35 32 4 35 25 23 24 42 20 28 41 27 17 26 38 13 17 30 37 17 7 37 24 7 11 17 11 33 7 22 14 31 14 18 45 22 8 13 0 13 8 15 29 12 7 19 44 35
34 34 31 34 48 40 48 11 48 48 30 23 18 21 40 54 33 12 19 33 40 43 35 23 14 40 35 15 36 44 33 15 38 26 41 25 5 38 28 52 29 36 18 43 42 32 28 7 40 15 44 44 7 42 35 17 41 37 27 34 52 19 36 52 31 30 35 41 26 19 43 40 25 14 49 30 14 12 29 8 46 18 32 5 44 12 31 57 33 17 26 13 0 21 28 42 10 18 32 56 46
13 17 12 12 29 32 27 15 29 31 25 5 5 5 24 35 16 9 5 22 23 27 18 23 11 36 28 7 23 31 23 8 19 11 24 21 17 34 9 35 8 15 13 28 23 11 10 21 19 6 23 34 22 30 31 4 30 18 20 19 36 23 23 35 23 9 21 33 5 20 22 35 12 10 30 19 11 19 10 19 25 11 17 22 23 20 10 38 16 13 7 8 21 0 8 21 18 11 13 37 29
13 21 15 8 21 27 21 22 21 23 23 5 13 7 17 27 9 16 13 17 15 20 11 24 15 33 25 13 16 24 18 13 19 6 16 21 24 32 14 27 5 12 15 21 15 7 15 25 15 13 19 27 29 23 30 11 23 10 18 12 28 25 16 27 20 3 14 28 7 21 17 32 10 14 22 15 15 26 2 26 23 19 10 27 18 24 10 30 9 21 12 15 28 8 0 15 22 19 16 29 21
15 25 20 9 10 35 6 36 12 19 33 20 26 22 16 14 15 31 26 26 13 18 14 38 30 42 34 28 21 24 27 28 21 20 14 34 39 40 21 22 13 12 30 19 7 11 22 40 8 27 9 30 43 26 39 25 27 7 30 17 21 40 21 21 30 13 19 34 18 36 2 40 24 29 12 25 30 40 14 40 18 31 19 42 3 39 16 17 15 33 21 29 42 21 15 0 37 31 20 18 17
31 33 28 30 41 30 42 16 40 39 20 17 16 15 31 47 24 11 17 23 31 34 26 13 7 30 25 11 26 34 23 10 35 18 32 15 12 28 25 43 26 33 8 35 35 29 26 4 37 13 41 34 17 32 25 14 31 31 17 25 43 9 26 43 21 25 25 31 23 9 39 30 15 8 40 20 7 19 23 16 43 19 22 6 40 2 28 48 24 20 23 12 10 18 22 37 0 19 29 47 37
17 16 13 22 39 43 37 7 39 42 33 16 7 16 35 45 27 8 6 33 34 38 29 28 14 44 38 10 34 42 34 12 20 22 35 28 13 41 10 46 18 20 18 39 33 20 10 20 25 8 28 45 15 41 38 10 41 28 29 30 47 27 34 46 33 19 32 44 13 24 32 43 23 14 40 30 14 9 21 12 28 0 28 20 32 21 15 48 27 2 10 7 18 11 19 31 19 0 14 47 40
5 5 1 14 30 43 26 21 32 38 38 16 14 18 32 34 24 20 13 33 30 35 26 36 22 48 40 18 31 39 34 19 6 21 31 34 27 47 4 42 12 8 25 36 26 12 4 32 13 17 16 42 29 38 44 15 38 22 32 27 41 35 31 41 35 14 29 44 9 32 20 47 24 21 32 30 22 22 17 26 14 14 26 33 20 31 6 37 24 15 6 19 32 13 16 20 29 14 0 38 36
33 43 38 25 8 36 12 51 8 13 39 34 42 35 18 4 23 45 42 31 16 17 21 44 43 45 38 42 26 22 32 41 38 30 16 40 53 45 38 10 29 30 39 18 14 27 39 51 25 42 26 28 58 26 44 40 28 19 36 23 8 47 26 9 35 28 24 35 34 44 18 44 32 42 7 31 43 55 27 55 35 47 26 53 18 48 33 2 23 49 37 44 56 37 29 18 47 47 38 0 13
31 41 35 22 9 23 14 43 7 2 26 25 34 26 6 14 13 37 34 18 6 4 11 32 33 32 25 33 13 9 19 32 37 20 5 28 45 32 35 6 24 28 29 5 10 24 36 41 24 33 26 15 49 13 31 31 15 14 24 12 7 36 13 6 22 22 12 22 28 32 19 31 22 32 8 19 33 46 19 46 35 40 15 43 19 38 30 15 13 42 33 35 46 29 21 17 37 40 36 13 0
0         883      
542       595      
215       254      
0         45       
428       495      
783       841      
24        58       
263       314      
459       504      
473       497      
109       128      
176       236      
151       205      
600       634      
56        90       
443       494      
418       459      
308       318      
245       274      
75        110      
60        76       
71        101      
57        115      
353       385      
125       171      
624       675      
344       415      
167       201      
397       420      
59        102      
381       424      
154       187      
224       249      
657       678      
31        105      
126       135      
273       305      
348       380      
216       230      
681       726      
2         34       
0         18       
577       598      
63        88       
21        83       
0         10       
188       241      
123       173      
0         62       
150       184      
532       571      
386       413      
274       309      
385       404      
337       371      
154       190      
609       647      
408       482      
77        129      
91        104      
467       498      
107       152      
92        127      
474       527      
111       133      
201       221      
86        115      
351       392      
176       236      
101       147      
29        46       
352       405      
585       610      
157       171      
448       481      
73        115      
137       206      
295       328      
414       462      
240       305      
706       781      
550       605      
410       443      
301       367      
42        74       
144       179      
230       252      
475       519      
438       471      
229       281      
212       245      
150       207      
273       313      
158       201      
170       204      
0         40       
130       177      
251       285      
217       259      
442       501      
741       813      
