101
0 20 26 10 27 26 26 22 27 19 24 23 15 21 12 6 11 32 8 25 26 5 20 26 26 14 17 19 29 17 20 5 10 18 25 12 12 21 13 14 20 12 13 15 15 4 20 25 8 11 16 21 25 23 17 19 20 11 14 20 21 15 22 14 14 26 20 16 17 27 11 23 18 20 9 16 28 18 20 7 20 27 23 20 17 14 33 19 21 9 25 20 7 20 15 18 4 15 10 17 12
20 0 25 11 46 38 15 26 47 36 35 43 35 26 32 18 30 33 14 41 44 25 8 13 37 25 5 28 28 25 40 25 29 35 13 21 19 16 17 6 40 32 10 35 35 24 21 31 23 19 35 12 40 37 23 35 17 10 28 40 16 18 19 34 20 42 11 17 30 47 11 14 13 21 29 31 47 7 25 23 39 47 17 30 36 23 48 25 34 11 44 34 26 40 34 35 17 35 23 18 27
26 25 0 21 36 52 40 45 51 45 18 47 38 11 30 29 29 8 27 28 52 30 32 38 20 39 28 44 3 41 36 31 36 28 38 15 34 9 34 23 36 35 28 40 38 29 41 13 21 15 31 35 28 24 11 45 8 25 20 40 9 36 6 40 36 29 34 37 21 50 20 38 35 7 34 42 39 30 10 33 46 53 40 17 32 38 59 11 47 23 51 24 26 42 33 28 23 35 35 9 38
10 11 21 0 34 32 21 23 37 28 25 33 25 20 20 9 19 28 6 30 35 15 13 19 27 19 10 24 24 20 28 15 19 24 19 11 13 13 13 5 28 22 8 25 25 14 20 25 12 9 24 16 29 26 16 27 13 4 17 30 13 15 15 24 15 31 15 15 20 37 1 19 15 15 19 23 36 11 19 14 29 37 21 21 25 17 41 18 28 2 34 24 15 30 23 24 6 24 15 12 18
27 46 36 34 0 46 53 46 28 37 18 26 20 25 15 33 16 35 35 8 38 24 47 53 16 38 44 43 36 41 9 27 31 10 52 25 37 37 39 39 9 22 40 26 21 24 45 24 22 27 11 48 8 12 25 38 34 37 18 15 36 40 35 29 38 7 47 41 16 26 34 50 45 30 25 37 3 45 26 31 35 34 49 19 10 38 47 25 41 35 38 12 20 23 15 10 29 17 34 30 34
26 38 52 32 46 0 32 13 22 9 49 20 26 47 31 23 31 58 26 47 11 24 32 35 49 13 32 9 55 12 37 21 16 39 32 38 19 45 20 33 37 24 28 20 25 25 18 51 33 37 36 29 46 45 43 8 45 30 38 31 45 19 47 17 17 48 29 20 41 24 33 29 25 46 21 10 45 30 46 19 11 16 26 44 36 15 11 45 5 30 11 42 29 23 31 39 29 29 17 43 14
26 15 40 21 53 32 0 19 46 32 46 42 39 41 38 20 37 48 18 51 40 29 8 3 48 21 12 23 43 20 46 27 28 44 2 32 17 31 15 17 46 35 13 35 38 29 14 46 32 30 42 5 49 47 37 31 32 17 37 44 31 14 34 33 17 51 6 12 40 46 22 3 8 36 31 27 54 10 40 23 35 43 6 42 43 19 43 39 30 19 40 44 33 40 40 44 24 40 21 33 24
22 26 45 23 46 13 19 0 30 15 46 28 28 42 31 16 31 51 17 47 22 22 20 22 48 8 21 5 47 5 38 19 15 39 19 32 10 36 10 23 37 24 18 22 26 23 5 46 30 31 36 16 46 45 37 14 36 20 36 33 36 9 38 20 8 48 16 9 39 32 24 16 13 38 21 12 45 19 40 15 18 26 13 42 36 8 24 39 12 21 22 42 28 27 31 39 23 29 12 35 12
27 47 51 37 28 22 46 30 0 15 39 4 12 41 19 29 21 52 33 32 12 22 43 48 38 25 42 25 51 27 20 22 18 27 45 34 29 47 31 41 20 15 37 12 12 23 33 42 28 35 23 41 32 34 38 16 45 37 30 13 47 32 47 13 29 33 41 33 31 2 38 42 37 42 18 19 26 41 40 24 12 8 41 36 22 26 21 39 19 36 12 31 23 7 17 26 31 15 24 41 21
19 36 45 28 37 9 32 15 15 0 40 12 17 40 22 18 23 51 22 38 8 17 32 35 41 11 31 10 48 12 28 14 9 30 32 31 17 40 19 30 28 15 26 11 16 18 18 43 26 30 27 29 37 37 36 1 39 26 31 22 40 19 41 8 16 39 29 20 33 16 28 29 25 39 13 5 36 30 39 14 3 11 26 37 27 13 14 38 4 25 8 34 21 14 22 30 23 20 13 36 9
24 35 18 25 18 49 46 46 39 40 0 36 26 8 19 30 17 17 30 10 45 24 38 44 2 38 35 43 18 41 20 27 32 12 44 14 36 21 37 30 20 25 33 30 27 23 44 6 16 16 16 41 10 6 11 41 19 29 10 26 21 39 20 32 38 11 40 40 7 38 24 44 40 14 27 38 21 36 9 31 39 44 46 4 17 38 53 9 43 27 44 7 18 31 21 12 23 23 34 16 34
23 43 47 33 26 20 42 28 4 12 36 0 9 38 16 25 18 49 29 30 12 18 39 44 35 21 38 22 48 24 18 18 14 24 42 31 25 43 27 37 18 11 33 8 9 19 30 39 25 31 20 37 30 31 35 13 41 33 27 11 43 28 43 9 25 31 37 29 28 4 34 38 33 39 14 16 25 37 37 20 9 8 37 33 19 22 21 36 16 32 12 28 19 4 14 23 27 12 20 37 17
15 35 38 25 20 26 39 28 12 17 26 9 0 28 7 19 9 40 22 21 20 10 34 40 26 20 31 24 39 23 11 11 12 14 38 22 21 35 23 29 11 3 27 6 1 11 28 30 16 23 10 33 20 21 26 18 33 25 18 6 35 24 35 9 22 22 33 25 19 12 26 34 29 30 7 17 19 32 28 15 15 17 33 24 10 21 29 27 21 24 20 19 11 5 5 14 19 3 17 29 15
21 26 11 20 25 47 41 42 41 40 8 38 28 0 21 25 19 12 25 17 46 23 33 39 10 35 29 40 11 37 25 26 31 17 39 9 31 13 32 24 25 27 28 32 29 22 39 5 14 11 20 36 17 13 4 40 11 24 10 30 13 34 11 33 33 18 35 35 10 40 19 39 35 6 27 37 28 31 1 28 40 45 41 6 21 34 54 2 42 22 45 13 19 33 23 17 18 25 31 8 33
12 32 30 20 15 31 38 31 19 22 19 16 7 21 0 18 2 33 20 16 27 9 32 38 19 23 29 28 31 26 8 12 16 8 37 16 22 29 24 25 8 7 25 12 8 9 30 23 10 17 5 33 15 15 19 23 27 22 11 10 29 25 29 14 23 17 32 26 12 19 21 35 30 24 10 22 16 30 21 16 21 24 34 17 5 23 35 20 26 20 26 12 5 12 3 8 14 5 19 23 19
6 18 29 9 33 23 20 16 29 18 30 25 19 25 18 0 17 36 4 31 26 9 15 21 32 10 13 15 32 12 26 7 11 24 19 16 6 22 7 12 26 15 8 17 18 9 14 30 14 15 22 15 31 29 21 17 22 8 20 24 22 9 24 16 8 32 14 10 23 29 10 17 12 23 11 14 34 13 24 5 21 29 17 26 23 9 32 23 18 7 26 26 13 22 20 24 7 20 6 20 9
11 30 29 19 16 31 37 31 21 23 17 18 9 19 2 17 0 31 19 16 28 9 31 37 18 23 28 28 29 26 10 12 16 8 36 14 21 27 23 24 10 8 24 13 10 8 29 21 8 15 5 32 15 14 18 24 25 21 9 12 27 24 27 15 23 17 31 25 10 21 20 34 29 22 10 22 17 29 19 16 22 26 33 15 6 23 36 18 26 19 27 11 4 14 5 8 13 7 19 21 19
32 33 8 28 35 58 48 51 52 51 17 49 40 12 33 36 31 0 34 27 58 35 40 46 19 46 36 51 5 48 36 37 42 28 46 19 41 17 41 31 36 39 36 44 41 33 48 11 25 21 31 43 27 23 14 51 16 32 22 41 17 43 14 44 43 28 42 43 21 52 27 46 43 13 38 48 38 38 12 38 51 57 48 17 32 45 65 13 52 30 56 23 30 45 35 28 28 37 41 16 43
8 14 27 6 35 26 18 17 33 22 30 29 22 25 20 4 19 34 0 32 30 12 12 18 32 13 9 17 30 14 28 11 15 26 17 16 7 19 7 8 28 19 5 21 22 12 14 30 14 14 24 13 31 29 21 21 19 4 20 28 19 9 21 20 9 33 12 10 23 33 7 15 10 21 15 17 36 10 24 9 25 33 16 26 25 11 35 23 22 4 30 26 15 26 23 26 7 23 9 18 13
25 41 28 30 8 47 51 47 32 38 10 30 21 17 16 31 16 27 32 0 41 25 43 49 8 39 40 44 28 42 12 28 32 8 49 19 37 30 38 35 12 23 37 27 22 24 45 16 18 21 11 45 1 4 19 39 28 33 13 19 30 40 28 30 39 1 44 41 10 31 29 47 42 23 26 38 11 41 18 32 36 38 48 11 11 39 50 17 42 31 41 6 19 26 16 8 25 18 35 24 35
26 44 52 35 38 11 40 22 12 8 45 12 20 46 27 26 28 58 30 41 0 22 40 43 46 19 39 17 55 20 29 21 15 34 40 37 25 47 27 38 29 19 34 14 19 23 26 49 31 36 30 37 40 41 42 9 46 34 36 23 47 27 48 12 24 42 37 28 38 14 36 37 33 45 18 13 37 38 45 21 5 5 34 42 30 21 9 43 10 33 0 39 26 15 25 34 30 23 21 42 17
5 25 30 15 24 24 29 22 22 17 24 18 10 23 9 9 9 35 12 25 22 0 24 30 26 14 21 19 32 17 17 3 8 17 28 15 13 26 15 19 17 7 17 10 10 1 20 27 9 14 14 24 24 23 20 17 24 15 14 16 26 16 26 10 14 26 23 17 17 22 16 26 21 23 4 14 25 22 23 7 17 23 25 20 14 14 31 21 19 14 22 20 6 15 11 17 9 11 10 20 10
20 8 32 13 47 32 8 20 43 32 38 39 34 33 32 15 31 40 12 43 40 24 0 6 40 21 4 23 35 20 40 22 25 37 6 24 15 23 13 9 40 30 7 32 33 24 14 38 25 22 36 4 42 39 29 31 24 10 30 39 23 13 26 30 16 44 3 12 33 43 14 6 7 28 26 27 48 2 32 19 35 43 9 34 37 19 43 31 30 12 40 37 27 37 35 37 18 35 19 25 23
26 13 38 19 53 35 3 22 48 35 44 44 40 39 38 21 37 46 18 49 43 30 6 0 46 24 10 26 41 23 46 28 30 43 3 30 18 29 16 15 46 36 13 36 39 30 17 44 31 28 42 6 48 45 35 34 30 16 36 45 29 16 32 34 19 50 7 15 39 47 20 6 10 34 32 30 54 8 38 24 38 46 9 40 43 22 46 37 33 18 43 43 33 41 41 43 24 41 22 31 26
26 37 20 27 16 49 48 48 38 41 2 35 26 10 19 32 18 19 32 8 46 26 40 46 0 40 37 45 20 43 19 29 33 12 46 16 38 23 39 32 19 26 35 31 27 25 46 8 18 18 16 43 8 5 13 42 21 31 12 25 23 41 21 33 40 9 42 42 9 37 26 46 42 16 28 39 19 38 11 33 40 43 48 6 16 40 54 11 44 29 45 7 20 31 21 12 25 23 36 18 36
14 25 39 19 38 13 21 8 25 11 38 21 20 35 23 10 23 46 13 39 19 14 21 24 40 0 20 5 42 3 30 11 7 31 21 26 6 32 8 20 29 16 15 14 18 15 9 39 22 25 28 18 38 37 31 10 32 17 28 25 32 8 34 12 5 40 18 9 31 25 20 18 14 33 13 6 37 19 34 7 14 22 17 34 28 2 23 33 9 17 19 34 20 19 23 31 17 21 4 30 4
17 5 28 10 44 32 12 21 42 31 35 38 31 29 29 13 28 36 9 40 39 21 4 10 37 20 0 23 31 20 37 20 24 34 10 20 14 19 12 5 37 28 5 30 31 21 16 34 22 18 33 7 39 36 25 30 20 7 27 37 19 13 22 29 15 41 6 12 29 42 10 10 8 24 24 26 45 2 28 18 34 42 12 30 34 18 43 27 29 9 39 33 24 35 32 34 15 32 18 21 22
19 28 44 24 43 9 23 5 25 10 43 22 24 40 28 15 28 51 17 44 17 19 23 26 45 5 23 0 47 3 34 16 12 36 23 31 10 36 11 24 34 21 19 18 23 20 9 44 27 30 33 20 43 42 36 9 36 21 33 29 36 10 38 15 8 45 20 11 36 26 24 20 16 38 18 7 42 21 39 12 13 21 17 39 33 6 20 38 7 21 17 39 25 23 28 36 22 26 9 35 9
29 28 3 24 36 55 43 47 51 48 18 48 39 11 31 32 29 5 30 28 55 32 35 41 20 42 31 47 0 44 36 34 39 28 41 17 37 12 37 26 36 37 31 41 39 31 44 12 23 18 31 38 28 24 12 48 11 28 20 40 12 39 9 42 39 29 37 39 21 50 23 41 38 9 36 45 39 33 10 36 49 55 43 17 32 41 62 11 50 26 54 24 28 43 33 28 26 35 38 12 41
17 25 41 20 41 12 20 5 27 12 41 24 23 37 26 12 26 48 14 42 20 17 20 23 43 3 20 3 44 0 33 14 10 34 20 28 7 33 8 21 32 19 16 17 21 18 6 42 25 27 31 17 41 40 33 11 33 18 31 28 33 7 35 15 5 43 17 8 34 28 21 17 13 35 16 8 40 18 36 10 15 23 14 37 31 3 23 35 10 18 20 37 23 22 26 34 19 24 7 32 7
20 40 36 28 9 37 46 38 20 28 20 18 11 25 8 26 10 36 28 12 29 17 40 46 19 30 37 34 36 33 0 19 22 8 45 22 29 35 31 33 0 13 33 17 12 17 37 25 17 23 5 41 12 14 25 29 33 30 16 7 35 32 35 20 31 13 40 33 15 19 29 42 37 30 16 28 8 38 26 23 26 26 41 19 4 30 38 25 32 28 29 13 13 14 6 8 22 8 26 29 25
5 25 31 15 27 21 27 19 22 14 27 18 11 26 12 7 12 37 11 28 21 3 22 28 29 11 20 16 34 14 19 0 5 20 26 17 10 26 12 19 19 8 15 10 11 4 17 29 12 16 17 22 27 26 22 14 25 15 17 17 26 13 27 9 11 29 21 14 20 22 16 23 18 25 4 11 27 20 25 4 15 22 22 23 17 11 28 24 16 14 20 23 9 15 13 20 9 13 7 22 7
10 29 36 19 31 16 28 15 18 9 32 14 12 31 16 11 16 42 15 32 15 8 25 30 33 7 24 12 39 10 22 5 0 24 27 22 10 31 12 23 22 9 19 7 11 9 16 34 17 21 21 22 31 30 27 9 30 19 22 18 31 13 32 5 11 33 22 14 24 18 20 23 18 30 6 6 30 23 30 6 10 18 22 28 21 8 23 29 11 18 15 27 13 12 16 24 14 14 6 27 3
18 35 28 24 10 39 44 39 27 30 12 24 14 17 8 24 8 28 26 8 34 17 37 43 12 31 34 36 28 34 8 20 24 0 43 15 29 27 31 29 8 15 30 20 15 16 37 17 12 17 4 38 7 7 17 31 25 27 8 14 27 32 27 22 31 9 37 33 7 26 24 41 36 22 18 30 12 35 18 24 29 31 41 11 5 31 43 17 34 25 34 5 11 19 9 0 19 11 27 21 27
25 13 38 19 52 32 2 19 45 32 44 42 38 39 37 19 36 46 17 49 40 28 6 3 46 21 10 23 41 20 45 26 27 43 0 30 16 29 14 15 45 34 12 34 37 28 14 44 31 28 41 4 48 45 35 31 30 16 36 43 29 13 32 32 16 50 5 12 39 45 20 3 8 34 30 27 53 8 38 22 35 43 6 40 42 19 43 37 30 18 40 43 32 39 39 43 23 39 20 31 24
12 21 15 11 25 38 32 32 34 31 14 31 22 9 16 16 14 19 16 19 37 15 24 30 16 26 20 31 17 28 22 17 22 15 30 0 22 13 23 15 22 19 19 24 22 14 30 14 6 2 17 27 18 15 5 31 11 15 7 26 13 25 13 25 24 20 26 26 9 34 10 30 26 8 19 28 27 22 8 19 32 38 32 10 18 25 45 7 33 13 37 13 11 27 19 15 9 21 22 7 24
12 19 34 13 37 19 17 10 29 17 36 25 21 31 22 6 21 41 7 37 25 13 15 18 38 6 14 10 37 7 29 10 10 29 16 22 0 26 2 14 29 18 9 17 21 13 8 36 20 21 26 12 36 35 27 16 26 11 26 27 26 3 28 15 2 38 12 4 29 28 14 13 8 28 14 12 37 13 30 6 20 28 12 32 27 4 29 29 15 11 25 32 18 22 23 29 13 23 4 25 8
21 16 9 13 37 45 31 36 47 40 21 43 35 13 29 22 27 17 19 30 47 26 23 29 23 32 19 36 12 33 35 26 31 27 29 13 26 0 26 15 35 32 20 36 35 25 33 18 19 12 30 26 30 26 11 39 2 17 19 39 0 28 3 35 28 31 25 28 21 47 12 29 27 7 30 36 39 21 12 27 41 48 31 18 31 30 54 12 40 15 46 24 24 40 32 27 17 34 28 6 31
13 17 34 13 39 20 15 10 31 19 37 27 23 32 24 7 23 41 7 38 27 15 13 16 39 8 12 11 37 8 31 12 12 31 14 23 2 26 0 13 31 20 8 19 23 15 7 37 21 21 28 10 38 36 28 18 26 10 27 29 26 2 28 17 3 39 10 3 30 30 14 11 6 28 16 14 39 11 31 8 22 30 11 33 29 6 31 30 17 11 27 33 20 24 25 31 14 25 6 25 10
14 6 23 5 39 33 17 23 41 30 30 37 29 24 25 12 24 31 8 35 38 19 9 15 32 20 5 24 26 21 33 19 23 29 15 15 14 15 13 0 33 26 5 29 29 18 18 29 17 13 29 12 33 30 20 29 15 4 22 34 15 14 17 28 16 35 11 14 24 41 5 15 12 19 23 25 41 7 23 17 33 41 17 25 30 18 43 22 29 5 38 28 20 34 28 29 11 29 17 16 21
20 40 36 28 9 37 46 37 20 28 20 18 11 25 8 26 10 36 28 12 29 17 40 46 19 29 37 34 36 32 0 19 22 8 45 22 29 35 31 33 0 13 33 17 12 17 36 25 17 23 5 41 12 14 25 29 33 30 16 7 35 32 35 20 30 13 40 33 15 19 29 42 37 30 16 28 8 38 26 23 26 26 41 19 4 30 38 25 32 28 29 13 13 14 6 8 22 8 26 29 25
12 32 35 22 22 24 35 24 15 15 25 11 3 27 7 15 8 39 19 23 19 7 30 36 26 16 28 21 37 19 13 8 9 15 34 19 18 32 20 26 13 0 23 5 3 8 25 29 13 20 12 30 22 22 24 16 30 22 17 9 32 21 32 7 19 24 29 22 18 15 23 31 26 27 4 15 21 28 27 12 14 19 30 23 12 17 28 25 19 21 19 19 8 8 7 15 16 5 14 26 12
13 10 28 8 40 28 13 18 37 26 33 33 27 28 25 8 24 36 5 37 34 17 7 13 35 15 5 19 31 16 33 15 19 30 12 19 9 20 8 5 33 23 0 25 26 17 13 33 18 17 29 8 35 33 24 25 20 4 24 32 20 9 22 24 11 37 7 9 27 37 9 11 7 23 19 21 41 5 27 13 29 37 13 29 30 13 38 26 24 6 34 30 20 30 28 30 11 28 13 20 17
15 35 40 25 26 20 35 22 12 11 30 8 6 32 12 17 13 44 21 27 14 10 32 36 31 14 30 18 41 17 17 10 7 20 34 24 17 36 19 29 17 5 25 0 5 11 23 34 18 24 16 29 26 27 29 12 34 25 22 11 36 20 36 3 18 28 29 21 23 12 26 30 25 32 6 11 25 30 32 13 9 14 29 28 16 15 23 30 15 24 14 24 13 5 11 20 19 9 13 30 10
15 35 38 25 21 25 38 26 12 16 27 9 1 29 8 18 10 41 22 22 19 10 33 39 27 18 31 23 39 21 12 11 11 15 37 22 21 35 23 29 12 3 26 5 0 11 27 31 16 23 11 33 21 22 27 17 33 25 19 7 35 24 35 8 22 23 32 25 20 12 26 34 29 30 7 16 20 31 29 15 14 17 33 25 11 19 28 28 20 24 19 20 11 5 6 15 19 4 17 29 14
4 24 29 14 24 25 29 23 23 18 23 19 11 22 9 9 8 33 12 24 23 1 24 30 25 15 21 20 31 18 17 4 9 16 28 14 13 25 15 18 17 8 17 11 11 0 21 25 8 13 13 24 23 22 19 18 23 15 13 16 25 16 25 11 15 25 23 17 16 23 15 26 21 22 5 15 25 22 22 8 18 24 25 19 14 15 32 20 20 13 23 19 5 16 11 16 8 11 11 19 11
20 21 41 20 45 18 14 5 33 18 44 30 28 39 30 14 29 48 14 45 26 20 14 17 46 9 16 9 44 6 37 17 16 37 14 30 8 33 7 18 36 25 13 23 27 21 0 44 28 28 34 11 44 43 35 17 33 16 34 34 33 5 35 21 6 46 11 4 37 34 21 11 8 35 21 14 44 14 38 13 21 29 8 40 34 7 29 37 16 17 26 40 26 28 30 37 21 30 11 31 12
25 31 13 25 24 51 46 46 42 43 6 39 30 5 23 30 21 11 30 16 49 27 38 44 8 39 34 44 12 42 25 29 34 17 44 14 36 18 37 29 25 29 33 34 31 25 44 0 17 16 21 41 16 12 9 43 16 29 12 31 18 39 16 36 38 17 40 40 11 42 24 44 40 11 30 40 27 36 6 32 43 47 46 6 22 39 57 7 45 27 48 12 21 35 25 17 23 27 35 13 36
8 23 21 12 22 33 32 30 28 26 16 25 16 14 10 14 8 25 14 18 31 9 25 31 18 22 22 27 23 25 17 12 17 12 31 6 20 19 21 17 17 13 18 18 16 8 28 17 0 7 12 26 17 15 11 26 17 15 6 20 19 23 19 19 22 19 25 24 9 28 12 29 24 14 13 23 24 23 13 15 26 32 30 12 13 22 40 12 28 13 31 12 5 21 13 12 7 15 18 13 19
11 19 15 9 27 37 30 31 35 30 16 31 23 11 17 15 15 21 14 21 36 14 22 28 18 25 18 30 18 27 23 16 21 17 28 2 21 12 21 13 23 20 17 24 23 13 28 16 7 0 18 25 20 17 7 30 10 13 9 27 12 23 12 24 23 22 24 24 11 35 8 28 24 9 18 27 29 20 10 18 31 37 30 12 19 24 44 9 32 11 36 15 12 28 20 17 8 22 21 6 23
16 35 31 24 11 36 42 36 23 27 16 20 10 20 5 22 5 31 24 11 30 14 36 42 16 28 33 33 31 31 5 17 21 4 41 17 26 30 28 29 5 12 29 16 11 13 34 21 12 18 0 37 10 11 20 28 28 26 11 10 30 29 30 19 28 12 36 30 10 22 24 39 34 25 15 27 12 34 21 21 25 27 38 15 1 28 39 20 31 24 30 9 9 15 5 4 18 7 24 24 24
21 12 35 16 48 29 5 16 41 29 41 37 33 36 33 15 32 43 13 45 37 24 4 6 43 18 7 20 38 17 41 22 22 38 4 27 12 26 10 12 41 30 8 29 33 24 11 41 26 25 37 0 43 41 32 28 27 12 32 39 26 10 29 27 13 45 1 9 35 40 17 3 4 31 26 24 49 5 35 18 32 40 5 37 38 16 40 34 27 14 37 38 28 34 35 38 19 35 16 28 20
25 40 28 29 8 46 49 46 32 37 10 30 20 17 15 31 15 27 31 1 40 24 42 48 8 38 39 43 28 41 12 27 31 7 48 18 36 30 38 33 12 22 35 26 21 23 44 16 17 20 10 43 0 4 18 38 27 32 12 19 29 39 28 29 38 2 42 40 9 31 28 46 41 23 25 37 11 40 18 31 35 37 47 11 10 38 49 17 41 30 40 5 18 25 15 7 24 17 34 23 34
23 37 24 26 12 45 47 45 34 37 6 31 21 13 15 29 14 23 29 4 41 23 39 45 5 37 36 42 24 40 14 26 30 7 45 15 35 26 36 30 14 22 33 27 22 22 43 12 15 17 11 41 4 0 14 38 23 30 9 21 25 38 24 29 37 5 40 39 6 33 25 44 39 19 24 36 15 37 14 30 36 38 45 7 12 37 50 13 40 27 41 3 17 26 16 7 22 18 33 19 33
17 23 11 16 25 43 37 37 38 36 11 35 26 4 19 21 18 14 21 19 42 20 29 35 13 31 25 36 12 33 25 22 27 17 35 5 27 11 28 20 25 24 24 29 27 19 35 9 11 7 20 32 18 14 0 36 9 20 9 29 11 30 10 30 29 19 31 31 10 38 15 35 31 5 24 33 28 27 3 24 37 43 37 7 21 30 50 2 38 18 42 13 16 31 22 17 14 24 27 5 29
19 35 45 27 38 8 31 14 16 1 41 13 18 40 23 17 24 51 21 39 9 17 31 34 42 10 30 9 48 11 29 14 9 31 31 31 16 39 18 29 29 16 25 12 17 18 17 43 26 30 28 28 38 38 36 0 39 25 31 23 39 18 41 9 15 40 28 19 33 17 27 28 24 39 14 4 37 29 39 13 4 12 25 37 28 12 15 38 3 24 9 35 22 15 23 31 23 21 12 36 8
20 17 8 13 34 45 32 36 45 39 19 41 33 11 27 22 25 16 19 28 46 24 24 30 21 32 20 36 11 33 33 25 30 25 30 11 26 2 26 15 33 30 20 34 33 23 33 16 17 10 28 27 27 23 9 39 0 17 17 37 2 28 2 34 28 28 26 28 19 45 12 30 27 5 28 36 37 22 10 26 40 47 32 16 29 30 53 10 40 15 45 22 22 38 30 25 16 32 28 4 31
11 10 25 4 37 30 17 20 37 26 29 33 25 24 22 8 21 32 4 33 34 15 10 16 31 17 7 21 28 18 30 15 19 27 16 15 11 17 10 4 30 22 4 25 25 15 16 29 15 13 26 12 32 30 20 25 17 0 20 31 17 12 19 24 13 34 11 12 23 37 5 15 11 19 19 21 38 8 23 13 29 37 17 25 27 15 39 22 26 2 34 27 17 30 25 27 8 26 13 16 17
14 28 20 17 18 38 37 36 30 31 10 27 18 10 11 20 9 22 20 13 36 14 30 36 12 28 27 33 20 31 16 17 22 8 36 7 26 19 27 22 16 17 24 22 19 13 34 12 6 9 11 32 12 9 9 31 17 20 0 20 19 29 19 23 28 14 31 30 3 30 17 35 30 14 17 28 20 28 10 21 30 35 36 6 12 28 44 9 33 18 35 7 9 23 13 8 13 15 24 13 24
20 40 40 30 15 31 44 33 13 22 26 11 6 30 10 24 12 41 28 19 23 16 39 45 25 25 37 29 40 28 7 17 18 14 43 26 27 39 29 34 7 9 32 11 7 16 34 31 20 27 10 39 19 21 29 23 37 31 20 0 39 30 39 14 28 20 38 31 20 12 30 40 35 34 13 22 14 37 30 21 20 19 39 25 9 26 32 29 26 29 23 19 15 8 7 14 23 5 23 33 21
21 16 9 13 36 45 31 36 47 40 21 43 35 13 29 22 27 17 19 30 47 26 23 29 23 32 19 36 12 33 35 26 31 27 29 13 26 0 26 15 35 32 20 36 35 25 33 18 19 12 30 26 29 25 11 39 2 17 19 39 0 28 3 35 28 30 25 28 21 47 12 29 27 7 30 36 39 21 12 27 41 48 31 18 31 30 54 12 40 15 46 24 24 40 32 27 17 34 28 6 31
15 18 36 15 40 19 14 9 32 19 39 28 24 34 25 9 24 43 9 40 27 16 13 16 41 8 13 10 39 7 32 13 13 32 13 25 3 28 2 14 32 21 9 20 24 16 5 39 23 23 29 10 39 38 30 18 28 12 29 30 28 0 30 18 3 41 10 1 32 31 16 10 6 30 17 14 40 11 33 9 22 30 9 35 30 6 30 32 17 13 27 35 21 25 26 32 16 26 7 27 11
22 19 6 15 35 47 34 38 47 41 20 43 35 11 29 24 27 14 21 28 48 26 26 32 21 34 22 38 9 35 35 27 32 27 32 13 28 3 28 17 35 32 22 36 35 25 35 16 19 12 30 29 28 24 10 41 2 19 19 39 3 30 0 36 30 29 28 30 20 47 14 32 29 5 30 38 38 24 10 28 42 49 34 17 31 32 55 10 42 17 47 23 24 40 32 27 18 34 30 6 33
14 34 40 24 29 17 33 20 13 8 32 9 9 33 14 16 15 44 20 30 12 10 30 34 33 12 29 15 42 15 20 9 5 22 32 25 15 35 17 28 20 7 24 3 8 11 21 36 19 24 19 27 29 29 30 9 34 24 23 14 35 18 36 0 16 31 27 19 25 13 25 28 23 33 6 8 28 28 32 11 7 13 27 29 19 13 21 31 12 23 12 26 14 8 14 22 18 12 11 30 8
14 20 36 15 38 17 17 8 29 16 38 25 22 33 23 8 23 43 9 39 24 14 16 19 40 5 15 8 39 5 31 11 11 31 16 24 2 28 3 16 30 19 11 18 22 15 6 38 22 23 28 13 38 37 29 15 28 13 28 28 28 3 30 16 0 40 13 4 31 29 16 13 9 30 15 11 38 14 32 7 19 27 12 34 28 3 28 31 14 13 24 34 20 23 24 31 15 24 5 27 8
26 42 29 31 7 48 51 48 33 39 11 31 22 18 17 32 17 28 33 1 42 26 44 50 9 40 41 45 29 43 13 29 33 9 50 20 38 31 39 35 13 24 37 28 23 25 46 17 19 22 12 45 2 5 19 40 28 34 14 20 30 41 29 31 40 0 44 42 11 32 30 48 43 24 27 39 10 42 19 33 37 39 49 12 12 40 51 18 43 32 42 7 20 27 17 9 26 19 36 24 36
20 11 34 15 47 29 6 16 41 29 40 37 33 35 32 14 31 42 12 44 37 23 3 7 42 18 6 20 37 17 40 21 22 37 5 26 12 25 10 11 40 29 7 29 32 23 11 40 25 24 36 1 42 40 31 28 26 11 31 38 25 10 28 27 13 44 0 9 34 40 16 4 4 30 25 24 48 4 34 18 32 40 6 36 37 16 40 33 27 13 37 37 27 34 34 37 18 34 16 27 20
16 17 37 15 41 20 12 9 33 20 40 29 25 35 26 10 25 43 10 41 28 17 12 15 42 9 12 11 39 8 33 14 14 33 12 26 4 28 3 14 33 22 9 21 25 17 4 40 24 24 30 9 40 39 31 19 28 12 30 31 28 1 30 19 4 42 9 0 33 32 16 9 5 30 18 15 41 10 34 10 23 31 8 36 31 7 31 33 18 13 28 36 22 26 27 33 17 27 8 27 12
17 30 21 20 16 41 40 39 31 33 7 28 19 10 12 23 10 21 23 10 38 17 33 39 9 31 29 36 21 34 15 20 24 7 39 9 29 21 30 24 15 18 27 23 20 16 37 11 9 11 10 35 9 6 10 33 19 23 3 20 21 32 20 25 31 11 34 33 0 31 19 38 33 15 19 30 18 31 11 24 32 36 39 5 11 31 46 10 35 21 37 4 11 24 14 7 16 16 27 15 27
27 47 50 37 26 24 46 32 2 16 38 4 12 40 19 29 21 52 33 31 14 22 43 47 37 25 42 26 50 28 19 22 18 26 45 34 28 47 30 41 19 15 37 12 12 23 34 42 28 35 22 40 31 33 38 17 45 37 30 12 47 31 47 13 29 32 40 32 31 0 38 41 36 42 18 20 24 41 40 24 13 10 40 36 21 26 23 39 20 36 14 31 23 7 16 25 31 14 24 41 21
11 11 20 1 34 33 22 24 38 28 24 34 26 19 21 10 20 27 7 29 36 16 14 20 26 20 10 24 23 21 29 16 20 24 20 10 14 12 14 5 29 23 9 26 26 15 21 24 12 8 24 17 28 25 15 27 12 5 17 30 12 16 14 25 16 30 16 16 19 38 0 20 16 14 20 24 36 12 18 15 30 38 22 20 25 18 42 17 28 3 35 23 16 31 24 24 7 25 16 11 19
23 14 38 19 50 29 3 16 42 29 44 38 34 39 35 17 34 46 15 47 37 26 6 6 46 18 10 20 41 17 42 23 23 41 3 30 13 29 11 15 42 31 11 30 34 26 11 44 29 28 39 3 46 44 35 28 30 15 35 40 29 10 32 28 13 48 4 9 38 41 20 0 5 34 27 24 50 8 38 19 32 40 3 40 40 16 40 37 27 17 37 41 30 35 36 41 22 36 17 31 21
18 13 35 15 45 25 8 13 37 25 40 33 29 35 30 12 29 43 10 42 33 21 7 10 42 14 8 16 38 13 37 18 18 36 8 26 8 27 6 12 37 26 7 25 29 21 8 40 24 24 34 4 41 39 31 24 27 11 30 35 27 6 29 23 9 43 4 5 33 36 16 5 0 30 22 20 45 6 34 14 28 36 6 36 35 12 36 33 23 13 33 36 25 30 31 36 17 31 12 27 16
20 21 7 15 30 46 36 38 42 39 14 39 30 6 24 23 22 13 21 23 45 23 28 34 16 33 24 38 9 35 30 25 30 22 34 8 28 7 28 19 30 27 23 32 30 22 35 11 14 9 25 31 23 19 5 39 5 19 14 34 7 30 5 33 30 24 30 30 15 42 14 34 30 0 27 36 33 26 5 27 40 46 36 11 26 32 53 5 41 17 45 18 19 35 27 22 17 29 29 3 32
9 29 34 19 25 21 31 21 18 13 27 14 7 27 10 11 10 38 15 26 18 4 26 32 28 13 24 18 36 16 16 4 6 18 30 19 14 30 16 23 16 4 19 6 7 5 21 30 13 18 15 26 25 24 24 14 28 19 17 13 30 17 30 6 15 27 25 18 19 18 20 27 22 27 0 12 24 24 26 8 13 19 26 23 15 14 27 25 16 18 18 21 8 11 10 18 13 9 10 24 9
16 31 42 23 37 10 27 12 19 5 38 16 17 37 22 14 22 48 17 38 13 14 27 30 39 6 26 7 45 8 28 11 6 30 27 28 12 36 14 25 28 15 21 11 16 15 14 40 23 27 27 24 37 36 33 4 36 21 28 22 36 14 38 8 11 39 24 15 30 20 24 24 20 36 12 0 36 25 36 10 8 16 22 34 27 8 18 35 5 21 13 33 19 16 22 30 20 20 8 33 5
28 47 39 36 3 45 54 45 26 36 21 25 19 28 16 34 17 38 36 11 37 25 48 54 19 37 45 42 39 40 8 27 30 12 53 27 37 39 39 41 8 21 41 25 20 25 44 27 24 29 12 49 11 15 28 37 37 38 20 14 39 40 38 28 38 10 48 41 18 24 36 50 45 33 24 36 0 46 29 31 34 33 49 22 11 38 46 28 40 36 37 15 21 22 14 12 30 16 34 33 33
18 7 30 11 45 30 10 19 41 30 36 37 32 31 30 13 29 38 10 41 38 22 2 8 38 19 2 21 33 18 38 20 23 35 8 22 13 21 11 7 38 28 5 30 31 22 14 36 23 20 34 5 40 37 27 29 22 8 28 37 21 11 24 28 14 42 4 10 31 41 12 8 6 26 24 25 46 0 30 17 33 41 10 32 35 17 41 29 28 10 38 35 25 35 33 35 16 33 17 23 21
20 25 10 19 26 46 40 40 40 39 9 37 28 1 21 24 19 12 24 18 45 23 32 38 11 34 28 39 10 36 26 25 30 18 38 8 30 12 31 23 26 27 27 32 29 22 38 6 13 10 21 35 18 14 3 39 10 23 10 30 12 33 10 32 32 19 34 34 11 40 18 38 34 5 26 36 29 30 0 27 39 45 40 7 22 33 53 1 41 21 44 14 18 33 23 18 17 25 30 7 32
7 23 33 14 31 19 23 15 24 14 31 20 15 28 16 5 16 38 9 32 21 7 19 24 33 7 18 12 36 10 23 4 6 24 22 19 6 27 8 17 23 12 13 13 15 8 13 32 15 18 21 18 31 30 24 13 26 13 21 21 27 9 28 11 7 33 18 10 24 24 15 19 14 27 8 10 31 17 27 0 16 24 18 27 21 7 28 26 14 12 21 27 13 18 17 24 10 17 3 24 5
20 39 46 29 35 11 35 18 12 3 39 9 15 40 21 21 22 51 25 36 5 17 35 38 40 14 34 13 49 15 26 15 10 29 35 32 20 41 22 33 26 14 29 9 14 18 21 43 26 31 25 32 35 36 37 4 40 29 30 20 41 22 42 7 19 37 32 23 32 13 30 32 28 40 13 8 34 33 39 16 0 8 29 36 25 16 14 38 7 28 5 33 21 12 20 29 24 18 16 37 12
27 47 53 37 34 16 43 26 8 11 44 8 17 45 24 29 26 57 33 38 5 23 43 46 43 22 42 21 55 23 26 22 18 31 43 38 28 48 30 41 26 19 37 14 17 24 29 47 32 37 27 40 37 38 43 12 47 37 35 19 48 30 49 13 27 39 40 31 36 10 38 40 36 46 19 16 33 41 45 24 8 0 37 41 27 24 13 44 14 36 5 36 27 12 22 31 31 20 24 43 20
23 17 40 21 49 26 6 13 41 26 46 37 33 41 34 17 33 48 16 48 34 25 9 9 48 17 12 17 43 14 41 22 22 41 6 32 12 31 11 17 41 30 13 29 33 25 8 46 30 30 38 5 47 45 37 25 32 17 36 39 31 9 34 27 12 49 6 8 39 40 22 3 6 36 26 22 49 10 40 18 29 37 0 42 39 15 37 39 24 19 34 42 30 34 35 41 23 35 16 33 20
20 30 17 21 19 44 42 42 36 37 4 33 24 6 17 26 15 17 26 11 42 20 34 40 6 34 30 39 17 37 19 23 28 11 40 10 32 18 33 25 19 23 29 28 25 19 40 6 12 12 15 37 11 7 7 37 16 25 6 25 18 35 17 29 34 12 36 36 5 36 20 40 36 11 23 34 22 32 7 27 36 41 42 0 16 34 50 6 39 23 41 7 15 29 19 11 19 21 30 12 30
17 36 32 25 10 36 43 36 22 27 17 19 10 21 5 23 6 32 25 11 30 14 37 43 16 28 34 33 32 31 4 17 21 5 42 18 27 31 29 30 4 12 30 16 11 14 34 22 13 19 1 38 10 12 21 28 29 27 12 9 31 30 31 19 28 12 37 31 11 21 25 40 35 26 15 27 11 35 22 21 25 27 39 16 0 28 39 21 31 25 30 10 10 15 5 5 19 7 24 25 24
14 23 38 17 38 15 19 8 26 13 38 22 21 34 23 9 23 45 11 39 21 14 19 22 40 2 18 6 41 3 30 11 8 31 19 25 4 30 6 18 30 17 13 15 19 15 7 39 22 24 28 16 38 37 30 12 30 15 28 26 30 6 32 13 3 40 16 7 31 26 18 16 12 32 14 8 38 17 33 7 16 24 15 34 28 0 25 32 11 15 21 34 20 20 24 31 16 22 4 29 5
33 48 59 41 47 11 43 24 21 14 53 21 29 54 35 32 36 65 35 50 9 31 43 46 54 23 43 20 62 23 38 28 23 43 43 45 29 54 31 43 38 28 38 23 28 32 29 57 40 44 39 40 49 50 50 15 53 39 44 32 54 30 55 21 28 51 40 31 46 23 42 40 36 53 27 18 46 41 53 28 14 13 37 50 39 25 0 52 14 39 9 47 35 24 34 43 37 32 26 50 23
19 25 11 18 25 45 39 39 39 38 9 36 27 2 20 23 18 13 23 17 43 21 31 37 11 33 27 38 11 35 25 24 29 17 37 7 29 12 30 22 25 25 26 30 28 20 37 7 12 9 20 34 17 13 2 38 10 22 9 29 12 32 10 31 31 18 33 33 10 39 17 37 33 5 25 35 28 29 1 26 38 44 39 6 21 32 52 0 40 20 43 13 17 32 22 17 16 24 29 7 31
21 34 47 28 41 5 30 12 19 4 43 16 21 42 26 18 26 52 22 42 10 19 30 33 44 9 29 7 50 10 32 16 11 34 30 33 15 40 17 29 32 19 24 15 20 20 16 45 28 32 31 27 41 40 38 3 40 26 33 26 40 17 42 12 14 43 27 18 35 20 28 27 23 41 16 5 40 28 41 14 7 14 24 39 31 11 14 40 0 25 10 37 24 18 26 34 24 24 13 38 9
9 11 23 2 35 30 19 21 36 25 27 32 24 22 20 7 19 30 4 31 33 14 12 18 29 17 9 21 26 18 28 14 18 25 18 13 11 15 11 5 28 21 6 24 24 13 17 27 13 11 24 14 30 27 18 24 15 2 18 29 15 13 17 23 13 32 13 13 21 36 3 17 13 17 18 21 36 10 21 12 28 36 19 23 25 15 39 20 25 0 33 25 15 29 23 25 6 24 13 14 16
25 44 51 34 38 11 40 22 12 8 44 12 20 45 26 26 27 56 30 41 0 22 40 43 45 19 39 17 54 20 29 20 15 34 40 37 25 46 27 38 29 19 34 14 19 23 26 48 31 36 30 37 40 41 42 9 45 34 35 23 46 27 47 12 24 42 37 28 37 14 35 37 33 45 18 13 37 38 44 21 5 5 34 41 30 21 9 43 10 33 0 38 26 15 25 34 29 23 21 42 17
20 34 24 24 12 42 44 42 31 34 7 28 19 13 12 26 11 23 26 6 39 20 37 43 7 34 33 39 24 37 13 23 27 5 43 13 32 24 33 28 13 19 30 24 20 19 40 12 12 15 9 38 5 3 13 35 22 27 7 19 24 35 23 26 34 7 37 36 4 31 23 41 36 18 21 33 15 35 14 27 33 36 42 7 10 34 47 13 37 25 38 0 14 24 14 5 19 16 30 18 30
7 26 26 15 20 29 33 28 23 21 18 19 11 19 5 13 4 30 15 19 26 6 27 33 20 20 24 25 28 23 13 9 13 11 32 11 18 24 20 20 13 8 20 13 11 5 26 21 5 12 9 28 18 17 16 22 22 17 9 15 24 21 24 14 20 20 27 22 11 23 16 30 25 19 8 19 21 25 18 13 21 27 30 15 10 20 35 17 24 15 26 14 0 16 8 11 9 10 16 18 16
20 40 42 30 23 23 40 27 7 14 31 4 5 33 12 22 14 45 26 26 15 15 37 41 31 19 35 23 43 22 14 15 12 19 39 27 22 40 24 34 14 8 30 5 5 16 28 35 21 28 15 34 25 26 31 15 38 30 23 8 40 25 40 8 23 27 34 26 24 7 31 35 30 35 11 16 22 35 33 18 12 12 34 29 15 20 24 32 18 29 15 24 16 0 10 19 24 8 18 34 15
15 34 33 23 15 31 40 31 17 22 21 14 5 23 3 20 5 35 23 16 25 11 35 41 21 23 32 28 33 26 6 13 16 9 39 19 23 32 25 28 6 7 28 11 6 11 30 25 13 20 5 35 15 16 22 23 30 25 13 7 32 26 32 14 24 17 34 27 14 16 24 36 31 27 10 22 14 33 23 17 20 22 35 19 5 24 34 22 26 23 25 14 8 10 0 9 17 2 20 26 19
18 35 28 24 10 39 44 39 26 30 12 23 14 17 8 24 8 28 26 8 34 17 37 43 12 31 34 36 28 34 8 20 24 0 43 15 29 27 31 29 8 15 30 20 15 16 37 17 12 17 4 38 7 7 17 31 25 27 8 14 27 32 27 22 31 9 37 33 7 25 24 41 36 22 18 30 12 35 18 24 29 31 41 11 5 31 43 17 34 25 34 5 11 19 9 0 19 11 27 21 27
4 17 23 6 29 29 24 23 31 23 23 27 19 18 14 7 13 28 7 25 30 9 18 24 25 17 15 22 26 19 22 9 14 19 23 9 13 17 14 11 22 16 11 19 19 8 21 23 7 8 18 19 24 22 14 23 16 8 13 23 17 16 18 18 15 26 18 17 16 31 7 22 17 17 13 20 30 16 17 10 24 31 23 19 19 16 37 16 24 6 29 19 9 24 17 19 0 18 13 14 15
15 35 35 24 17 29 40 29 15 20 23 12 3 25 5 20 7 37 23 18 23 11 35 41 23 21 32 26 35 24 8 13 14 11 39 21 23 34 25 29 8 5 28 9 4 11 30 27 15 22 7 35 17 18 24 21 32 26 15 5 34 26 34 12 24 19 34 27 16 14 25 36 31 29 9 20 16 33 25 17 18 20 35 21 7 22 32 24 24 24 23 16 10 8 2 11 18 0 19 28 17
10 23 35 15 34 17 21 12 24 13 34 20 17 31 19 6 19 41 9 35 21 10 19 22 36 4 18 9 38 7 26 7 6 27 20 22 4 28 6 17 26 14 13 13 17 11 11 35 18 21 24 16 34 33 27 12 28 13 24 23 28 7 30 11 5 36 16 8 27 24 16 17 12 29 10 8 34 17 30 3 16 24 16 30 24 4 26 29 13 13 21 30 16 18 20 27 13 19 0 26 4
17 18 9 12 30 43 33 35 41 36 16 37 29 8 23 20 21 16 18 24 42 20 25 31 18 30 21 35 12 32 29 22 27 21 31 7 25 6 25 16 29 26 20 30 29 19 31 13 13 6 24 28 23 19 5 36 4 16 13 33 6 27 6 30 27 24 27 27 15 41 11 31 27 3 24 33 33 23 7 24 37 43 33 12 25 29 50 7 38 14 42 18 18 34 26 21 14 28 26 0 29
12 27 38 18 34 14 24 12 21 9 34 17 15 33 19 9 19 43 13 35 17 10 23 26 36 4 22 9 41 7 25 7 3 27 24 24 8 31 10 21 25 12 17 10 14 11 12 36 19 23 24 20 34 33 29 8 31 17 24 21 31 11 33 8 8 36 20 12 27 21 19 21 16 32 9 5 33 21 32 5 12 20 20 30 24 5 23 31 9 16 17 30 16 15 19 27 15 17 4 29 0
0         836      
610       614      
251       282      
645       673      
543       568      
451       467      
33        46       
111       137      
158       183      
133       156      
276       301      
162       195      
184       209      
279       300      
392       403      
408       440      
350       379      
256       274      
582       608      
546       568      
152       173      
389       418      
28        47       
31        46       
327       353      
82        102      
12        42       
85        105      
625       655      
70        91       
360       396      
211       220      
398       423      
316       325      
63        67       
213       241      
93        107      
236       270      
70        97       
10        29       
527       561      
176       200      
14        30       
174       186      
193       205      
211       232      
430       450      
281       285      
221       246      
576       599      
312       339      
25        46       
329       348      
334       357      
219       241      
475       497      
252       272      
0         23       
353       363      
379       396      
623       632      
61        82       
239       276      
489       505      
82        98       
320       352      
44        71       
101       119      
303       311      
794       809      
579       609      
21        56       
72        82       
235       259      
194       209      
123       150      
698       708      
57        76       
232       251      
417       424      
137       162      
160       175      
111       125      
281       307      
365       395      
78        94       
468       479      
223       260      
453       462      
0         30       
509       518      
296       315      
216       238      
161       188      
360       375      
308       339      
0         16       
195       211      
423       439      
757       775      
716       747      
