101
0 49 21 22 16 36 50 28 17 16 45 48 31 38 7 30 14 35 38 27 18 20 33 45 8 36 12 51 32 2 27 40 28 36 42 54 11 37 35 48 31 14 37 34 13 23 12 27 25 27 16 39 53 31 40 17 31 14 20 12 27 26 33 22 22 23 14 16 41 41 3 8 10 49 48 39 9 14 37 13 34 44 10 31 33 38 25 16 22 43 34 35 46 42 29 33 42 46 21 42 27
49 0 40 30 37 19 13 49 35 43 21 9 48 13 43 31 41 18 14 24 37 29 41 14 41 14 38 16 17 49 39 22 40 13 19 21 38 21 19 25 19 42 12 18 36 49 43 49 25 22 33 27 23 45 10 49 49 36 30 44 26 23 19 29 31 26 35 51 27 28 47 41 46 22 22 10 47 39 22 48 30 22 40 21 19 12 28 46 28 25 28 14 12 22 21 16 7 24 36 17 22
21 40 0 28 28 23 47 10 28 6 48 37 11 34 16 39 7 23 36 15 31 17 11 33 18 32 12 39 27 23 6 25 7 26 28 40 22 23 36 31 28 7 30 33 15 9 9 9 28 19 18 45 38 10 34 37 12 10 12 9 14 20 34 11 8 19 19 36 24 24 23 18 30 34 32 32 12 10 23 11 17 29 14 34 33 33 31 8 14 46 17 26 42 26 18 26 33 30 3 30 22
22 30 28 0 7 26 29 38 5 25 23 33 39 17 17 11 23 25 17 21 7 13 38 33 15 16 17 39 14 21 32 33 34 22 33 43 11 29 14 40 11 23 19 13 14 34 22 37 5 16 10 18 43 38 20 19 40 18 18 23 24 14 12 21 24 12 10 21 37 38 19 15 17 40 39 20 23 19 30 27 34 36 17 10 12 18 3 27 18 21 32 20 25 34 22 15 23 39 27 32 13
16 37 28 7 0 30 36 36 2 23 30 39 39 24 13 15 21 29 24 24 3 15 39 39 11 22 16 45 20 15 33 37 35 28 37 49 6 33 21 44 17 21 25 20 13 32 19 35 11 20 10 24 48 38 26 13 39 18 19 20 26 18 19 22 25 15 9 15 41 42 13 11 10 44 43 26 19 18 34 23 36 40 14 17 19 24 10 24 20 27 34 26 32 38 26 21 29 43 27 37 18
36 19 23 26 30 0 28 30 29 27 33 14 30 19 29 34 25 1 21 8 32 17 22 10 28 17 23 16 14 36 20 7 22 6 7 19 28 4 25 14 18 26 12 22 23 32 27 31 22 10 22 35 18 27 16 43 31 20 14 28 9 12 24 13 15 15 24 45 13 14 35 28 38 14 13 13 31 23 5 32 12 10 25 25 23 17 27 30 13 35 10 8 25 9 5 13 13 13 20 8 13
50 13 47 29 36 28 0 57 34 48 10 22 57 12 44 26 45 27 12 31 35 31 50 26 42 14 40 29 19 50 46 34 48 22 31 34 39 32 15 37 19 45 17 16 37 55 45 56 25 26 34 17 36 53 12 47 57 39 34 46 34 26 17 34 37 27 36 49 39 40 48 42 46 35 35 15 48 40 33 49 40 34 41 19 17 13 26 49 32 14 37 21 4 34 30 19 15 36 42 29 24
28 49 10 38 36 30 57 0 36 13 58 44 3 44 24 49 15 31 45 24 39 26 11 39 26 41 20 45 36 30 10 31 9 35 34 46 30 29 46 37 38 15 39 43 23 5 17 1 37 29 27 54 44 5 43 45 3 20 22 17 22 29 44 20 17 29 27 44 29 28 31 26 38 40 38 41 19 18 29 15 22 35 22 43 43 42 40 12 23 56 23 35 52 32 26 36 42 36 12 36 31
17 35 28 5 2 29 34 36 0 24 28 37 39 22 14 13 21 28 22 23 3 14 39 37 12 20 16 43 18 16 33 36 35 26 36 47 7 32 19 43 15 22 23 18 13 33 20 35 9 19 10 22 47 38 24 15 39 18 19 21 25 17 17 22 25 14 9 17 40 41 14 12 12 43 42 24 20 18 33 24 35 39 15 15 17 22 8 25 19 26 33 24 30 37 25 19 27 42 27 36 17
16 43 6 25 23 27 48 13 24 0 47 41 16 35 11 36 2 27 36 19 26 15 17 37 13 32 7 43 27 17 12 29 13 30 32 44 17 27 35 37 28 2 31 32 10 9 4 12 25 21 14 42 42 15 35 32 16 7 13 4 18 20 33 14 12 18 14 31 30 30 18 13 25 38 37 33 7 5 27 5 23 33 9 32 32 33 27 3 15 45 23 29 43 31 22 27 36 36 8 34 21
45 21 48 23 30 33 10 58 28 47 0 30 59 14 40 18 44 32 12 33 29 31 52 34 38 16 39 37 21 44 48 39 50 26 38 42 34 36 11 45 19 45 21 14 36 56 44 57 21 28 31 8 44 55 16 40 59 39 35 45 36 28 13 36 39 28 33 43 45 46 42 38 40 43 43 19 46 41 37 49 44 41 39 14 13 16 20 49 33 5 42 25 9 41 33 21 21 44 44 36 25
48 9 37 33 39 14 22 44 37 41 30 0 43 18 41 37 39 14 20 22 40 27 35 5 39 18 36 7 18 47 34 14 35 11 11 12 39 15 24 15 22 40 14 23 34 46 41 45 27 20 32 34 14 40 15 51 44 34 28 42 23 21 25 27 29 24 33 53 19 20 45 39 47 13 13 13 45 37 15 46 23 13 38 27 24 17 32 44 26 33 21 13 21 14 19 17 10 15 34 8 21
31 48 11 39 39 30 57 3 39 16 59 43 0 45 27 50 18 30 46 25 42 27 9 38 29 42 23 43 37 33 10 29 8 35 32 44 33 28 47 35 39 18 39 44 26 8 20 4 38 30 29 55 42 3 44 48 2 21 23 20 22 30 45 21 18 30 30 47 27 26 34 29 41 38 36 41 22 21 27 18 20 33 25 44 44 43 42 15 24 57 21 35 53 30 26 37 42 34 13 34 32
38 13 34 17 24 19 12 44 22 35 14 18 45 0 32 18 32 18 2 19 24 19 38 21 30 2 28 25 7 38 34 26 36 13 25 30 27 23 6 32 7 33 7 5 25 43 33 43 13 14 22 16 31 41 3 36 45 27 22 34 22 14 7 22 25 15 24 38 32 33 36 30 34 30 30 6 36 28 24 37 30 28 29 8 6 2 15 37 20 16 28 11 8 28 19 7 8 31 30 23 12
7 43 16 17 13 29 44 24 14 11 40 41 27 32 0 27 9 28 32 20 16 14 27 38 2 30 5 44 26 8 22 33 23 30 35 47 7 30 30 41 25 9 31 28 7 19 7 23 20 21 10 35 46 26 34 21 27 7 13 7 20 20 28 15 15 17 8 20 34 34 8 2 14 42 41 33 6 7 30 10 27 37 3 27 28 32 20 12 15 38 27 29 40 35 22 27 36 39 16 35 21
30 31 39 11 15 34 26 49 13 36 18 37 50 18 27 0 34 33 17 31 12 23 48 39 25 19 28 43 20 29 42 41 44 28 40 48 20 38 12 47 16 34 24 14 25 45 33 48 13 26 21 10 49 49 21 22 51 29 28 34 34 24 12 31 34 22 21 25 47 48 27 25 23 46 46 24 33 30 39 37 44 43 28 10 12 19 8 38 28 14 42 26 22 43 32 21 26 46 37 38 22
14 41 7 23 21 25 45 15 21 2 44 39 18 32 9 34 0 25 33 17 24 13 18 35 11 30 5 41 25 16 13 28 14 28 30 42 15 25 33 36 26 1 29 30 8 11 2 14 23 19 12 40 41 17 33 30 18 5 11 3 16 18 31 12 10 16 12 29 29 29 16 11 23 37 36 31 6 3 25 7 22 32 7 30 30 31 25 5 13 43 22 27 40 30 20 25 34 34 7 32 19
35 18 23 25 29 1 27 31 28 27 32 14 30 18 28 33 25 0 20 8 31 16 23 10 27 16 22 16 13 35 21 8 22 5 8 19 27 5 24 15 17 26 11 21 22 32 27 31 21 9 21 34 19 27 15 42 31 20 14 28 9 11 23 13 15 14 23 44 14 15 34 27 37 15 14 12 31 23 6 32 12 11 24 24 22 16 26 30 13 34 10 7 24 10 5 12 12 14 20 8 12
38 14 36 17 24 21 12 45 22 36 12 20 46 2 32 17 33 20 0 21 23 20 40 23 30 4 28 27 9 38 36 28 38 15 27 32 27 25 5 34 7 34 9 4 25 44 33 45 13 16 22 14 33 43 5 35 47 28 23 34 24 16 5 24 27 17 24 37 34 35 36 30 34 32 32 8 36 30 26 38 32 30 29 7 5 4 14 38 22 14 30 13 8 30 21 9 10 33 32 25 14
27 24 15 21 24 8 31 24 23 19 33 22 25 19 20 31 17 8 21 0 26 9 19 18 20 17 14 24 12 28 15 13 17 11 15 27 21 10 23 21 15 18 15 20 14 24 19 24 18 5 14 32 26 22 19 36 26 12 6 20 3 7 21 5 7 9 16 37 17 18 27 19 30 22 21 17 23 15 11 24 13 17 16 22 20 18 23 22 5 33 11 11 27 15 3 12 18 20 12 16 9
18 37 31 7 3 32 35 39 3 26 29 40 42 24 16 12 24 31 23 26 0 17 42 40 14 23 19 46 21 17 36 39 38 29 39 50 9 35 20 46 18 24 26 19 16 35 22 38 12 22 13 22 50 41 27 12 42 21 22 23 28 20 18 25 28 17 12 14 43 44 15 14 11 46 45 27 22 21 36 26 38 42 17 16 18 25 9 27 22 25 36 27 31 40 28 22 30 45 30 39 20
20 29 17 13 15 17 31 26 14 15 31 27 27 19 14 23 13 16 20 9 17 0 25 25 12 16 9 31 12 20 19 22 21 16 24 35 11 19 19 30 13 14 17 17 7 24 14 26 11 7 5 28 35 25 20 27 29 8 5 15 11 6 18 8 11 3 7 28 26 27 19 12 21 31 30 19 18 10 20 19 21 26 11 17 17 18 15 18 5 30 19 15 27 24 12 13 22 29 14 24 7
33 41 11 38 39 22 50 11 39 17 52 35 9 38 27 48 18 23 40 19 42 25 0 29 29 36 23 34 31 34 6 20 4 28 23 35 33 20 42 26 34 18 33 39 26 16 20 12 35 24 29 51 33 6 38 48 11 21 20 20 16 26 40 17 14 26 30 47 18 17 34 29 41 29 27 35 23 21 19 22 11 24 25 41 39 37 40 18 20 52 13 29 46 21 20 31 35 25 12 25 28
45 14 33 33 39 10 26 39 37 37 34 5 38 21 38 39 35 10 23 18 40 25 29 0 37 20 32 6 18 45 29 8 30 10 5 10 36 10 27 11 22 36 15 25 32 42 37 40 27 18 30 37 11 34 18 51 39 30 24 38 19 20 27 23 25 23 32 53 13 14 44 37 46 9 9 15 41 33 10 42 17 8 34 28 26 19 32 40 23 37 16 12 25 8 15 17 13 10 30 3 20
8 41 18 15 11 28 42 26 12 13 38 39 29 30 2 25 11 27 30 20 14 12 29 37 0 28 6 43 24 8 23 33 25 28 35 46 5 30 28 41 23 11 29 26 5 21 9 25 18 19 8 33 46 28 32 19 29 8 13 9 20 18 26 16 16 15 6 18 35 35 7 0 12 42 41 31 8 8 30 12 28 37 4 25 26 30 18 14 15 36 28 27 38 35 22 25 34 39 17 35 19
36 14 32 16 22 17 14 41 20 32 16 18 42 2 30 19 30 16 4 17 23 16 36 20 28 0 25 25 5 36 32 24 34 11 23 30 25 21 8 30 5 30 5 5 23 40 30 41 11 12 20 18 31 39 4 35 43 24 20 31 20 12 7 20 23 13 22 37 30 31 34 28 32 29 28 5 34 26 22 35 28 26 27 8 6 2 15 34 18 18 26 9 10 26 17 5 8 29 28 21 10
12 38 12 17 16 23 40 20 16 7 39 36 23 28 5 28 5 22 28 14 19 9 23 32 6 25 0 38 21 13 17 27 19 25 29 41 10 24 28 35 21 6 26 26 3 16 5 19 17 16 7 34 40 22 29 25 23 2 8 6 15 15 25 10 10 12 7 24 29 29 13 6 18 36 35 28 9 2 25 10 22 31 2 24 25 27 20 10 10 37 22 24 35 29 17 22 31 34 11 30 16
51 16 39 39 45 16 29 45 43 43 37 7 43 25 44 43 41 16 27 24 46 31 34 6 43 25 38 0 24 51 35 14 36 16 11 5 42 16 31 10 28 42 20 30 38 48 43 46 33 24 36 41 7 40 22 57 45 36 30 44 25 26 32 29 31 29 38 59 17 18 50 43 52 7 9 20 47 39 16 48 23 10 40 33 31 24 38 46 29 40 22 18 28 13 21 23 17 11 36 9 26
32 17 27 14 20 14 19 36 18 27 21 18 37 7 26 20 25 13 9 12 21 12 31 18 24 5 21 24 0 32 27 21 29 8 20 28 21 18 11 27 4 26 5 8 19 36 26 36 9 7 16 21 29 34 8 33 38 19 15 27 15 7 10 15 18 9 18 35 27 28 30 24 30 26 26 7 30 22 19 31 24 23 23 11 9 6 14 30 13 22 22 6 15 23 12 1 10 26 23 18 5
2 49 23 21 15 36 50 30 16 17 44 47 33 38 8 29 16 35 38 28 17 20 34 45 8 36 13 51 32 0 29 40 30 36 42 54 11 37 35 48 31 15 37 34 13 25 14 29 25 27 16 38 53 32 40 15 33 15 21 13 28 26 33 23 23 23 14 14 42 42 2 8 8 49 48 39 11 15 38 15 35 44 11 31 33 38 24 18 23 42 35 35 46 42 30 33 42 47 23 43 27
27 39 6 32 33 20 46 10 33 12 48 34 10 34 22 42 13 21 36 15 36 19 6 29 23 32 17 35 27 29 0 21 2 25 24 36 27 19 38 27 30 13 29 35 20 13 15 11 30 20 23 47 34 7 34 42 11 15 14 15 12 20 35 11 8 20 24 41 19 18 29 23 35 30 28 31 18 15 19 17 12 25 19 35 34 33 34 14 14 47 13 25 42 22 16 27 32 26 6 26 22
40 22 25 33 37 7 34 31 36 29 39 14 29 26 33 41 28 8 28 13 39 22 20 8 33 24 27 14 21 40 21 0 22 13 3 15 33 3 32 8 25 29 19 29 27 34 30 32 29 16 27 42 13 26 23 49 31 25 19 31 12 18 31 17 17 21 29 50 6 7 40 32 43 9 7 20 34 27 2 34 9 4 29 32 30 24 34 32 18 42 8 15 31 2 10 20 19 7 22 5 20
28 40 7 34 35 22 48 9 35 13 50 35 8 36 23 44 14 22 38 17 38 21 4 30 25 34 19 36 29 30 2 22 0 27 25 37 29 20 40 28 32 14 31 37 22 12 16 10 32 22 25 49 35 5 36 44 9 17 16 16 14 22 37 13 10 22 26 43 20 19 30 25 37 31 29 33 19 17 20 17 13 26 21 37 36 35 36 14 16 49 14 27 44 23 18 29 34 27 8 27 24
36 13 26 22 28 6 22 35 26 30 26 11 35 13 30 28 28 5 15 11 29 16 28 10 28 11 25 16 8 36 25 13 27 0 12 20 27 10 19 19 12 29 6 16 23 35 30 35 17 9 21 29 21 32 10 41 36 23 17 31 12 10 18 16 18 13 22 43 19 20 34 28 36 18 17 7 34 26 11 35 17 15 27 19 17 11 22 33 15 29 15 2 19 15 8 7 7 18 23 10 10
42 19 28 33 37 7 31 34 36 32 38 11 32 25 35 40 30 8 27 15 39 24 23 5 35 23 29 11 20 42 24 3 25 12 0 12 35 5 31 7 24 31 18 28 29 37 32 35 29 17 29 41 11 29 22 50 34 27 21 33 14 19 30 19 20 22 31 52 8 9 42 34 45 7 6 19 36 29 5 37 12 3 31 31 29 23 34 35 20 41 11 14 29 3 12 19 17 6 25 2 20
54 21 40 43 49 19 34 46 47 44 42 12 44 30 47 48 42 19 32 27 50 35 35 10 46 30 41 5 28 54 36 15 37 20 12 0 46 17 36 9 32 43 25 35 41 49 44 47 37 28 40 46 2 41 27 61 46 39 33 45 26 30 37 31 32 33 42 63 17 18 53 46 56 6 8 25 48 41 17 49 24 11 43 38 36 29 42 47 32 45 23 22 33 14 24 27 22 10 37 11 30
11 38 22 11 6 28 39 30 7 17 34 39 33 27 7 20 15 27 27 21 9 11 33 36 5 25 10 42 21 11 27 33 29 27 35 46 0 30 24 41 20 15 26 23 7 26 13 29 14 18 6 29 46 32 29 16 33 12 15 14 22 16 22 18 20 13 4 16 37 38 9 5 10 42 40 28 13 12 31 17 32 37 8 20 22 27 14 18 16 32 30 25 35 35 23 22 31 40 21 35 17
37 21 23 29 33 4 32 29 32 27 36 15 28 23 30 38 25 5 25 10 35 19 20 10 30 21 24 16 18 37 19 3 20 10 5 17 30 0 29 11 22 26 16 26 24 32 27 30 26 13 24 39 16 25 20 46 29 22 16 28 9 15 28 14 15 18 26 46 9 10 37 29 40 12 10 17 31 24 1 32 9 7 26 29 27 21 31 30 15 39 7 12 29 5 7 17 17 10 20 7 17
35 19 36 14 21 25 15 46 19 35 11 24 47 6 30 12 33 24 5 23 20 19 42 27 28 8 28 31 11 35 38 32 40 19 31 36 24 29 0 38 7 33 13 3 24 43 33 45 10 17 20 10 37 44 9 32 48 27 23 34 25 16 2 25 28 16 22 34 38 39 33 28 31 36 36 12 35 29 30 38 35 34 28 4 2 8 11 37 22 11 33 17 11 34 23 12 14 37 33 29 14
48 25 31 40 44 14 37 37 43 37 45 15 35 32 41 47 36 15 34 21 46 30 26 11 41 30 35 10 27 48 27 8 28 19 7 9 41 11 38 0 31 37 25 35 35 40 38 38 36 24 35 48 7 32 29 57 37 33 27 39 20 26 37 25 25 29 37 57 8 9 48 40 51 3 2 26 42 35 10 42 15 4 37 38 36 30 41 39 26 48 14 21 36 6 18 26 24 1 29 9 27
31 19 28 11 17 18 19 38 15 28 19 22 39 7 25 16 26 17 7 15 18 13 34 22 23 5 21 28 4 31 30 25 32 12 24 32 20 22 7 31 0 27 8 5 18 37 26 37 6 10 15 17 33 37 9 30 40 21 16 27 18 9 6 18 21 10 17 32 31 32 29 23 27 30 29 9 29 23 23 31 28 27 22 7 5 7 10 31 15 18 26 10 15 27 16 5 12 30 26 22 7
14 42 7 23 21 26 45 15 22 2 45 40 18 33 9 34 1 26 34 18 24 14 18 36 11 30 6 42 26 15 13 29 14 29 31 43 15 26 33 37 27 0 30 31 9 11 2 14 23 20 13 40 42 17 34 30 18 6 12 2 17 19 31 13 11 17 13 29 30 30 16 11 23 38 36 32 5 4 26 6 23 33 7 30 31 32 26 5 14 43 23 28 40 31 21 26 35 35 8 33 20
37 12 30 19 25 12 17 39 23 31 21 14 39 7 31 24 29 11 9 15 26 17 33 15 29 5 26 20 5 37 29 19 31 6 18 25 26 16 13 25 8 30 0 10 24 39 31 39 14 10 21 23 26 36 5 38 40 24 18 32 17 11 12 18 21 14 23 40 25 26 35 29 35 24 23 2 35 27 17 36 23 21 28 13 11 5 18 34 16 23 21 4 14 21 13 4 5 24 26 16 10
34 18 33 13 20 22 16 43 18 32 14 23 44 5 28 14 30 21 4 20 19 17 39 25 26 5 26 30 8 34 35 29 37 16 28 35 23 26 3 35 5 31 10 0 23 41 31 42 9 15 19 13 36 42 8 31 45 25 21 32 23 14 2 23 26 14 20 33 35 36 32 26 30 34 33 10 34 27 27 36 32 31 27 3 1 6 10 35 20 14 30 14 12 31 20 9 13 34 31 26 12
13 36 15 14 13 23 37 23 13 10 36 34 26 25 7 25 8 22 25 14 16 7 26 32 5 23 3 38 19 13 20 27 22 23 29 41 7 24 24 35 18 9 24 23 0 19 8 22 14 14 4 31 40 25 27 23 26 5 8 9 15 13 22 11 13 10 4 23 30 31 12 5 17 36 34 26 11 5 25 13 25 31 4 21 22 25 17 13 10 34 23 22 33 29 17 20 29 34 14 30 14
23 49 9 34 32 32 55 5 33 9 56 46 8 43 19 45 11 32 44 24 35 24 16 42 21 40 16 48 36 25 13 34 12 35 37 49 26 32 43 40 37 11 39 41 19 0 12 4 33 28 23 50 47 10 43 40 8 16 21 12 23 29 41 20 17 27 23 39 32 31 26 21 33 43 41 41 14 14 32 10 25 38 17 40 41 42 36 7 23 53 26 35 50 35 27 35 42 39 12 39 30
12 43 9 22 19 27 45 17 20 4 44 41 20 33 7 33 2 27 33 19 22 14 20 37 9 30 5 43 26 14 15 30 16 30 32 44 13 27 33 38 26 2 31 31 8 12 0 16 22 21 12 39 43 19 34 28 20 7 13 1 18 20 30 14 12 17 12 27 31 31 14 9 21 39 37 33 4 4 27 5 24 34 5 29 30 32 25 5 15 42 24 29 40 32 22 27 36 36 9 34 21
27 49 9 37 35 31 56 1 35 12 57 45 4 43 23 48 14 31 45 24 38 26 12 40 25 41 19 46 36 29 11 32 10 35 35 47 29 30 45 38 37 14 39 42 22 4 16 0 36 28 26 53 45 6 43 44 4 19 21 16 23 29 43 20 17 28 26 43 30 29 30 25 37 41 39 41 18 17 30 14 23 36 21 43 42 42 39 11 23 55 24 35 51 33 27 35 42 37 12 37 31
25 25 28 5 11 22 25 37 9 25 21 27 38 13 20 13 23 21 13 18 12 11 35 27 18 11 17 33 9 25 30 29 32 17 29 37 14 26 10 36 6 23 14 9 14 33 22 36 0 13 10 17 38 36 15 24 40 18 16 23 21 11 8 18 21 9 12 26 34 35 23 18 21 35 34 15 25 19 27 27 31 32 18 7 8 13 5 27 15 20 29 15 21 31 19 10 18 35 25 27 9
27 22 19 16 20 10 26 29 19 21 28 20 30 14 21 26 19 9 16 5 22 7 24 18 19 12 16 24 7 27 20 16 22 9 17 28 18 13 17 24 10 20 10 15 14 28 21 28 13 0 12 27 28 27 14 33 31 14 8 22 8 2 16 8 11 5 14 34 21 22 26 19 28 24 23 12 25 17 14 26 18 20 18 17 15 13 18 24 6 28 16 8 22 18 6 7 15 23 16 17 4
16 33 18 10 10 22 34 27 10 14 31 32 29 22 10 21 12 21 22 14 13 5 29 30 8 20 7 36 16 16 23 27 25 21 29 40 6 24 20 35 15 13 21 19 4 23 12 26 10 12 0 27 40 28 24 22 30 8 9 13 16 10 18 12 15 7 2 22 31 32 14 8 16 36 34 23 15 9 25 17 26 31 8 17 18 22 13 17 10 30 24 19 30 29 17 17 26 34 17 29 11
39 27 45 18 24 35 17 54 22 42 8 34 55 16 35 10 40 34 14 32 22 28 51 37 33 18 34 41 21 38 47 42 49 29 41 46 29 39 10 48 17 40 23 13 31 50 39 53 17 27 27 0 47 53 19 32 57 35 33 40 35 26 11 35 38 26 28 35 48 49 36 33 32 46 46 22 41 36 40 44 45 44 35 11 12 18 15 44 32 4 43 27 15 44 33 22 24 47 42 39 24
53 23 38 43 48 18 36 44 47 42 44 14 42 31 46 49 41 19 33 26 50 35 33 11 46 31 40 7 29 53 34 13 35 21 11 2 46 16 37 7 33 42 26 36 40 47 43 45 38 28 40 47 0 39 28 61 44 38 32 44 25 30 38 30 30 33 42 62 15 16 52 45 56 4 6 26 47 40 15 47 22 9 42 39 37 30 43 45 31 47 21 23 35 12 23 28 23 8 35 11 31
31 45 10 38 38 27 53 5 38 15 55 40 3 41 26 49 17 27 43 22 41 25 6 34 28 39 22 40 34 32 7 26 5 32 29 41 32 25 44 32 37 17 36 42 25 10 19 6 36 27 28 53 39 0 41 47 5 20 21 19 19 27 42 18 15 27 29 46 24 23 33 28 40 35 33 38 22 20 24 18 17 30 24 42 41 40 40 15 21 54 18 32 49 27 23 34 39 31 11 31 29
40 10 34 20 26 16 12 43 24 35 16 15 44 3 34 21 33 15 5 19 27 20 38 18 32 4 29 22 8 40 34 23 36 10 22 27 29 20 9 29 9 34 5 8 27 43 34 43 15 14 24 19 28 41 0 39 45 27 22 35 22 14 10 22 25 17 26 41 29 30 38 32 36 27 27 3 38 30 21 39 27 25 31 11 9 2 18 38 20 19 25 9 9 25 18 7 5 28 30 20 13
17 49 37 19 13 43 47 45 15 32 40 51 48 36 21 22 30 42 35 36 12 27 48 51 19 35 25 57 33 15 42 49 44 41 50 61 16 46 32 57 30 30 38 31 23 40 28 44 24 33 22 32 61 47 39 0 48 27 31 28 38 31 30 34 35 28 20 3 53 54 14 19 7 57 56 39 26 27 47 30 47 53 23 28 30 37 21 33 32 36 46 39 43 51 39 34 42 56 36 50 31
31 49 12 40 39 31 57 3 39 16 59 44 2 45 27 51 18 31 47 26 42 29 11 39 29 43 23 45 38 33 11 31 9 36 34 46 33 29 48 37 40 18 40 45 26 8 20 4 40 31 30 57 44 5 45 48 0 22 24 20 23 31 46 22 19 31 30 47 29 28 34 29 41 40 38 42 22 21 29 18 22 35 25 46 45 44 43 15 25 58 23 36 53 32 27 38 43 36 15 36 33
14 36 10 18 18 20 39 20 18 7 39 34 21 27 7 29 5 20 28 12 21 8 21 30 8 24 2 36 19 15 15 25 17 23 27 39 12 22 27 33 21 6 24 25 5 16 7 19 18 14 8 35 38 20 27 27 22 0 6 8 13 13 26 8 8 11 9 26 27 27 15 8 20 34 32 26 11 3 23 12 20 29 4 25 25 25 21 10 8 38 20 22 34 27 15 20 29 32 9 28 14
20 30 12 18 19 14 34 22 19 13 35 28 23 22 13 28 11 14 23 6 22 5 20 24 13 20 8 30 15 21 14 19 16 17 21 33 15 16 23 27 16 12 18 21 8 21 13 21 16 8 9 33 32 21 22 31 24 6 0 14 7 8 22 3 6 7 11 31 22 23 20 13 25 28 26 20 17 9 17 18 17 23 10 22 21 21 20 16 2 34 15 16 30 21 9 15 23 26 10 22 10
12 44 9 23 20 28 46 17 21 4 45 42 20 34 7 34 3 28 34 20 23 15 20 38 9 31 6 44 27 13 15 31 16 31 33 45 14 28 34 39 27 2 32 32 9 12 1 16 23 22 13 40 44 19 35 28 20 8 14 0 19 21 31 15 13 18 13 27 32 32 14 9 21 40 38 34 3 5 28 4 25 35 6 30 31 33 26 5 16 43 25 30 41 33 23 28 37 37 10 35 22
27 26 14 24 26 9 34 22 25 18 36 23 22 22 20 34 16 9 24 3 28 11 16 19 20 20 15 25 15 28 12 12 14 12 14 26 22 9 25 20 18 17 17 23 15 23 18 23 21 8 16 35 25 19 22 38 23 13 7 19 0 10 24 5 6 12 18 38 15 15 27 20 32 21 19 19 22 15 10 23 10 16 17 25 23 21 26 21 6 36 8 13 30 14 4 15 19 19 11 16 12
26 23 20 14 18 12 26 29 17 20 28 21 30 14 20 24 18 11 16 7 20 6 26 20 18 12 15 26 7 26 20 18 22 10 19 30 16 15 16 26 9 19 11 14 13 29 20 29 11 2 10 26 30 27 14 31 31 13 8 21 10 0 15 9 12 3 12 32 23 24 24 18 26 26 25 13 24 16 16 25 20 22 17 15 14 13 16 23 6 27 18 9 22 20 8 7 16 25 17 19 2
33 19 34 12 19 24 17 44 17 33 13 25 45 7 28 12 31 23 5 21 18 18 40 27 26 7 25 32 10 33 35 31 37 18 30 37 22 28 2 37 6 31 12 2 22 41 30 43 8 16 18 11 38 42 10 30 46 26 22 31 24 15 0 24 27 15 20 32 37 38 31 26 29 36 35 12 33 27 29 35 34 33 26 2 1 8 9 35 21 13 32 16 13 33 22 11 15 36 32 28 13
22 29 11 21 22 13 34 20 22 14 36 27 21 22 15 31 12 13 24 5 25 8 17 23 16 20 10 29 15 23 11 17 13 16 19 31 18 14 25 25 18 13 18 23 11 20 14 20 18 8 12 35 30 18 22 34 22 8 3 15 5 9 24 0 3 9 14 34 20 20 23 16 28 26 24 20 18 10 15 19 14 21 12 24 23 21 23 17 3 36 13 15 30 19 8 15 22 24 8 21 11
22 31 8 24 25 15 37 17 25 12 39 29 18 25 15 34 10 15 27 7 28 11 14 25 16 23 10 31 18 23 8 17 10 18 20 32 20 15 28 25 21 11 21 26 13 17 12 17 21 11 15 38 30 15 25 35 19 8 6 13 6 12 27 3 0 12 16 34 19 19 23 16 28 26 24 23 16 10 15 17 12 21 12 27 26 24 26 15 6 39 12 18 33 19 10 18 25 24 5 22 14
23 26 19 12 15 15 27 29 14 18 28 24 30 15 17 22 16 14 17 9 17 3 26 23 15 13 12 29 9 23 20 21 22 13 22 33 13 18 16 29 10 17 14 14 10 27 17 28 9 5 7 26 33 27 17 28 31 11 7 18 12 3 15 9 12 0 9 29 26 27 21 15 23 29 28 16 21 13 19 22 22 25 14 15 14 15 14 21 6 27 20 12 23 23 11 10 19 28 17 22 4
14 35 19 10 9 24 36 27 9 14 33 33 30 24 8 21 12 23 24 16 12 7 30 32 6 22 7 38 18 14 24 29 26 22 31 42 4 26 22 37 17 13 23 20 4 23 12 26 12 14 2 28 42 29 26 20 30 9 11 13 18 12 20 14 16 9 0 20 33 33 12 6 14 38 36 25 14 9 27 17 28 33 7 19 20 24 13 17 12 31 26 21 32 31 19 19 28 36 18 31 13
16 51 36 21 15 45 49 44 17 31 43 53 47 38 20 25 29 44 37 37 14 28 47 53 18 37 24 59 35 14 41 50 43 43 52 63 16 46 34 57 32 29 40 33 23 39 27 43 26 34 22 35 62 46 41 3 47 26 31 27 38 32 32 34 34 29 20 0 53 53 13 18 6 58 56 41 25 26 47 29 46 53 22 30 32 39 23 32 32 39 46 41 45 51 39 36 44 56 35 51 33
41 27 24 37 41 13 39 29 40 30 45 19 27 32 34 47 29 14 34 17 43 26 18 13 35 30 29 17 27 42 19 6 20 19 8 17 37 9 38 8 31 30 25 35 30 32 31 30 34 21 31 48 15 24 29 53 29 27 22 32 15 23 37 20 19 26 33 53 0 1 42 35 47 11 9 26 35 29 8 35 7 7 31 38 36 30 39 32 21 48 7 21 37 5 15 26 25 7 22 10 25
41 28 24 38 42 14 40 28 41 30 46 20 26 33 34 48 29 15 35 18 44 27 17 14 35 31 29 18 28 42 18 7 19 20 9 18 38 10 39 9 32 30 26 36 31 31 31 29 35 22 32 49 16 23 30 54 28 27 23 32 15 24 38 20 19 27 33 53 1 0 42 35 47 12 10 27 35 29 9 35 7 8 31 39 37 31 40 32 21 49 7 22 38 6 16 27 26 8 22 11 26
3 47 23 19 13 35 48 31 14 18 42 45 34 36 8 27 16 34 36 27 15 19 34 44 7 34 13 50 30 2 29 40 30 34 42 53 9 37 33 48 29 16 35 32 12 26 14 30 23 26 14 36 52 33 38 14 34 15 20 14 27 24 31 23 23 21 12 13 42 42 0 7 7 48 46 37 12 15 37 16 35 43 11 29 31 36 22 19 22 40 35 33 44 41 29 31 40 46 23 42 25
8 41 18 15 11 28 42 26 12 13 38 39 29 30 2 25 11 27 30 19 14 12 29 37 0 28 6 43 24 8 23 32 25 28 34 46 5 29 28 40 23 11 29 26 5 21 9 25 18 19 8 33 45 28 32 19 29 8 13 9 20 18 26 16 16 15 6 18 35 35 7 0 12 41 39 31 8 8 30 12 28 36 4 25 26 30 18 14 15 36 28 27 38 34 22 25 34 39 17 35 19
10 46 30 17 10 38 46 38 12 25 40 47 41 34 14 23 23 37 34 30 11 21 41 46 12 32 18 52 30 8 35 43 37 36 45 56 10 40 31 51 27 23 35 30 17 33 21 37 21 28 16 32 56 40 36 7 41 20 25 21 32 26 29 28 28 23 14 6 47 47 7 12 0 52 50 36 19 20 41 23 40 47 16 27 29 34 20 26 26 36 40 35 42 45 33 31 39 50 29 45 27
49 22 34 40 44 14 35 40 43 38 43 13 38 30 42 46 37 15 32 22 46 31 29 9 42 29 36 7 26 49 30 9 31 18 7 6 42 12 36 3 30 38 24 34 36 43 39 41 35 24 36 46 4 35 27 57 40 34 28 40 21 26 36 26 26 29 38 58 11 12 48 41 52 0 2 24 42 36 11 43 18 5 38 37 35 28 40 41 27 46 17 20 34 8 19 25 22 4 31 8 27
48 22 32 39 43 13 35 38 42 37 43 13 36 30 41 46 36 14 32 21 45 30 27 9 41 28 35 9 26 48 28 7 29 17 6 8 40 10 36 2 29 36 23 33 34 41 37 39 34 23 34 46 6 33 27 56 38 32 26 38 19 25 35 24 24 28 36 56 9 10 46 39 50 2 0 24 40 34 9 41 16 3 36 36 34 28 39 39 25 46 15 19 34 6 17 24 22 2 29 7 26
39 10 32 20 26 13 15 41 24 33 19 13 41 6 33 24 31 12 8 17 27 19 35 15 31 5 28 20 7 39 31 20 33 7 19 25 28 17 12 26 9 32 2 10 26 41 33 41 15 12 23 22 26 38 3 39 42 26 20 34 19 13 12 20 23 16 25 41 26 27 37 31 36 24 24 0 37 29 18 38 24 22 30 13 11 4 19 36 18 22 22 6 12 22 15 6 3 25 28 17 12
9 47 12 23 19 31 48 19 20 7 46 45 22 36 6 33 6 31 36 23 22 18 23 41 8 34 9 47 30 11 18 34 19 34 36 48 13 31 35 42 29 5 35 34 11 14 4 18 25 25 15 41 47 22 38 26 22 11 17 3 22 24 33 18 16 21 14 25 35 35 12 8 19 42 40 37 0 8 31 4 28 37 7 32 33 36 26 7 19 44 28 33 44 35 26 31 40 40 13 38 25
14 39 10 19 18 23 40 18 18 5 41 37 21 28 7 30 3 23 30 15 21 10 21 33 8 26 2 39 22 15 15 27 17 26 29 41 12 24 29 35 23 4 27 27 5 14 4 17 19 17 9 36 40 20 30 27 21 3 9 5 15 16 27 10 10 13 9 26 29 29 15 8 20 36 34 29 8 0 25 9 22 31 4 26 27 28 22 8 11 39 22 25 36 29 18 23 32 34 9 31 17
37 22 23 30 34 5 33 29 33 27 37 15 27 24 30 39 25 6 26 11 36 20 19 10 30 22 25 16 19 38 19 2 20 11 5 17 31 1 30 10 23 26 17 27 25 32 27 30 27 14 25 40 15 24 21 47 29 23 17 28 10 16 29 15 15 19 27 47 8 9 37 30 41 11 9 18 31 25 0 32 8 6 27 30 28 22 32 30 16 40 6 13 30 4 8 18 18 9 20 7 18
13 48 11 27 23 32 49 15 24 5 49 46 18 37 10 37 7 32 38 24 26 19 22 42 12 35 10 48 31 15 17 34 17 35 37 49 17 32 38 42 31 6 36 36 13 10 5 14 27 26 17 44 47 18 39 30 18 12 18 4 23 25 35 19 17 22 17 29 35 35 16 12 23 43 41 38 4 9 32 0 28 38 10 34 35 37 30 3 20 47 28 34 45 36 27 32 41 41 13 39 26
34 30 17 34 36 12 40 22 35 23 44 23 20 30 27 44 22 12 32 13 38 21 11 17 28 28 22 23 24 35 12 9 13 17 12 24 32 9 35 15 28 23 23 32 25 25 24 23 31 18 26 45 22 17 27 47 22 20 17 25 10 20 34 14 12 22 28 46 7 7 35 28 40 18 16 24 28 22 8 28 0 13 24 35 33 28 36 25 16 46 2 19 36 10 12 23 24 14 15 14 22
44 22 29 36 40 10 34 35 39 33 41 13 33 28 37 43 32 11 30 17 42 26 24 8 37 26 31 10 23 44 25 4 26 15 3 11 37 7 34 4 27 33 21 31 31 38 34 36 32 20 31 44 9 30 25 53 35 29 23 35 16 22 33 21 21 25 33 53 7 8 43 36 47 5 3 22 37 31 6 38 13 0 33 34 32 26 37 36 22 44 12 17 32 3 14 22 20 3 26 5 23
10 40 14 17 14 25 41 22 15 9 39 38 25 29 3 28 7 24 29 16 17 11 25 34 4 27 2 40 23 11 19 29 21 27 31 43 8 26 28 37 22 7 28 27 4 17 5 21 18 18 8 35 42 24 31 23 25 4 10 6 17 17 26 12 12 14 7 22 31 31 11 4 16 38 36 30 7 4 27 10 24 33 0 25 26 29 20 10 12 38 24 26 37 31 19 24 33 36 13 32 18
31 21 34 10 17 25 19 43 15 32 14 27 44 8 27 10 30 24 7 22 16 17 41 28 25 8 24 33 11 31 35 32 37 19 31 38 20 29 4 38 7 30 13 3 21 40 29 43 7 17 17 11 39 42 11 28 46 25 22 30 25 15 2 24 27 15 19 30 38 39 29 25 27 37 36 13 32 26 30 34 35 34 25 0 2 9 7 34 21 13 33 17 15 34 23 12 16 37 31 29 13
33 19 33 12 19 23 17 43 17 32 13 24 44 6 28 12 30 22 5 20 18 17 39 26 26 6 25 31 9 33 34 30 36 17 29 36 22 27 2 36 5 31 11 1 22 41 30 42 8 15 18 12 37 41 9 30 45 25 21 31 23 14 1 23 26 14 20 32 36 37 31 26 29 35 34 11 33 27 28 35 33 32 26 2 0 7 9 35 20 13 31 15 13 32 21 10 14 35 31 27 12
38 12 33 18 24 17 13 42 22 33 16 17 43 2 32 19 31 16 4 18 25 18 37 19 30 2 27 24 6 38 33 24 35 11 23 29 27 21 8 30 7 32 5 6 25 42 32 42 13 13 22 18 30 40 2 37 44 25 21 33 21 13 8 21 24 15 24 39 30 31 36 30 34 28 28 4 36 28 22 37 28 26 29 9 7 0 16 35 19 18 26 9 10 26 18 6 7 29 29 21 11
25 28 31 3 10 27 26 40 8 27 20 32 42 15 20 8 25 26 14 23 9 15 40 32 18 15 20 38 14 24 34 34 36 22 34 42 14 31 11 41 10 26 18 10 17 36 25 39 5 18 13 15 43 40 18 21 43 21 20 26 26 16 9 23 26 14 13 23 39 40 22 18 20 40 39 19 26 22 32 30 36 37 20 7 9 16 0 30 20 18 34 20 22 36 24 15 22 40 29 32 14
16 46 8 27 24 30 49 12 25 3 49 44 15 37 12 38 5 30 38 22 27 18 18 40 14 34 10 46 30 18 14 32 14 33 35 47 18 30 37 39 31 5 34 35 13 7 5 11 27 24 17 44 45 15 38 33 15 10 16 5 21 23 35 17 15 21 17 32 32 32 19 14 26 41 39 36 7 8 30 3 25 36 10 34 35 35 30 0 18 47 25 32 44 34 25 30 39 38 10 37 24
22 28 14 18 20 13 32 23 19 15 33 26 24 20 15 28 13 13 22 5 22 5 20 23 15 18 10 29 13 23 14 18 16 15 20 32 16 15 22 26 15 14 16 20 10 23 15 23 15 6 10 32 31 21 20 32 25 8 2 16 6 6 21 3 6 6 12 32 21 21 22 15 26 27 25 18 19 11 16 20 16 22 12 21 20 19 20 18 0 33 14 14 28 20 8 13 21 25 11 21 8
43 25 46 21 27 35 14 56 26 45 5 33 57 16 38 14 43 34 14 33 25 30 52 37 36 18 37 40 22 42 47 42 49 29 41 45 32 39 11 48 18 43 23 14 34 53 42 55 20 28 30 4 47 54 19 36 58 38 34 43 36 27 13 36 39 27 31 39 48 49 40 36 36 46 46 22 44 39 40 47 46 44 38 13 13 18 18 47 33 0 44 27 13 44 34 23 24 47 44 39 25
34 28 17 32 34 10 37 23 33 23 42 21 21 28 27 42 22 10 30 11 36 19 13 16 28 26 22 22 22 35 13 8 14 15 11 23 30 7 33 14 26 23 21 30 23 26 24 24 29 16 24 43 21 18 25 46 23 20 15 25 8 18 32 13 12 20 26 46 7 7 35 28 40 17 15 22 28 22 6 28 2 12 24 33 31 26 34 25 14 44 0 17 34 9 10 21 22 13 15 13 20
35 14 26 20 26 8 21 35 24 29 25 13 35 11 29 26 27 7 13 11 27 15 29 12 27 9 24 18 6 35 25 15 27 2 14 22 25 12 17 21 10 28 4 14 22 35 29 35 15 8 19 27 23 32 9 39 36 22 16 30 13 9 16 15 18 12 21 41 21 22 33 27 35 20 19 6 33 25 13 34 19 17 26 17 15 9 20 32 14 27 17 0 18 17 9 5 7 20 23 12 8
46 12 42 25 32 25 4 52 30 43 9 21 53 8 40 22 40 24 8 27 31 27 46 25 38 10 35 28 15 46 42 31 44 19 29 33 35 29 11 36 15 40 14 12 33 50 40 51 21 22 30 15 35 49 9 43 53 34 30 41 30 22 13 30 33 23 32 45 37 38 44 38 42 34 34 12 44 36 30 45 36 32 37 15 13 10 22 44 28 13 34 18 0 32 27 15 12 35 38 27 20
42 22 26 34 38 9 34 32 37 31 41 14 30 28 35 43 30 10 30 15 40 24 21 8 35 26 29 13 23 42 22 2 23 15 3 14 35 5 34 6 27 31 21 31 29 35 32 33 31 18 29 44 12 27 25 51 32 27 21 33 14 20 33 19 19 23 31 51 5 6 41 34 45 8 6 22 35 29 4 36 10 3 31 34 32 26 36 34 20 44 9 17 32 0 12 22 20 5 24 5 22
29 21 18 22 26 5 30 26 25 22 33 19 26 19 22 32 20 5 21 3 28 12 20 15 22 17 17 21 12 30 16 10 18 8 12 24 23 7 23 18 16 21 13 20 17 27 22 27 19 6 17 33 23 23 18 39 27 15 9 23 4 8 22 8 10 11 19 39 15 16 29 22 33 19 17 15 26 18 8 27 12 14 19 23 21 18 24 25 8 34 10 9 27 12 0 12 15 17 15 13 10
33 16 26 15 21 13 19 36 19 27 21 17 37 7 27 21 25 12 9 12 22 13 31 17 25 5 22 23 1 33 27 20 29 7 19 27 22 17 12 26 5 26 4 9 20 35 27 35 10 7 17 22 28 34 7 34 38 20 15 28 15 7 11 15 18 10 19 36 26 27 31 25 31 25 24 6 31 23 18 32 23 22 24 12 10 6 15 30 13 23 21 5 15 22 12 0 9 25 23 17 6
42 7 33 23 29 13 15 42 27 36 21 10 42 8 36 26 34 12 10 18 30 22 35 13 34 8 31 17 10 42 32 19 34 7 17 22 31 17 14 24 12 35 5 13 29 42 36 42 18 15 26 24 23 39 5 42 43 29 23 37 19 16 15 22 25 19 28 44 25 26 40 34 39 22 22 3 40 32 18 41 24 20 33 16 14 7 22 39 21 24 22 7 12 20 15 9 0 23 30 15 15
46 24 30 39 43 13 36 36 42 36 44 15 34 31 39 46 34 14 33 20 45 29 25 10 39 29 34 11 26 47 26 7 27 18 6 10 40 10 37 1 30 35 24 34 34 39 36 37 35 23 34 47 8 31 28 56 36 32 26 37 19 25 36 24 24 28 36 56 7 8 46 39 50 4 2 25 40 34 9 41 14 3 36 37 35 29 40 38 25 47 13 20 35 5 17 25 23 0 28 8 26
21 36 3 27 27 20 42 12 27 8 44 34 13 30 16 37 7 20 32 12 30 14 12 30 17 28 11 36 23 23 6 22 8 23 25 37 21 20 33 29 26 8 26 31 14 12 9 12 25 16 17 42 35 11 30 36 15 9 10 10 11 17 32 8 5 17 18 35 22 22 23 17 29 31 29 28 13 9 20 13 15 26 13 31 31 29 29 10 11 44 15 23 38 24 15 23 30 28 0 27 19
42 17 30 32 37 8 29 36 36 34 36 8 34 23 35 38 32 8 25 16 39 24 25 3 35 21 30 9 18 43 26 5 27 10 2 11 35 7 29 9 22 33 16 26 30 39 34 37 27 17 29 39 11 31 20 50 36 28 22 35 16 19 28 21 22 22 31 51 10 11 42 35 45 8 7 17 38 31 7 39 14 5 32 29 27 21 32 37 21 39 13 12 27 5 13 17 15 8 27 0 20
27 22 22 13 18 13 24 31 17 21 25 21 32 12 21 22 19 12 14 9 20 7 28 20 19 10 16 26 5 27 22 20 24 10 20 30 17 17 14 27 7 20 10 12 14 30 21 31 9 4 11 24 31 29 13 31 33 14 10 22 12 2 13 11 14 4 13 33 25 26 25 19 27 27 26 12 25 17 18 26 22 23 18 13 12 11 14 24 8 25 20 8 20 22 10 6 15 26 19 20 0
0         850      
142       167      
274       361      
210       261      
552       603      
52        143      
463       504      
267       332      
199       274      
740       834      
474       536      
109       193      
290       372      
441       503      
12        78       
529       551      
255       270      
64        115      
172       180      
579       674      
201       223      
30        100      
260       354      
355       452      
5         75       
127       205      
218       267      
114       176      
401       471      
0         50       
295       377      
98        150      
286       350      
629       649      
54        123      
347       423      
204       278      
48        140      
132       191      
370       385      
167       248      
244       304      
433       466      
165       228      
40        64       
272       332      
253       273      
289       306      
176       228      
415       494      
21        82       
487       589      
98        166      
292       353      
108       169      
543       604      
256       331      
245       270      
27        106      
222       290      
44        92       
451       474      
174       207      
53        77       
74        83       
446       497      
615       695      
0         69       
311       424      
337       367      
0         51       
234       260      
0         28       
87        138      
110       122      
156       182      
540       613      
576       665      
367       407      
257       288      
315       408      
87        119      
0         98       
130       196      
195       213      
115       204      
164       240      
216       314      
434       467      
724       735      
660       744      
387       491      
491       520      
326       387      
58        140      
472       508      
427       465      
103       134      
611       665      
84        122      
704       721      
