101
0 19 3 9 42 23 25 27 25 23 29 40 26 35 23 36 21 2 42 27 9 16 18 42 16 27 30 22 27 12 11 17 3 29 7 7 7 33 39 9 10 35 38 31 35 33 28 30 32 18 17 7 3 9 24 41 20 36 35 37 43 10 25 28 43 16 39 35 10 30 18 44 25 22 33 32 50 14 41 10 0 17 17 14 16 44 34 45 23 14 38 42 36 36 15 24 11 18 24 18 11
19 0 16 15 27 6 7 10 6 11 17 24 21 17 4 30 7 19 35 28 27 22 31 24 32 16 13 19 8 13 17 11 16 20 26 26 24 15 21 28 29 20 19 28 17 18 17 31 14 11 14 25 17 25 24 24 1 18 32 19 25 9 16 12 24 9 27 31 23 31 11 27 6 5 14 20 32 6 24 21 19 13 7 23 28 26 25 26 11 19 20 27 29 33 23 9 25 35 13 21 18
3 16 0 6 41 21 23 24 22 20 26 38 23 33 20 36 19 3 42 27 12 15 21 40 19 24 28 22 24 9 11 16 0 28 10 10 10 31 37 12 13 34 35 31 33 30 25 30 30 15 16 10 3 12 24 39 17 34 35 35 41 7 22 26 40 13 38 35 12 30 17 42 22 20 30 29 48 11 39 9 3 14 15 15 18 42 33 42 20 14 36 41 36 36 16 21 14 21 23 16 11
9 15 6 0 42 21 22 21 21 14 20 39 17 32 18 40 20 7 45 32 18 9 27 39 25 18 28 25 22 3 17 18 6 31 14 15 16 30 36 16 18 35 33 35 32 24 19 35 29 9 19 16 9 18 29 39 16 32 39 34 40 6 16 27 38 8 40 39 18 35 19 42 20 20 29 23 46 9 39 6 9 8 16 21 24 41 36 40 14 20 34 42 39 40 22 17 20 27 24 10 17
42 27 41 42 0 21 20 27 21 36 38 5 46 12 25 19 22 44 20 30 46 49 43 10 49 37 14 24 25 40 32 25 41 17 48 49 43 15 15 49 48 7 20 24 12 35 39 30 16 37 26 45 39 41 26 7 26 16 24 14 11 36 40 15 20 36 11 22 39 31 24 9 26 22 15 40 22 33 5 48 42 40 26 36 40 14 16 22 35 31 15 0 19 25 35 32 41 52 19 48 33
23 6 21 21 21 0 4 13 4 17 23 18 27 12 7 24 3 24 29 25 29 28 30 19 33 21 7 15 11 19 16 8 21 15 29 30 26 12 18 31 31 14 18 23 13 21 23 27 11 17 11 28 20 25 20 18 5 15 27 16 20 15 21 6 22 15 21 26 23 28 8 21 9 1 11 25 29 12 18 27 23 19 6 21 26 22 19 24 17 16 17 21 24 28 20 14 25 36 8 27 17
25 7 23 22 20 4 0 9 1 15 20 17 25 10 5 27 7 26 32 29 32 29 34 17 37 19 6 19 7 20 20 12 23 18 32 32 29 8 14 34 34 14 14 27 10 17 21 31 7 17 15 31 23 29 24 17 6 11 30 12 18 16 20 7 18 16 23 29 27 32 12 20 6 3 8 22 25 13 17 28 25 20 9 25 30 19 22 20 15 20 13 20 27 31 24 12 29 40 12 28 21
27 10 24 21 27 13 9 0 9 9 11 23 19 15 6 36 16 27 41 38 36 24 41 22 42 10 14 28 2 18 27 21 24 27 34 34 33 12 17 36 37 22 13 36 15 8 12 40 11 13 24 34 26 34 33 22 10 14 39 16 23 17 13 16 18 13 31 38 33 41 21 25 4 12 12 13 26 13 22 26 27 16 17 33 38 23 31 19 9 29 16 27 36 40 33 5 35 44 21 23 28
25 6 22 21 21 4 1 9 0 15 19 18 25 11 5 27 7 25 32 29 31 28 34 18 36 18 7 19 7 19 20 12 22 18 31 32 29 9 15 33 34 15 15 27 11 17 20 31 8 16 15 30 22 28 24 18 5 12 30 13 19 15 20 7 19 15 23 29 26 32 12 21 5 3 8 22 26 12 18 27 25 19 9 25 30 20 22 21 15 20 14 21 27 31 24 11 28 39 12 27 21
23 11 20 14 36 17 15 9 15 0 7 31 10 24 10 41 18 21 46 39 32 16 40 31 38 5 21 29 11 11 26 21 20 31 28 29 29 21 26 30 32 29 22 39 24 10 6 41 20 5 24 30 22 31 34 31 12 23 43 25 32 13 5 22 26 7 38 42 31 42 21 34 10 16 21 10 34 10 31 17 23 7 17 32 37 32 36 28 0 28 25 35 40 44 32 4 33 40 24 14 27
29 17 26 20 38 23 20 11 19 7 0 34 9 26 15 46 24 27 51 45 38 18 47 33 45 2 25 36 13 17 33 28 26 37 34 35 36 23 27 36 38 33 23 45 26 6 2 48 22 11 31 36 29 38 41 33 17 25 49 27 33 20 5 26 27 14 42 48 38 48 28 35 14 21 23 3 35 17 33 23 29 13 24 39 44 33 41 28 7 35 26 38 46 50 39 8 40 47 30 16 34
40 24 38 39 5 18 17 23 18 31 34 0 41 7 22 23 19 41 24 31 45 46 43 6 48 33 11 24 20 37 32 24 38 18 46 47 43 11 11 48 48 7 15 26 8 31 35 32 12 34 25 44 37 41 27 3 23 12 28 10 7 33 35 12 16 33 15 26 38 33 23 5 21 19 10 36 18 30 1 45 40 37 23 36 40 10 18 18 31 30 11 5 23 29 34 27 40 51 18 45 33
26 21 23 17 46 27 25 19 25 10 9 41 0 34 20 51 28 24 56 47 35 10 44 41 42 9 31 38 21 14 31 29 23 41 31 31 33 31 36 33 35 39 32 48 34 15 7 50 30 10 32 33 26 35 42 41 22 33 52 35 42 17 6 32 36 13 48 51 35 50 30 44 20 26 31 10 44 17 41 16 26 9 26 36 41 42 46 37 10 34 35 45 50 53 36 14 37 44 34 8 31
35 17 33 32 12 12 10 15 11 24 26 7 34 0 15 26 14 36 28 32 41 39 41 7 45 25 5 22 13 30 28 19 33 19 41 42 38 4 7 43 43 9 10 28 1 23 27 33 4 27 22 40 32 36 27 7 16 6 31 5 8 26 28 8 13 26 18 29 34 34 19 10 14 13 3 28 18 23 7 38 35 30 18 32 37 10 21 15 24 27 7 12 26 32 31 20 36 47 15 38 28
23 4 20 18 25 7 5 6 5 10 15 22 20 15 0 31 10 23 36 32 31 24 35 22 36 14 11 22 4 15 21 15 20 22 30 30 28 12 17 32 33 19 15 30 15 14 16 34 11 12 18 29 21 29 27 22 4 14 34 16 23 13 15 12 20 11 28 33 27 35 15 25 2 6 12 18 28 9 22 23 23 15 11 27 32 23 26 22 10 23 16 25 31 35 27 7 29 39 15 23 22
36 30 36 40 19 24 27 36 27 41 46 23 51 26 31 0 22 38 6 13 38 49 29 29 37 45 23 14 34 39 25 22 36 9 41 42 36 29 33 42 41 17 36 6 27 44 47 11 29 40 20 38 33 33 13 26 29 32 5 31 30 34 45 20 39 38 8 3 30 12 21 28 32 25 28 49 41 34 24 45 36 42 24 26 27 33 5 41 41 22 33 19 0 6 24 38 31 40 16 49 26
21 7 19 20 22 3 7 16 7 18 24 19 28 14 10 22 0 22 28 22 26 27 27 21 30 23 9 12 14 18 13 5 19 13 27 28 24 15 21 29 29 15 21 21 15 24 24 24 14 18 8 26 18 22 17 20 7 18 25 19 22 14 23 7 25 16 21 24 20 25 5 23 12 4 14 27 32 12 20 26 21 20 4 18 23 24 18 27 18 13 20 22 22 26 17 16 22 33 6 28 14
2 19 3 7 44 24 26 27 25 21 27 41 24 36 23 38 22 0 44 29 11 14 20 43 18 25 31 24 27 10 13 19 3 31 7 8 9 34 40 9 11 37 38 33 36 31 26 32 33 16 19 9 5 11 26 42 20 37 37 38 44 10 23 29 43 15 41 37 12 32 20 45 25 23 33 30 51 14 42 8 2 15 18 16 18 45 36 45 21 16 39 44 38 38 17 24 13 20 26 16 13
42 35 42 45 20 29 32 41 32 46 51 24 56 28 36 6 28 44 0 19 44 54 35 30 43 50 26 20 38 45 31 28 42 15 47 48 42 32 34 48 47 18 37 12 28 49 52 16 31 46 26 44 39 39 19 27 34 33 9 32 31 40 50 25 40 44 9 8 36 17 27 29 37 30 30 54 42 40 25 51 42 48 30 32 33 34 10 42 46 28 34 20 6 9 30 43 37 46 22 55 32
27 28 27 32 30 25 29 38 29 39 45 31 47 32 32 13 22 29 19 0 25 41 16 37 24 44 27 10 36 33 15 18 27 13 28 29 23 34 39 29 28 24 41 7 33 46 45 3 34 37 15 25 23 20 5 33 28 37 10 37 37 28 43 24 44 34 19 11 17 3 17 36 34 26 33 48 48 30 32 36 26 36 21 13 14 40 14 46 38 12 39 30 13 11 12 37 18 27 17 42 16
9 27 12 18 46 29 32 36 31 32 38 45 35 41 31 38 26 11 44 25 0 25 12 47 7 36 35 24 35 21 13 21 12 31 5 5 2 40 46 4 3 39 46 32 41 42 37 28 39 27 19 2 9 5 25 46 27 43 35 44 48 18 34 33 50 24 41 36 8 28 22 49 33 28 39 41 57 22 45 19 9 26 22 12 12 50 36 52 31 16 45 45 38 36 14 32 7 9 26 27 12
16 22 15 9 49 28 29 24 28 16 18 46 10 39 24 49 27 14 54 41 25 0 34 46 32 17 35 34 26 9 26 27 15 39 21 21 23 36 41 23 25 42 37 44 39 24 16 44 35 12 28 23 18 25 38 46 23 38 48 40 47 14 14 34 42 13 48 48 26 44 27 49 25 27 36 20 50 16 46 6 16 9 24 30 32 47 44 43 16 29 40 49 48 49 31 19 27 34 32 2 26
18 31 21 27 43 30 34 41 34 40 47 43 44 41 35 29 27 20 35 16 12 34 0 48 8 45 35 19 39 30 14 21 21 26 17 17 12 41 47 16 15 36 48 23 41 49 46 19 41 36 18 14 18 9 17 45 31 44 26 45 49 27 43 32 51 33 34 27 9 18 21 48 37 30 40 50 58 30 44 28 18 35 25 8 3 51 29 53 40 13 46 43 29 27 8 40 7 11 24 36 13
42 24 40 39 10 19 17 22 18 31 33 6 41 7 22 29 21 43 30 37 47 46 48 0 51 32 12 29 20 37 34 26 40 23 48 49 45 10 6 50 50 12 11 31 7 28 34 37 11 34 29 47 39 43 32 3 23 8 34 6 1 33 35 15 11 33 21 32 41 38 26 3 21 20 10 34 12 30 5 45 42 37 25 39 44 4 24 12 31 34 7 10 29 35 38 27 43 54 22 45 35
16 32 19 25 49 33 37 42 36 38 45 48 42 45 36 37 30 18 43 24 7 32 8 51 0 43 39 25 40 28 16 24 19 32 11 12 9 44 50 10 8 41 51 31 45 48 44 27 44 34 22 9 16 8 24 49 33 47 34 48 52 25 41 36 54 31 41 35 9 26 25 52 38 33 44 48 61 29 48 26 16 33 27 12 10 54 36 56 38 17 49 48 37 35 14 39 7 3 29 34 14
27 16 24 18 37 21 19 10 18 5 2 33 9 25 14 45 23 25 50 44 36 17 45 32 43 0 24 34 12 15 31 26 24 36 32 33 34 22 27 34 36 32 23 44 25 7 2 46 21 9 29 34 27 36 39 32 16 24 48 26 33 18 3 25 27 12 41 47 36 47 26 35 13 20 22 5 35 15 32 21 27 11 22 37 42 33 40 28 5 33 26 37 45 49 37 7 38 45 29 15 32
30 13 28 28 14 7 6 14 7 21 25 11 31 5 11 23 9 31 26 27 35 35 35 12 39 24 0 17 12 26 22 14 28 15 36 37 33 7 12 38 38 8 14 24 6 22 26 29 7 23 17 35 27 31 22 11 12 10 27 10 13 22 26 3 17 22 17 25 29 30 14 14 12 8 6 27 23 19 11 34 30 26 13 27 32 15 18 19 21 22 12 14 23 28 26 18 31 42 10 34 23
22 19 22 25 24 15 19 28 19 29 36 24 38 22 22 14 12 24 20 10 24 34 19 29 25 34 17 0 26 25 11 8 22 7 27 28 22 24 29 28 27 17 31 10 23 36 35 12 24 28 6 24 19 19 5 26 18 27 14 27 30 20 34 14 34 25 17 14 16 13 8 29 24 16 23 39 40 20 25 31 22 28 12 13 16 32 12 36 29 8 29 24 14 15 11 27 18 28 7 35 12
27 8 24 22 25 11 7 2 7 11 13 20 21 13 4 34 14 27 38 36 35 26 39 20 40 12 12 26 0 19 25 19 24 25 34 34 32 10 15 36 37 20 12 34 13 10 14 38 9 14 22 33 25 33 31 20 8 12 37 14 21 17 15 14 17 14 29 36 31 39 19 23 2 10 10 15 25 13 20 27 27 17 15 31 36 21 29 18 11 27 14 25 34 38 31 7 33 43 19 25 26
12 13 9 3 40 19 20 18 19 11 17 37 14 30 15 39 18 10 45 33 21 9 30 37 28 15 26 25 19 0 18 18 9 30 17 18 19 27 32 19 21 33 30 35 30 21 16 36 26 6 19 19 12 21 29 37 14 29 39 31 38 5 13 25 35 5 39 39 21 36 18 40 17 18 27 20 43 7 37 8 12 5 15 23 27 38 35 37 11 21 31 40 39 40 23 14 23 30 23 10 18
11 17 11 17 32 16 20 27 20 26 33 32 31 28 21 25 13 13 31 15 13 26 14 34 16 31 22 11 25 18 0 8 11 18 16 17 11 28 34 17 16 25 34 20 28 35 32 18 27 22 6 13 8 9 12 33 17 31 23 32 35 13 29 20 38 19 28 23 6 18 9 36 23 17 27 36 45 16 32 20 11 21 11 6 11 37 23 40 26 3 33 32 25 24 6 26 8 19 13 27 1
17 11 16 18 25 8 12 21 12 21 28 24 29 19 15 22 5 19 28 18 21 27 21 26 24 26 14 8 19 18 8 0 16 13 23 24 19 20 26 24 24 18 26 18 20 29 27 20 19 19 3 21 14 17 13 25 11 23 22 24 27 13 25 12 30 16 22 22 14 21 1 28 17 9 19 31 37 12 25 24 17 20 4 13 18 29 18 32 21 8 25 25 22 23 12 20 16 27 7 28 9
3 16 0 6 41 21 23 24 22 20 26 38 23 33 20 36 19 3 42 27 12 15 21 40 19 24 28 22 24 9 11 16 0 28 10 10 10 31 37 12 13 34 35 31 33 30 25 29 30 15 16 10 3 12 23 39 17 34 34 35 41 7 22 26 40 13 38 34 12 29 17 42 22 20 30 29 48 11 39 9 3 14 15 15 18 42 33 42 20 14 36 41 36 35 16 21 14 21 23 16 11
29 20 28 31 17 15 18 27 18 31 37 18 41 19 22 9 13 31 15 13 31 39 26 23 32 36 15 7 25 30 18 13 28 0 34 35 29 22 26 35 34 11 29 9 20 35 37 14 22 31 12 31 26 26 9 20 20 25 12 24 24 25 36 12 32 28 10 11 23 15 12 23 23 16 21 40 35 24 19 37 29 32 15 20 23 27 5 34 31 15 26 17 9 13 18 29 25 35 7 40 19
7 26 10 14 48 29 32 34 31 28 34 46 31 41 30 41 27 7 47 28 5 21 17 48 11 32 36 27 34 17 16 23 10 34 0 1 5 40 46 2 4 41 45 35 42 38 33 31 39 23 22 3 9 8 28 47 27 43 38 44 49 17 30 34 50 22 44 39 11 31 24 50 32 29 39 37 57 21 47 15 7 22 23 15 16 51 39 52 28 19 45 48 41 39 17 31 10 13 29 23 15
7 26 10 15 49 30 32 34 32 29 35 47 31 42 30 42 28 8 48 29 5 21 17 49 12 33 37 28 34 18 17 24 10 35 1 0 6 40 46 2 4 42 45 36 42 39 34 32 39 24 23 4 10 9 29 48 27 43 39 44 50 17 31 35 50 23 45 40 12 32 25 51 32 29 40 38 57 21 48 15 7 23 24 16 17 51 40 52 29 20 45 49 42 40 18 31 11 13 30 23 16
7 24 10 16 43 26 29 33 29 29 36 43 33 38 28 36 24 9 42 23 2 23 12 45 9 34 33 22 32 19 11 19 10 29 5 6 0 37 43 6 5 36 43 30 39 39 35 26 36 25 17 2 7 3 23 44 25 40 33 41 46 16 32 31 47 22 39 34 6 26 20 47 30 26 37 39 54 20 43 17 7 24 20 10 11 48 34 49 29 14 42 43 36 34 12 30 5 11 24 25 10
33 15 31 30 15 12 8 12 9 21 23 11 31 4 12 29 15 34 32 34 40 36 41 10 44 22 7 24 10 27 28 20 31 22 40 40 37 0 6 42 42 13 7 31 3 20 24 36 1 24 23 39 31 37 29 10 14 3 34 4 11 24 25 10 10 23 22 32 34 37 20 13 11 11 1 25 17 21 10 35 33 27 17 33 38 11 24 12 21 28 5 15 29 35 32 17 36 47 17 35 29
39 21 37 36 15 18 14 17 15 26 27 11 36 7 17 33 21 40 34 39 46 41 47 6 50 27 12 29 15 32 34 26 37 26 46 46 43 6 0 48 48 16 5 35 6 22 29 40 7 29 29 45 37 43 34 8 20 3 38 2 6 30 30 15 6 28 25 36 40 41 26 8 16 17 7 28 11 26 10 40 39 32 23 39 44 6 28 8 26 34 1 15 33 39 38 22 42 53 22 40 35
9 28 12 16 49 31 34 36 33 30 36 48 33 43 32 42 29 9 48 29 4 23 16 50 10 34 38 28 36 19 17 24 12 35 2 2 6 42 48 0 2 42 47 36 44 40 35 32 41 25 23 4 11 9 29 49 29 45 39 46 51 19 32 36 52 24 45 40 12 32 25 52 34 31 41 39 59 23 49 17 9 24 25 16 16 53 40 54 30 20 47 49 42 40 18 33 11 11 30 25 16
10 29 13 18 48 31 34 37 34 32 38 48 35 43 33 41 29 11 47 28 3 25 15 50 8 36 38 27 37 21 16 24 13 34 4 4 5 42 48 2 0 41 48 35 44 42 37 31 41 27 22 3 11 8 28 49 29 45 38 46 51 20 34 36 52 26 44 39 11 31 24 52 35 31 42 41 59 24 48 19 10 26 25 15 15 53 39 54 32 19 47 48 41 39 17 34 10 9 29 27 15
35 20 34 35 7 14 14 22 15 29 33 7 39 9 19 17 15 37 18 24 39 42 36 12 41 32 8 17 20 33 25 18 34 11 41 42 36 13 16 42 41 0 19 19 10 30 34 25 13 31 19 38 32 34 20 9 19 15 22 14 13 29 34 8 22 29 9 20 31 26 17 12 20 15 12 35 24 26 8 41 35 33 19 29 33 16 12 24 29 24 16 7 17 23 28 26 33 44 12 41 26
38 19 35 33 20 18 14 13 15 22 23 15 32 10 15 36 21 38 37 41 46 37 48 11 51 23 14 31 12 30 34 26 35 29 45 45 43 7 5 47 48 19 0 38 9 17 25 43 7 26 29 44 36 43 36 12 19 4 41 5 11 28 26 17 5 25 28 39 40 44 26 13 13 17 8 23 13 24 14 38 38 29 23 39 44 10 31 7 22 34 4 19 36 42 38 18 42 53 24 36 35
31 28 31 35 24 23 27 36 27 39 45 26 48 28 30 6 21 33 12 7 32 44 23 31 31 44 24 10 34 35 20 18 31 9 35 36 30 31 35 36 35 19 38 0 29 44 45 6 31 37 16 32 28 27 7 28 28 34 4 33 32 30 43 21 41 34 13 4 24 7 18 31 32 24 30 48 43 30 27 40 31 38 22 20 21 35 8 43 39 16 35 24 6 5 18 37 25 34 15 45 20
35 17 33 32 12 13 10 15 11 24 26 8 34 1 15 27 15 36 28 33 41 39 41 7 45 25 6 23 13 30 28 20 33 20 42 42 39 3 6 44 44 10 9 29 0 23 27 34 4 27 23 41 33 37 28 7 16 5 32 4 8 26 28 9 12 26 19 30 34 35 20 10 14 13 3 28 17 23 7 38 35 30 19 33 38 10 22 14 24 28 6 12 27 33 32 20 36 47 16 38 29
33 18 30 24 35 21 17 8 17 10 6 31 15 23 14 44 24 31 49 46 42 24 49 28 48 7 22 36 10 21 35 29 30 35 38 39 39 20 22 40 42 30 17 44 23 0 8 48 19 15 32 40 32 40 41 29 18 20 47 22 28 23 10 24 21 17 39 46 40 49 29 30 12 20 20 6 29 19 30 27 33 17 25 41 46 27 39 22 10 37 21 35 44 48 41 9 42 50 29 22 36
28 17 25 19 39 23 21 12 20 6 2 35 7 27 16 47 24 26 52 45 37 16 46 34 44 2 26 35 14 16 32 27 25 37 33 34 35 24 29 35 37 34 25 45 27 8 0 47 23 10 30 35 28 37 40 34 18 26 49 28 35 19 3 27 29 13 43 48 37 48 27 37 15 22 24 4 37 16 34 21 28 11 23 38 43 35 42 30 6 34 28 39 46 50 38 9 39 46 30 14 33
30 31 30 35 30 27 31 40 31 41 48 32 50 33 34 11 24 32 16 3 28 44 19 37 27 46 29 12 38 36 18 20 29 14 31 32 26 36 40 32 31 25 43 6 34 48 47 0 36 39 17 28 26 23 7 34 30 39 7 38 38 31 45 26 46 36 19 8 20 1 20 37 36 28 35 51 49 32 33 38 29 39 24 16 17 41 14 48 41 15 40 30 11 8 15 39 21 30 19 45 19
32 14 30 29 16 11 7 11 8 20 22 12 30 4 11 29 14 33 31 34 39 35 41 11 44 21 7 24 9 26 27 19 30 22 39 39 36 1 7 41 41 13 7 31 4 19 23 36 0 23 22 38 30 36 29 11 13 4 34 5 12 23 24 10 11 22 22 32 33 37 19 14 10 10 1 24 18 20 11 34 32 26 16 32 37 12 24 13 20 27 6 16 29 35 31 16 35 46 17 34 28
18 11 15 9 37 17 17 13 16 5 11 34 10 27 12 40 18 16 46 37 27 12 36 34 34 9 23 28 14 6 22 19 15 31 23 24 25 24 29 25 27 31 26 37 27 15 10 39 23 0 22 25 18 27 32 34 12 26 41 28 35 9 7 23 31 3 38 41 27 40 20 37 13 16 24 14 39 7 34 13 18 3 16 28 33 35 36 32 5 25 28 37 40 42 28 8 29 36 24 11 23
17 14 16 19 26 11 15 24 15 24 31 25 32 22 18 20 8 19 26 15 19 28 18 29 22 29 17 6 22 19 6 3 16 12 22 23 17 23 29 23 22 19 29 16 23 32 30 17 22 22 0 19 14 15 10 27 14 26 20 27 30 14 28 14 33 19 22 20 12 18 3 30 20 12 22 34 40 15 26 25 17 22 7 10 15 32 17 35 24 5 28 26 20 21 9 23 14 25 7 29 7
7 25 10 16 45 28 31 34 30 30 36 44 33 40 29 38 26 9 44 25 2 23 14 47 9 34 35 24 33 19 13 21 10 31 3 4 2 39 45 4 3 38 44 32 41 40 35 28 38 25 19 0 8 5 25 46 26 42 35 43 48 17 32 32 49 23 41 36 8 28 21 49 31 28 38 39 56 21 45 17 7 24 22 12 13 50 36 51 30 16 44 45 38 36 14 31 7 11 26 25 12
3 17 3 9 39 20 23 26 22 22 29 37 26 32 21 33 18 5 39 23 9 18 18 39 16 27 27 19 25 12 8 14 3 26 9 10 7 31 37 11 11 32 36 28 33 32 28 26 30 18 14 8 0 9 20 38 18 34 31 35 40 9 25 25 41 15 36 31 9 26 15 41 23 20 30 32 48 13 38 12 3 17 14 12 15 42 31 43 22 11 36 39 33 32 13 23 11 18 21 19 8
9 25 12 18 41 25 29 34 28 31 38 41 35 36 29 33 22 11 39 20 5 25 9 43 8 36 31 19 33 21 9 17 12 26 8 9 3 37 43 9 8 34 43 27 37 40 37 23 36 27 15 5 9 0 20 42 25 40 30 41 44 18 34 29 47 24 36 31 3 23 18 45 31 25 36 41 54 21 41 19 9 26 19 7 7 46 31 49 31 11 42 41 33 31 9 31 2 11 22 27 8
24 24 24 29 26 20 24 33 24 34 41 27 42 27 27 13 17 26 19 5 25 38 17 32 24 39 22 5 31 29 12 13 23 9 28 29 23 29 34 29 28 20 36 7 28 41 40 7 29 32 10 25 20 20 0 29 23 32 11 32 33 24 38 19 39 29 17 11 17 8 13 32 29 21 28 44 44 25 28 32 23 32 17 13 14 36 12 41 34 9 34 26 13 12 11 32 18 27 12 39 13
41 24 39 39 7 18 17 22 18 31 33 3 41 7 22 26 20 42 27 33 46 46 45 3 49 32 11 26 20 37 33 25 39 20 47 48 44 10 8 49 49 9 12 28 7 29 34 34 11 34 27 46 38 42 29 0 23 9 31 7 4 33 35 13 13 33 18 29 39 35 24 3 21 19 10 35 15 30 2 45 41 37 24 37 42 7 21 15 31 32 9 7 26 32 36 27 41 52 20 45 34
20 1 17 16 26 5 6 10 5 12 17 23 22 16 4 29 7 20 34 28 27 23 31 23 33 16 12 18 8 14 17 11 17 20 27 27 25 14 20 29 29 19 19 28 16 18 18 30 13 12 14 26 18 25 23 23 0 17 32 18 24 10 16 11 24 10 26 31 23 31 11 26 6 4 13 20 31 7 23 22 20 14 7 23 28 25 24 26 12 19 19 26 29 33 23 9 25 36 13 22 18
36 18 34 32 16 15 11 14 12 23 25 12 33 6 14 32 18 37 33 37 43 38 44 8 47 24 10 27 12 29 31 23 34 25 43 43 40 3 3 45 45 15 4 34 5 20 26 39 4 26 26 42 34 40 32 9 17 0 37 2 9 27 27 13 7 25 24 35 37 40 23 11 13 14 4 26 14 23 11 37 36 29 20 36 41 9 27 9 23 31 2 16 32 38 35 19 39 50 20 37 32
35 32 35 39 24 27 30 39 30 43 49 28 52 31 34 5 25 37 9 10 35 48 26 34 34 48 27 14 37 39 23 22 34 12 38 39 33 34 38 39 38 22 41 4 32 47 49 7 34 41 20 35 31 30 11 31 32 37 0 36 35 34 47 24 44 38 13 2 27 8 22 33 35 28 33 52 46 34 29 43 34 42 26 23 24 38 10 46 43 20 38 24 5 1 21 41 28 37 19 49 24
37 19 35 34 14 16 12 16 13 25 27 10 35 5 16 31 19 38 32 37 44 40 45 6 48 26 10 27 14 31 32 24 35 24 44 44 41 4 2 46 46 14 5 33 4 22 28 38 5 28 27 43 35 41 32 7 18 2 36 0 7 28 29 13 8 27 23 34 38 39 24 9 15 15 5 28 13 25 9 39 37 31 21 37 42 7 26 10 25 32 2 14 31 37 36 21 40 51 20 39 33
43 25 41 40 11 20 18 23 19 32 33 7 42 8 23 30 22 44 31 37 48 47 49 1 52 33 13 30 21 38 35 27 41 24 49 50 46 11 6 51 51 13 11 32 8 28 35 38 12 35 30 48 40 44 33 4 24 9 35 7 0 34 36 16 10 34 22 33 41 39 27 2 22 21 11 34 11 31 6 46 43 38 26 40 45 3 25 12 32 35 7 11 30 36 39 28 43 54 23 46 36
10 9 7 6 36 15 16 17 15 13 20 33 17 26 13 34 14 10 40 28 18 14 27 33 25 18 22 20 17 5 13 13 7 25 17 17 16 24 30 19 20 29 28 30 26 23 19 31 23 9 14 17 9 18 24 33 10 27 34 28 34 0 16 21 33 6 34 34 18 31 13 36 15 14 23 23 41 4 33 12 10 8 10 19 24 35 30 35 13 16 29 36 34 35 19 14 20 27 18 15 14
25 16 22 16 40 21 20 13 20 5 5 35 6 28 15 45 23 23 50 43 34 14 43 35 41 3 26 34 15 13 29 25 22 36 30 31 32 25 30 32 34 34 26 43 28 10 3 45 24 7 28 32 25 34 38 35 16 27 47 29 36 16 0 27 30 10 42 47 34 46 26 38 14 20 25 7 38 13 35 18 25 8 22 35 40 36 40 31 5 31 29 40 45 48 35 8 36 43 29 12 30
28 12 26 27 15 6 7 16 7 22 26 12 32 8 12 20 7 29 25 24 33 34 32 15 36 25 3 14 14 25 20 12 26 12 34 35 31 10 15 36 36 8 17 21 9 24 27 26 10 23 14 32 25 29 19 13 11 13 24 13 16 21 27 0 20 21 16 23 26 27 11 16 12 7 9 29 26 18 13 33 28 25 11 24 29 18 15 22 22 19 15 15 20 25 23 18 28 39 7 33 21
43 24 40 38 20 22 18 18 19 26 27 16 36 13 20 39 25 43 40 44 50 42 51 11 54 27 17 34 17 35 38 30 40 32 50 50 47 10 6 52 52 22 5 41 12 21 29 46 11 31 33 49 41 47 39 13 24 7 44 8 10 33 30 20 0 30 31 42 44 47 30 12 18 21 11 27 8 29 15 43 43 33 27 43 48 8 34 2 26 38 6 20 39 45 42 23 46 57 27 40 39
16 9 13 8 36 15 16 13 15 7 14 33 13 26 11 38 16 15 44 34 24 13 33 33 31 12 22 25 14 5 19 16 13 28 22 23 22 23 28 24 26 29 25 34 26 17 13 36 22 3 19 23 15 24 29 33 10 25 38 27 34 6 10 21 30 0 36 38 24 37 17 36 12 14 23 17 38 4 33 13 16 4 13 25 30 34 33 32 7 22 27 36 37 39 25 9 26 33 21 12 20
39 27 38 40 11 21 23 31 23 38 42 15 48 18 28 8 21 41 9 19 41 48 34 21 41 41 17 17 29 39 28 22 38 10 44 45 39 22 25 45 44 9 28 13 19 39 43 19 22 38 22 41 36 36 17 18 26 24 13 23 22 34 42 16 31 36 0 11 33 20 21 20 28 22 21 44 33 33 16 46 39 40 23 29 31 25 5 33 38 25 25 11 8 14 27 34 34 44 15 48 29
35 31 35 39 22 26 29 38 29 42 48 26 51 29 33 3 24 37 8 11 36 48 27 32 35 47 25 14 36 39 23 22 34 11 39 40 34 32 36 40 39 20 39 4 30 46 48 8 32 41 20 36 31 31 11 29 31 35 2 34 33 34 47 23 42 38 11 0 28 9 21 31 34 27 31 51 44 34 27 43 34 42 25 24 25 36 8 44 42 20 36 22 3 3 22 40 29 38 18 49 24
10 23 12 18 39 23 27 33 26 31 38 38 35 34 27 30 20 12 36 17 8 26 9 41 9 36 29 16 31 21 6 14 12 23 11 12 6 34 40 12 11 31 40 24 34 40 37 20 33 27 12 8 9 3 17 39 23 37 27 38 41 18 34 26 44 24 33 28 0 20 15 42 29 23 33 41 51 21 38 20 10 26 17 4 6 43 28 46 31 8 39 38 30 28 6 31 2 12 19 28 5
30 31 30 35 31 28 32 41 32 42 48 33 50 34 35 12 25 32 17 3 28 44 18 38 26 47 30 13 39 36 18 21 29 15 31 32 26 37 41 32 31 26 44 7 35 49 48 1 37 40 18 28 26 23 8 35 31 40 8 39 39 31 46 27 47 37 20 9 20 0 20 38 37 29 36 51 50 33 34 38 29 39 24 16 16 42 15 49 41 15 41 31 12 9 15 40 21 29 20 45 19
18 11 17 19 24 8 12 21 12 21 28 23 30 19 15 21 5 20 27 17 22 27 21 26 25 26 14 8 19 18 9 1 17 12 24 25 20 20 26 25 24 17 26 18 20 29 27 20 19 20 3 21 15 18 13 24 11 23 22 24 27 13 26 11 30 17 21 21 15 20 0 27 17 9 19 31 37 13 24 25 18 21 4 13 18 29 17 32 21 8 25 24 21 23 12 20 17 27 6 28 10
44 27 42 42 9 21 20 25 21 34 35 5 44 10 25 28 23 45 29 36 49 49 48 3 52 35 14 29 23 40 36 28 42 23 50 51 47 13 8 52 52 12 13 31 10 30 37 37 14 37 30 49 41 45 32 3 26 11 33 9 2 36 38 16 12 36 20 31 42 38 27 0 24 22 13 36 13 33 5 48 44 40 27 40 45 5 23 14 34 35 9 9 28 34 39 30 44 54 23 48 37
25 6 22 20 26 9 6 4 5 10 14 21 20 14 2 32 12 25 37 34 33 25 37 21 38 13 12 24 2 17 23 17 22 23 32 32 30 11 16 34 35 20 13 32 14 12 15 36 10 13 20 31 23 31 29 21 6 13 35 15 22 15 14 12 18 12 28 34 29 37 17 24 0 8 11 17 26 11 21 25 25 16 13 29 34 22 27 20 10 25 15 26 32 36 29 6 31 41 17 24 24
22 5 20 20 22 1 3 12 3 16 21 19 26 13 6 25 4 23 30 26 28 27 30 20 33 20 8 16 10 18 17 9 20 16 29 29 26 11 17 31 31 15 17 24 13 20 22 28 10 16 12 28 20 25 21 19 4 14 28 15 21 14 20 7 21 14 22 27 23 29 9 22 8 0 11 24 28 11 19 26 22 18 6 22 27 22 20 23 16 17 16 22 25 29 21 13 25 35 9 26 18
33 14 30 29 15 11 8 12 8 21 23 10 31 3 12 28 14 33 30 33 39 36 40 10 44 22 6 23 10 27 27 19 30 21 39 40 37 1 7 41 42 12 8 30 3 20 24 35 1 24 22 38 30 36 28 10 13 4 33 5 11 23 25 9 11 23 21 31 33 36 19 13 11 11 0 25 18 20 10 35 33 27 17 32 37 12 23 13 21 27 6 15 28 34 31 17 35 45 16 35 28
32 20 29 23 40 25 22 13 22 10 3 36 10 28 18 49 27 30 54 48 41 20 50 34 48 5 27 39 15 20 36 31 29 40 37 38 39 25 28 39 41 35 23 48 28 6 4 51 24 14 34 39 32 41 44 35 20 26 52 28 34 23 7 29 27 17 44 51 41 51 31 36 17 24 25 0 35 20 35 25 32 15 27 42 47 33 44 28 10 38 27 40 49 53 42 11 43 50 33 18 37
50 32 48 46 22 29 25 26 26 34 35 18 44 18 28 41 32 51 42 48 57 50 58 12 61 35 23 40 25 43 45 37 48 35 57 57 54 17 11 59 59 24 13 43 17 29 37 49 18 39 40 56 48 54 44 15 31 14 46 13 11 41 38 26 8 38 33 44 51 50 37 13 26 28 18 35 0 37 17 51 50 41 34 50 55 8 36 7 34 45 12 22 41 47 49 31 53 63 33 48 46
14 6 11 9 33 12 13 13 12 10 17 30 17 23 9 34 12 14 40 30 22 16 30 30 29 15 19 20 13 7 16 12 11 24 21 21 20 21 26 23 24 26 24 30 23 19 16 32 20 7 15 21 13 21 25 30 7 23 34 25 31 4 13 18 29 4 33 34 21 33 13 33 11 11 20 20 37 0 30 15 14 8 9 22 27 32 29 31 10 18 25 33 33 35 22 10 23 31 17 16 17
41 24 39 39 5 18 17 22 18 31 33 1 41 7 22 24 20 42 25 32 45 46 44 5 48 32 11 25 20 37 32 25 39 19 47 48 43 10 10 49 48 8 14 27 7 30 34 33 11 34 26 45 38 41 28 2 23 11 29 9 6 33 35 13 15 33 16 27 38 34 24 5 21 19 10 35 17 30 0 45 41 37 24 36 41 9 19 17 31 31 10 5 24 30 35 27 40 50 19 45 33
10 21 9 6 48 27 28 26 27 17 23 45 16 38 23 45 26 8 51 36 19 6 28 45 26 21 34 31 27 8 20 24 9 37 15 15 17 35 40 17 19 41 38 40 38 27 21 38 34 13 25 17 12 19 32 45 22 37 43 39 46 12 18 33 43 13 46 43 20 38 25 48 25 26 35 25 51 15 45 0 10 10 22 24 26 46 42 45 17 23 39 48 45 44 25 21 21 28 30 8 20
0 19 3 9 42 23 25 27 25 23 29 40 26 35 23 36 21 2 42 26 9 16 18 42 16 27 30 22 27 12 11 17 3 29 7 7 7 33 39 9 10 35 38 31 35 33 28 29 32 18 17 7 3 9 23 41 20 36 34 37 43 10 25 28 43 16 39 34 10 29 18 44 25 22 33 32 50 14 41 10 0 17 17 14 16 44 34 45 23 14 38 42 36 35 15 24 11 18 24 18 11
17 13 14 8 40 19 20 16 19 7 13 37 9 30 15 42 20 15 48 36 26 9 35 37 33 11 26 28 17 5 21 20 14 32 22 23 24 27 32 24 26 33 29 38 30 17 11 39 26 3 22 24 17 26 32 37 14 29 42 31 38 8 8 25 33 4 40 42 26 39 21 40 16 18 27 15 41 8 37 10 17 0 17 27 32 38 37 35 7 24 31 40 41 43 27 11 28 35 25 8 22
17 7 15 16 26 6 9 17 9 17 24 23 26 18 11 24 4 18 30 21 22 24 25 25 27 22 13 12 15 15 11 4 15 15 23 24 20 17 23 25 25 19 23 22 19 25 23 24 16 16 7 22 14 19 17 24 7 20 26 21 26 10 22 11 27 13 23 25 17 24 4 27 13 6 17 27 34 9 24 22 17 17 0 17 21 28 20 29 17 12 22 26 24 27 16 16 19 29 8 25 12
14 23 15 21 36 21 25 33 25 32 39 36 36 32 27 26 18 16 32 13 12 30 8 39 12 37 27 13 31 23 6 13 15 20 15 16 10 33 39 16 15 29 39 20 33 41 38 16 32 28 10 12 12 7 13 37 23 36 23 37 40 19 35 24 43 25 29 24 4 16 13 40 29 22 32 42 50 22 36 24 14 27 17 0 5 42 24 45 32 5 38 36 26 24 2 32 5 15 17 31 5
16 28 18 24 40 26 30 38 30 37 44 40 41 37 32 27 23 18 33 14 12 32 3 44 10 42 32 16 36 27 11 18 18 23 16 17 11 38 44 16 15 33 44 21 38 46 43 17 37 33 15 13 15 7 14 42 28 41 24 42 45 24 40 29 48 30 31 25 6 16 18 45 34 27 37 47 55 27 41 26 16 32 21 5 0 47 26 50 37 9 43 40 27 25 5 37 5 13 21 34 10
44 26 42 41 14 22 19 23 20 32 33 10 42 10 23 33 24 45 34 40 50 47 51 4 54 33 15 32 21 38 37 29 42 27 51 51 48 11 6 53 53 16 10 35 10 27 35 41 12 35 32 50 42 46 36 7 25 9 38 7 3 35 36 18 8 34 25 36 43 42 29 5 22 22 12 33 8 32 9 46 44 38 28 42 47 0 28 9 32 37 7 14 33 39 41 28 45 55 25 46 38
34 25 33 36 16 19 22 31 22 36 41 18 46 21 26 5 18 36 10 14 36 44 29 24 36 40 18 12 29 35 23 18 33 5 39 40 34 24 28 40 39 12 31 8 22 39 42 14 24 36 17 36 31 31 12 21 24 27 10 26 25 30 40 15 34 33 5 8 28 15 17 23 27 20 23 44 36 29 19 42 34 37 20 24 26 28 0 36 36 20 28 16 5 11 22 33 29 39 12 45 24
45 26 42 40 22 24 20 19 21 28 28 18 37 15 22 41 27 45 42 46 52 43 53 12 56 28 19 36 18 37 40 32 42 34 52 52 49 12 8 54 54 24 7 43 14 22 30 48 13 32 35 51 43 49 41 15 26 9 46 10 12 35 31 22 2 32 33 44 46 49 32 14 20 23 13 28 7 31 17 45 45 35 29 45 50 9 36 0 28 40 8 22 41 47 44 24 48 58 29 42 41
23 11 20 14 35 17 15 9 15 0 7 31 10 24 10 41 18 21 46 38 31 16 40 31 38 5 21 29 11 11 26 21 20 31 28 29 29 21 26 30 32 29 22 39 24 10 6 41 20 5 24 30 22 31 34 31 12 23 43 25 32 13 5 22 26 7 38 42 31 41 21 34 10 16 21 10 34 10 31 17 23 7 17 32 37 32 36 28 0 28 25 35 40 44 32 4 33 40 24 14 27
14 19 14 20 31 16 20 29 20 28 35 30 34 27 23 22 13 16 28 12 16 29 13 34 17 33 22 8 27 21 3 8 14 15 19 20 14 28 34 20 19 24 34 16 28 37 34 15 27 25 5 16 11 11 9 32 19 31 20 32 35 16 31 19 38 22 25 20 8 15 8 35 25 17 27 38 45 18 31 23 14 24 12 5 9 37 20 40 28 0 33 31 22 21 4 28 10 20 12 30 4
38 20 36 34 15 17 13 16 14 25 26 11 35 7 16 33 20 39 34 39 45 40 46 7 49 26 12 29 14 31 33 25 36 26 45 45 42 5 1 47 47 16 4 35 6 21 28 40 6 28 28 44 36 42 34 9 19 2 38 2 7 29 29 15 6 27 25 36 39 41 25 9 15 16 6 27 12 25 10 39 38 31 22 38 43 7 28 8 25 33 0 15 33 39 37 21 41 51 22 39 34
42 27 41 42 0 21 20 27 21 35 38 5 45 12 25 19 22 44 20 30 45 49 43 10 48 37 14 24 25 40 32 25 41 17 48 49 43 15 15 49 48 7 19 24 12 35 39 30 16 37 26 45 39 41 26 7 26 16 24 14 11 36 40 15 20 36 11 22 38 31 24 9 26 22 15 40 22 33 5 48 42 40 26 36 40 14 16 22 35 31 15 0 19 25 35 32 40 50 19 48 33
36 29 36 39 19 24 27 36 27 40 46 23 50 26 31 0 22 38 6 13 38 48 29 29 37 45 23 14 34 39 25 22 36 9 41 42 36 29 33 42 41 17 36 6 27 44 46 11 29 40 20 38 33 33 13 26 29 32 5 31 30 34 45 20 39 37 8 3 30 12 21 28 32 25 28 49 41 33 24 45 36 41 24 26 27 33 5 41 40 22 33 19 0 6 24 38 31 40 16 49 26
36 33 36 40 25 28 31 40 31 44 50 29 53 32 35 6 26 38 9 11 36 49 27 35 35 49 28 15 38 40 24 23 35 13 39 40 34 35 39 40 39 23 42 5 33 48 50 8 35 42 21 36 32 31 12 32 33 38 1 37 36 35 48 25 45 39 14 3 28 9 23 34 36 29 34 53 47 35 30 44 35 43 27 24 25 39 11 47 44 21 39 25 6 0 22 42 29 38 20 50 25
15 23 16 22 35 20 24 33 24 32 39 34 36 31 27 24 17 17 30 12 14 31 8 38 14 37 26 11 31 23 6 12 16 18 17 18 12 32 38 18 17 28 38 18 32 41 38 15 31 28 9 14 13 9 11 36 23 35 21 36 39 19 35 23 42 25 27 22 6 15 12 39 29 21 31 42 49 22 35 25 15 27 16 2 5 41 22 44 32 4 37 35 24 22 0 32 7 17 16 32 5
24 9 21 17 32 14 12 5 11 4 8 27 14 20 7 38 16 24 43 37 32 19 40 27 39 7 18 27 7 14 26 20 21 29 31 31 30 17 22 33 34 26 18 37 20 9 9 39 16 8 23 31 23 31 32 27 9 19 41 21 28 14 8 18 23 9 34 40 31 40 20 30 6 13 17 11 31 10 27 21 24 11 16 32 37 28 33 24 4 28 21 32 38 42 32 0 33 41 22 18 27
11 25 14 20 41 25 29 35 28 33 40 40 37 36 29 31 22 13 37 18 7 27 7 43 7 38 31 18 33 23 8 16 14 25 10 11 5 36 42 11 10 33 42 25 36 42 39 21 35 29 14 7 11 2 18 41 25 39 28 40 43 20 36 28 46 26 34 29 2 21 17 44 31 25 35 43 53 23 40 21 11 28 19 5 5 45 29 48 33 10 41 40 31 29 7 33 0 10 21 29 7
18 35 21 27 52 36 40 44 39 40 47 51 44 47 39 40 33 20 46 27 9 34 11 54 3 45 42 28 43 30 19 27 21 35 13 13 11 47 53 11 9 44 53 34 47 50 46 30 46 36 25 11 18 11 27 52 36 50 37 51 54 27 43 39 57 33 44 38 12 29 27 54 41 35 45 50 63 31 50 28 18 35 29 15 13 55 39 58 40 20 51 50 40 38 17 41 10 0 31 36 17
24 13 23 24 19 8 12 21 12 24 30 18 34 15 15 16 6 26 22 17 26 32 24 22 29 29 10 7 19 23 13 7 23 7 29 30 24 17 22 30 29 12 24 15 16 29 30 19 17 24 7 26 21 22 12 20 13 20 19 20 23 18 29 7 27 21 15 18 19 20 6 23 17 9 16 33 33 17 19 30 24 25 8 17 21 25 12 29 24 12 22 19 16 20 16 22 21 31 0 33 14
18 21 16 10 48 27 28 23 27 14 16 45 8 38 23 49 28 16 55 42 27 2 36 45 34 15 34 35 25 10 27 28 16 40 23 23 25 35 40 25 27 41 36 45 38 22 14 45 34 11 29 25 19 27 39 45 22 37 49 39 46 15 12 33 40 12 48 49 28 45 28 48 24 26 35 18 48 16 45 8 18 8 25 31 34 46 45 42 14 30 39 48 49 50 32 18 29 36 33 0 27
11 18 11 17 33 17 21 28 21 27 34 33 31 28 22 26 14 13 32 16 12 26 13 35 14 32 23 12 26 18 1 9 11 19 15 16 10 29 35 16 15 26 35 20 29 36 33 19 28 23 7 12 8 8 13 34 18 32 24 33 36 14 30 21 39 20 29 24 5 19 10 37 24 18 28 37 46 17 33 20 11 22 12 5 10 38 24 41 27 4 34 33 26 25 5 27 7 17 14 27 0
0         814      
290       322      
0         11       
288       298      
384       419      
125       145      
332       362      
149       173      
116       146      
188       211      
188       205      
396       410      
222       241      
363       384      
147       157      
428       443      
111       132      
0         14       
446       465      
475       486      
5         30       
239       268      
74        93       
381       390      
63        101      
186       219      
335       355      
109       114      
138       171      
174       189      
45        68       
321       338      
249       284      
489       512      
28        43       
258       283      
7         33       
365       376      
613       625      
21        40       
18        44       
588       616      
636       645      
443       446      
342       374      
205       231      
773       786      
518       533      
339       362      
150       174      
103       124      
27        48       
0         29       
24        46       
476       498      
388       394      
131       150      
363       380      
449       477      
361       400      
642       659      
175       199      
217       224      
331       358      
623       659      
175       202      
409       426      
420       456      
41        69       
469       494      
104       138      
374       391      
667       697      
124       138      
341       360      
186       221      
624       648      
303       330      
401       410      
226       246      
0         28       
164       185      
104       126      
43        54       
60        81       
616       627      
502       531      
694       713      
159       175      
94        115      
377       392      
407       422      
449       455      
431       448      
65        66       
157       163      
32        64       
554       576      
487       518      
234       250      
726       756      
