101
0 14 26 27 27 16 28 13 7 23 35 16 7 9 37 33 10 27 15 18 19 33 11 4 9 15 17 28 33 27 25 25 9 24 34 25 37 22 8 4 14 19 3 28 10 13 25 16 29 34 34 33 8 22 19 32 1 43 11 14 10 36 35 16 13 30 6 26 35 11 6 25 31 37 9 32 27 11 22 28 3 28 32 13 20 15 28 8 9 28 14 29 36 35 35 7 16 10 7 3 27
14 0 32 41 31 28 31 2 13 28 49 20 12 8 51 46 8 40 19 22 20 47 21 10 23 6 26 42 38 32 39 30 23 38 42 39 49 34 10 11 22 33 17 42 20 27 39 29 41 39 46 46 9 34 29 46 14 57 20 28 7 48 48 26 26 42 17 32 40 25 12 39 36 51 19 46 32 24 36 42 11 39 37 15 24 26 38 14 6 32 13 37 50 47 45 20 20 17 21 17 39
26 32 0 43 7 13 9 33 20 5 41 12 33 24 29 50 25 19 13 12 14 46 15 27 22 37 40 37 7 3 33 5 29 40 10 37 25 16 33 29 40 20 27 24 16 30 22 36 16 9 23 49 24 14 11 34 27 38 36 21 34 24 51 39 17 21 32 2 9 31 32 28 6 31 17 40 1 19 36 40 28 15 6 39 11 14 14 19 32 10 19 6 49 26 16 19 12 16 28 27 21
27 41 43 0 48 29 49 39 33 43 15 41 29 36 34 7 37 30 39 43 44 6 29 31 23 38 16 10 49 45 13 45 18 3 45 6 37 28 31 30 21 23 24 27 30 14 24 12 35 51 35 6 35 30 32 18 27 34 21 21 34 38 8 16 26 32 24 41 49 16 29 18 48 34 29 10 43 24 6 5 30 35 48 27 45 28 36 33 35 50 40 41 9 35 42 26 39 32 20 24 28
27 31 7 48 0 18 2 33 20 4 47 11 33 24 36 55 24 26 12 9 11 52 19 27 26 37 44 43 7 4 39 2 33 45 16 42 32 23 33 29 41 26 29 31 19 35 29 40 23 8 30 54 24 21 17 41 28 45 38 26 34 31 56 43 21 28 33 9 10 35 32 35 5 38 20 47 6 23 41 45 28 22 6 39 7 19 21 19 32 3 18 13 55 33 22 22 11 17 31 29 28
16 28 13 29 18 0 19 28 14 14 29 15 23 19 22 36 20 12 14 17 19 33 6 19 10 31 29 25 20 16 21 16 18 27 18 24 21 7 24 20 30 8 17 15 7 18 13 24 13 22 18 35 19 7 3 24 17 30 26 8 26 21 37 28 4 15 22 12 21 19 22 17 19 24 8 29 14 7 23 27 19 12 19 29 18 1 12 13 25 20 19 13 36 20 19 9 14 10 18 17 12
28 31 9 49 2 19 0 33 20 5 48 11 33 24 38 55 24 28 12 9 11 52 20 27 27 37 45 44 8 6 40 4 34 46 17 43 34 25 33 29 42 27 30 33 20 36 31 41 25 8 32 54 24 23 18 43 28 47 38 27 34 33 56 44 22 30 33 11 11 36 32 36 7 40 21 48 8 24 42 46 28 24 7 39 7 20 23 19 32 1 18 15 55 35 24 23 11 18 32 30 30
13 2 33 39 33 28 33 0 14 30 48 22 10 9 50 44 9 40 21 24 22 45 22 10 22 4 24 40 40 34 38 32 21 36 43 37 49 35 8 9 20 32 15 41 21 25 38 27 41 41 46 44 9 35 30 44 12 56 18 26 5 49 46 24 26 43 15 34 42 23 10 38 38 50 20 44 34 24 34 40 10 40 39 13 26 27 39 14 4 34 15 37 48 48 46 20 22 17 19 15 40
7 13 20 33 20 14 20 14 0 17 40 9 13 5 36 40 6 26 8 11 12 39 8 7 12 17 24 33 27 21 30 19 16 30 29 30 35 21 13 9 21 19 10 28 7 19 25 23 27 28 32 39 5 21 16 35 8 43 18 16 14 35 41 23 12 29 13 20 29 18 12 28 25 37 6 37 21 12 28 33 8 26 26 19 13 13 25 1 12 21 7 23 42 34 32 8 9 4 14 10 26
23 28 5 43 4 14 5 30 17 0 43 8 30 21 33 50 21 23 9 7 9 47 15 24 22 34 39 39 10 4 35 2 28 41 15 38 29 20 30 26 37 22 25 28 15 30 26 35 20 11 27 49 21 18 13 38 24 42 34 22 31 28 51 38 17 25 29 6 12 30 29 31 8 35 16 43 5 19 37 41 25 19 9 36 6 15 18 16 29 6 15 11 50 30 21 18 8 13 27 25 25
35 49 41 15 47 29 48 48 40 43 0 44 39 44 21 20 45 23 43 46 48 13 33 39 28 48 30 8 47 44 10 45 27 16 39 12 26 24 40 39 34 21 33 18 34 23 18 24 28 49 25 18 43 26 30 6 36 20 33 24 43 27 20 29 28 23 34 39 45 25 38 12 46 21 34 5 42 28 15 10 38 28 47 39 47 29 29 40 44 49 47 37 15 24 34 32 43 38 29 33 21
16 20 12 41 11 15 11 22 9 8 44 0 22 13 36 48 13 25 1 2 4 45 11 16 17 26 33 37 18 12 34 10 23 37 22 35 34 22 22 18 30 23 19 30 10 26 28 30 25 19 32 46 13 20 15 39 17 44 27 20 23 33 48 32 16 28 22 13 20 25 21 32 16 38 11 41 13 16 34 38 17 24 17 28 4 15 23 8 21 12 7 18 48 33 28 13 1 7 22 19 27
7 12 33 29 33 23 33 10 13 30 39 22 0 11 44 34 12 34 21 24 23 35 18 6 15 9 14 31 40 34 30 32 12 26 41 27 44 29 2 4 11 25 7 34 17 15 31 17 36 41 41 34 10 29 26 36 6 49 8 19 5 43 36 14 20 37 5 33 42 13 1 30 38 43 16 34 34 17 24 30 5 35 39 6 26 22 35 14 6 34 17 36 38 42 42 14 22 17 10 7 33
9 8 24 36 24 19 24 9 5 21 44 13 11 0 41 42 1 31 12 15 13 42 13 5 16 13 25 37 31 25 34 23 18 33 34 34 40 26 10 7 21 24 12 33 12 22 30 24 32 32 37 41 1 26 21 39 9 48 18 21 10 40 43 24 17 34 13 25 33 20 10 33 29 42 11 41 25 17 31 37 6 31 30 17 17 18 30 6 8 25 6 28 45 39 37 13 13 9 16 12 31
37 51 29 34 36 22 38 50 36 33 21 36 44 41 0 40 42 11 35 38 40 33 28 40 28 52 42 24 32 32 21 34 33 33 22 28 5 15 45 41 45 17 35 8 29 31 11 36 13 34 6 38 41 16 21 16 37 9 41 22 46 6 40 41 24 8 39 27 29 33 41 16 33 2 30 25 30 25 30 29 39 14 33 46 38 23 15 35 45 39 41 23 35 3 16 29 35 32 33 34 10
33 46 50 7 55 36 55 44 40 50 20 48 34 42 40 0 43 37 46 50 51 7 36 36 30 43 20 16 56 52 19 52 24 10 52 13 43 35 36 35 25 30 30 33 37 21 31 17 42 58 41 2 41 37 39 24 33 40 26 28 39 44 2 20 33 38 29 48 56 22 34 24 55 40 36 15 50 31 13 11 35 42 55 32 52 35 43 40 40 56 47 48 6 41 49 33 46 39 26 30 35
10 8 25 37 24 20 24 9 6 21 45 13 12 1 42 43 0 32 12 15 13 43 14 6 17 13 26 38 31 25 35 23 19 34 34 35 41 27 10 8 22 25 13 34 13 23 31 25 33 32 38 42 2 27 22 40 10 49 19 21 10 41 44 25 18 35 14 25 33 21 11 33 29 43 12 42 25 17 32 38 7 32 30 17 17 19 31 7 8 25 6 29 46 40 38 13 13 10 17 13 32
27 40 19 30 26 12 28 40 26 23 23 25 34 31 11 37 32 0 24 27 29 31 17 30 19 42 36 21 23 22 17 24 25 28 15 23 9 5 35 31 37 9 26 5 18 24 5 30 5 25 6 35 30 5 10 17 28 19 33 14 37 9 37 35 14 3 31 17 22 26 33 12 24 13 19 24 20 16 25 25 30 5 24 38 28 12 6 24 36 29 31 14 34 8 12 20 24 22 25 26 2
15 19 13 39 12 14 12 21 8 9 43 1 21 12 35 46 12 24 0 3 5 44 10 15 16 25 32 36 19 13 33 11 22 36 22 34 33 21 21 17 29 22 18 29 9 25 27 29 24 20 30 45 12 19 14 38 16 43 26 19 22 32 47 31 15 27 21 13 21 24 20 31 17 37 10 40 13 15 33 37 16 23 18 27 5 14 23 7 20 13 7 18 47 32 28 12 1 6 21 18 26
18 22 12 43 9 17 9 24 11 7 46 2 24 15 38 50 15 27 3 0 2 47 13 18 19 28 35 39 16 10 36 8 25 39 22 37 35 24 24 20 32 25 21 32 12 28 30 32 26 17 33 48 15 22 17 41 19 46 29 22 25 34 50 34 18 30 24 13 18 27 23 34 14 40 13 43 12 18 36 40 19 25 15 30 2 17 24 10 23 10 9 18 50 35 28 15 3 9 24 21 29
19 20 14 44 11 19 11 22 12 9 48 4 23 13 40 51 13 29 5 2 0 49 15 18 21 26 36 41 18 12 38 10 27 41 24 39 37 26 22 20 33 27 22 34 14 29 32 34 28 19 35 50 13 24 19 43 20 48 30 24 23 36 52 35 20 32 25 15 20 29 23 36 16 42 15 45 14 20 38 42 19 27 17 29 4 19 26 11 21 12 7 20 52 37 30 17 5 11 26 22 31
33 47 46 6 52 33 52 45 39 47 13 45 35 42 33 7 43 31 44 47 49 0 34 37 27 44 22 10 53 49 14 49 24 9 46 9 37 30 37 36 27 26 30 28 34 20 26 18 36 55 36 5 41 32 35 17 33 33 27 25 40 38 7 22 30 33 30 44 51 22 35 19 51 33 33 8 47 29 11 6 36 36 52 33 49 32 37 39 41 53 46 43 3 35 43 31 43 37 26 30 30
11 21 15 29 19 6 20 22 8 15 33 11 18 13 28 36 14 17 10 13 15 34 0 13 7 24 25 26 22 17 23 17 14 26 23 25 26 13 18 14 25 12 12 21 1 16 18 21 19 24 23 35 13 12 8 28 12 36 21 9 20 26 37 24 5 20 17 15 24 16 17 21 21 30 2 30 16 5 23 28 13 18 21 24 15 5 17 7 19 21 14 18 37 25 24 4 10 5 13 12 18
4 10 27 31 27 19 27 10 7 24 39 16 6 5 40 36 6 30 15 18 18 37 13 0 13 11 19 32 34 28 29 26 13 28 35 29 39 25 6 2 16 22 7 31 12 17 28 19 32 35 36 36 5 25 21 36 4 46 13 18 7 39 38 18 16 33 8 27 36 15 5 29 32 40 11 36 28 14 26 32 1 31 33 12 20 18 30 8 6 28 11 30 40 38 37 10 16 11 11 7 30
9 23 22 23 26 10 27 22 12 22 28 17 15 16 28 30 17 19 16 19 21 27 7 13 0 23 19 21 29 24 18 24 8 20 28 18 28 14 16 12 20 10 8 19 7 9 16 14 22 31 25 29 15 15 13 23 9 34 16 5 18 28 31 18 6 22 12 21 30 9 14 17 28 28 6 25 23 3 17 21 12 21 28 19 21 9 21 12 17 28 19 23 30 27 29 4 16 10 8 8 18
15 6 37 38 37 31 37 4 17 34 48 26 9 13 52 43 13 42 25 28 26 44 24 11 23 0 23 40 44 38 39 36 21 35 46 36 50 36 8 10 18 33 16 42 23 24 39 26 43 45 47 43 13 36 32 45 13 57 17 27 5 50 45 23 27 44 14 37 46 22 10 39 42 51 22 43 38 25 33 39 11 42 43 11 30 29 41 18 5 38 19 40 47 49 48 21 26 21 19 16 41
17 26 40 16 44 29 45 24 24 39 30 33 14 25 42 20 26 36 32 35 36 22 25 19 19 23 0 22 47 42 23 41 11 14 47 17 44 32 16 17 5 27 15 34 24 12 31 6 41 49 42 20 24 34 32 30 16 46 6 22 19 45 22 1 25 39 11 40 49 10 14 26 46 42 23 24 41 22 14 19 18 40 46 12 37 28 40 25 20 45 30 42 24 42 48 21 33 27 12 15 35
28 42 37 10 43 25 44 40 33 39 8 37 31 37 24 16 38 21 36 39 41 10 26 32 21 40 22 0 44 40 4 41 19 9 36 5 27 20 32 31 27 17 25 18 27 15 16 16 26 45 26 14 36 22 26 8 28 24 25 17 35 28 16 21 22 23 26 35 41 17 30 9 42 24 27 4 38 21 8 5 31 26 43 31 41 24 27 33 36 45 40 33 13 25 33 25 36 31 21 25 20
33 38 7 49 7 20 8 40 27 10 47 18 40 31 32 56 31 23 19 16 18 53 22 34 29 44 47 44 0 6 39 8 36 47 10 44 28 22 40 36 47 27 34 28 23 37 28 43 19 2 26 55 31 20 17 40 34 41 43 28 41 27 57 46 24 24 39 8 3 38 39 34 2 34 24 46 6 26 43 46 35 18 1 46 14 21 17 26 39 8 25 9 56 29 17 26 18 23 35 34 25
27 32 3 45 4 16 6 34 21 4 44 12 34 25 32 52 25 22 13 10 12 49 17 28 24 38 42 40 6 0 36 2 31 42 12 40 28 19 34 30 41 23 29 27 18 33 25 38 19 7 26 51 25 17 14 37 28 41 38 23 35 27 53 41 19 24 33 5 8 33 33 31 4 34 19 43 2 22 38 42 29 18 5 40 9 16 17 20 33 7 19 9 52 29 18 21 12 17 30 29 24
25 39 33 13 39 21 40 38 30 35 10 34 30 34 21 19 35 17 33 36 38 14 23 29 18 39 23 4 39 36 0 37 18 12 32 7 24 16 31 29 27 13 23 14 24 14 12 17 22 41 22 17 33 18 22 7 26 23 25 14 34 25 19 22 18 19 25 31 37 16 29 5 38 21 24 8 34 18 9 8 28 22 39 30 38 20 23 30 34 41 37 29 17 22 29 22 33 28 20 23 16
25 30 5 45 2 16 4 32 19 2 45 10 32 23 34 52 23 24 11 8 10 49 17 26 24 36 41 41 8 2 37 0 30 43 14 40 30 21 32 28 39 24 27 29 17 32 27 37 21 9 28 51 23 19 15 39 26 43 36 24 33 29 53 40 19 26 31 7 10 32 31 33 6 36 18 45 4 21 39 43 27 20 7 38 7 17 19 18 31 5 17 11 52 31 20 20 10 15 29 27 26
9 23 29 18 33 18 34 21 16 28 27 23 12 18 33 24 19 25 22 25 27 24 14 13 8 21 11 19 36 31 18 30 0 15 36 16 34 21 13 12 12 16 6 25 13 4 22 7 30 38 31 24 17 23 21 25 9 39 8 11 16 34 26 10 14 28 7 29 38 2 11 19 35 34 12 23 30 11 13 19 12 29 35 14 27 17 29 16 17 34 23 31 27 33 37 10 22 16 2 6 24
24 38 40 3 45 27 46 36 30 41 16 37 26 33 33 10 34 28 36 39 41 9 26 28 20 35 14 9 47 42 12 43 15 0 43 5 36 25 28 27 18 20 21 26 27 11 23 9 33 49 34 9 32 27 29 17 24 33 18 18 31 37 11 13 23 31 21 38 46 13 26 17 45 33 26 10 41 21 3 5 27 33 46 24 41 25 33 30 32 47 37 38 12 34 40 23 36 29 17 21 27
34 42 10 45 16 18 17 43 29 15 39 22 41 34 22 52 34 15 22 22 24 46 23 35 28 46 47 36 10 12 32 14 36 43 0 38 18 16 41 37 48 21 35 20 24 35 20 41 10 12 16 49 33 14 15 32 35 31 44 25 42 17 51 46 22 15 40 9 7 37 40 27 11 24 25 39 10 25 38 40 36 10 11 47 21 19 9 28 41 18 29 5 49 19 7 27 22 24 36 35 17
25 39 37 6 42 24 43 37 30 38 12 35 27 34 28 13 35 23 34 37 39 9 25 29 18 36 17 5 44 40 7 40 16 5 38 0 31 22 29 28 22 17 22 21 25 12 18 11 28 46 29 12 33 24 26 13 25 29 20 16 32 32 14 16 21 26 22 35 43 14 27 12 42 28 24 7 38 20 3 3 28 28 43 26 39 23 29 30 33 44 37 35 12 29 35 22 34 28 18 22 22
37 49 25 37 32 21 34 49 35 29 26 34 44 40 5 43 41 9 33 35 37 37 26 39 28 50 44 27 28 28 24 30 34 36 18 31 0 14 44 40 46 17 35 10 27 32 13 38 9 30 2 41 39 14 19 20 37 13 42 22 46 1 43 43 23 5 39 23 25 34 41 19 29 6 28 29 26 25 33 32 39 10 29 46 35 21 11 33 45 35 39 19 39 2 11 29 33 31 33 34 9
22 34 16 28 23 7 25 35 21 20 24 22 29 26 15 35 27 5 21 24 26 30 13 25 14 36 32 20 22 19 16 21 21 25 16 22 14 0 30 26 33 5 21 8 14 20 6 26 9 24 11 33 26 2 7 18 23 23 29 10 32 14 35 31 9 8 26 15 21 22 28 12 22 16 15 24 17 11 22 24 25 8 22 33 25 8 8 20 31 26 26 13 33 13 16 15 21 17 21 21 5
8 10 33 31 33 24 33 8 13 30 40 22 2 10 45 36 10 35 21 24 22 37 18 6 16 8 16 32 40 34 31 32 13 28 41 29 44 30 0 4 13 26 9 35 17 17 32 19 37 41 41 36 9 30 26 38 7 50 10 21 3 44 38 16 21 38 7 33 42 15 2 32 38 44 16 36 34 19 26 32 5 36 39 7 26 23 35 14 4 34 16 36 40 43 42 15 22 17 11 9 34
4 11 29 30 29 20 29 9 9 26 39 18 4 7 41 35 8 31 17 20 20 36 14 2 12 10 17 31 36 30 29 28 12 27 37 28 40 26 4 0 14 22 6 31 13 16 28 18 33 37 37 35 7 26 22 35 3 46 11 17 6 40 37 16 17 34 6 29 38 14 3 29 34 40 12 35 30 15 25 31 1 32 35 10 22 19 31 10 5 30 13 32 39 39 38 11 18 13 10 6 30
14 22 40 21 41 30 42 20 21 37 34 30 11 21 45 25 22 37 29 32 33 27 25 16 20 18 5 27 47 41 27 39 12 18 48 22 46 33 13 14 0 28 13 37 24 13 32 10 42 48 43 25 21 35 33 34 13 49 4 23 15 46 27 5 26 40 8 40 49 11 12 29 45 45 23 28 41 23 18 23 15 41 46 7 34 29 41 22 17 42 27 43 29 43 49 21 30 24 12 13 36
19 33 20 23 26 8 27 32 19 22 21 23 25 24 17 30 25 9 22 25 27 26 12 22 10 33 27 17 27 23 13 24 16 20 21 17 17 5 26 22 28 0 17 9 13 15 6 21 14 29 15 29 24 7 9 16 19 24 24 5 28 18 31 26 7 12 22 18 26 17 24 9 25 18 13 21 21 8 17 20 22 13 26 29 26 8 13 19 27 28 26 18 29 16 21 12 22 17 16 17 8
3 17 27 24 29 17 30 15 10 25 33 19 7 12 35 30 13 26 18 21 22 30 12 7 8 16 15 25 34 29 23 27 6 21 35 22 35 21 9 6 13 17 0 26 11 10 23 13 29 36 32 30 11 22 20 29 3 41 9 12 12 35 32 14 13 29 5 27 36 8 7 23 33 35 10 29 28 10 19 25 6 28 33 12 23 16 28 11 11 31 17 30 33 33 36 8 19 12 4 0 25
28 42 24 27 31 15 33 41 28 28 18 30 34 33 8 33 34 5 29 32 34 28 21 31 19 42 34 18 28 27 14 29 25 26 20 21 10 8 35 31 37 9 26 0 22 22 3 28 10 30 8 31 33 10 15 12 28 15 33 14 37 11 33 33 16 5 31 22 27 24 33 9 29 9 22 21 25 17 23 22 31 10 29 38 33 16 11 28 36 34 34 19 31 8 16 21 29 25 25 26 3
10 20 16 30 19 7 20 21 7 15 34 10 17 12 29 37 13 18 9 12 14 34 1 12 7 23 24 27 23 18 24 17 13 27 24 25 27 14 17 13 24 13 11 22 0 15 19 20 20 25 24 36 11 13 9 29 11 37 20 10 19 27 38 23 6 21 16 16 25 15 16 22 22 30 1 31 17 6 24 28 12 19 22 23 14 6 18 6 18 21 13 19 37 26 25 3 10 4 12 11 19
13 27 30 14 35 18 36 25 19 30 23 26 15 22 31 21 23 24 25 28 29 20 16 17 9 24 12 15 37 33 14 32 4 11 35 12 32 20 17 16 13 15 10 22 15 0 19 6 29 39 30 20 21 22 21 21 13 36 10 10 20 33 22 11 14 27 10 29 38 2 15 16 36 31 14 19 31 11 9 15 16 28 36 16 29 17 28 19 21 36 26 31 23 30 36 12 24 18 6 10 23
25 39 22 24 29 13 31 38 25 26 18 28 31 30 11 31 31 5 27 30 32 26 18 28 16 39 31 16 28 25 12 27 22 23 20 18 13 6 32 28 32 6 23 3 19 19 0 25 10 30 11 29 30 8 13 12 25 18 29 11 34 14 31 30 13 8 28 21 27 21 30 7 28 12 19 19 23 14 20 20 28 10 28 35 31 13 11 25 33 32 32 19 29 11 17 18 27 23 22 23 4
16 29 36 12 40 24 41 27 23 35 24 30 17 24 36 17 25 30 29 32 34 18 21 19 14 26 6 16 43 38 17 37 7 9 41 11 38 26 19 18 10 21 13 28 20 6 25 0 35 45 36 17 24 28 27 24 16 40 9 16 22 39 19 5 20 33 12 35 44 5 17 20 42 36 19 18 37 17 8 14 18 34 42 15 34 23 34 23 23 41 30 37 21 36 42 17 29 23 9 13 29
29 41 16 35 23 13 25 41 27 20 28 25 36 32 13 42 33 5 24 26 28 36 19 32 22 43 41 26 19 19 22 21 30 33 10 28 9 9 37 33 42 14 29 10 20 29 10 35 0 21 7 39 31 7 11 22 30 22 38 19 39 8 41 40 16 5 34 14 17 31 35 17 20 15 21 29 17 19 30 30 32 1 20 41 26 14 2 26 38 26 31 10 39 10 7 22 24 23 30 29 7
34 39 9 51 8 22 8 41 28 11 49 19 41 32 34 58 32 25 20 17 19 55 24 35 31 45 49 45 2 7 41 9 38 49 12 46 30 24 41 37 48 29 36 30 25 39 30 45 21 0 28 57 32 22 19 42 35 43 45 30 42 29 59 48 26 26 40 10 5 40 40 36 3 36 26 48 7 28 45 48 36 20 2 47 15 22 19 27 40 8 26 11 57 31 19 28 19 24 37 35 27
34 46 23 35 30 18 32 46 32 27 25 32 41 37 6 41 38 6 30 33 35 36 23 36 25 47 42 26 26 26 22 28 31 34 16 29 2 11 41 37 43 15 32 8 24 30 11 36 7 28 0 39 35 11 16 19 34 15 39 20 43 3 41 41 20 3 37 21 23 32 39 17 27 8 25 28 24 22 31 30 36 8 27 44 33 18 9 30 42 33 37 17 38 3 10 26 30 28 31 32 7
33 46 49 6 54 35 54 44 39 49 18 46 34 41 38 2 42 35 45 48 50 5 35 36 29 43 20 14 55 51 17 51 24 9 49 12 41 33 36 35 25 29 30 31 36 20 29 17 39 57 39 0 41 35 38 22 33 38 26 27 39 42 2 20 32 36 29 47 54 22 34 22 54 38 34 13 49 30 12 9 35 39 54 32 49 34 40 39 40 55 46 46 5 39 46 32 44 38 26 30 33
8 9 24 35 24 19 24 9 5 21 43 13 10 1 41 41 2 30 12 15 13 41 13 5 15 13 24 36 31 25 33 23 17 32 33 33 39 26 9 7 21 24 11 33 11 21 30 24 31 32 35 41 0 24 20 38 8 48 18 20 10 38 43 23 17 32 13 24 33 19 10 32 29 41 11 40 25 16 30 36 6 30 30 16 17 17 29 5 8 25 7 28 44 37 36 12 13 8 15 11 30
22 34 14 30 21 7 23 35 21 18 26 20 29 26 16 37 27 5 19 22 24 32 12 25 15 36 34 22 20 17 18 19 23 27 14 24 14 2 30 26 35 7 22 10 13 22 8 28 7 22 11 35 24 0 5 20 23 24 31 12 32 14 37 33 9 8 27 13 19 24 28 14 20 18 14 26 15 12 24 26 25 6 20 34 23 7 6 19 31 24 26 11 35 13 14 15 19 17 23 22 7
19 29 11 32 17 3 18 30 16 13 30 15 26 21 21 39 22 10 14 17 19 35 8 21 13 32 32 26 17 14 22 15 21 29 15 26 19 7 26 22 33 9 20 15 9 21 13 27 11 19 16 38 20 5 0 25 20 29 29 11 28 19 40 31 7 13 25 9 18 22 25 18 16 23 10 30 12 10 26 29 21 10 17 32 18 4 9 15 27 19 21 10 38 18 16 12 14 12 21 20 12
32 46 34 18 41 24 43 44 35 38 6 39 36 39 16 24 40 17 38 41 43 17 28 36 23 45 30 8 40 37 7 39 25 17 32 13 20 18 38 35 34 16 29 12 29 21 12 24 22 42 19 22 38 20 25 0 32 16 31 19 41 21 24 29 23 17 31 33 39 23 35 7 40 16 29 9 35 23 16 13 35 22 40 37 42 24 23 35 40 44 42 31 19 18 28 27 38 33 26 29 15
1 14 27 27 28 17 28 12 8 24 36 17 6 9 37 33 10 28 16 19 20 33 12 4 9 13 16 28 34 28 26 26 9 24 35 25 37 23 7 3 13 19 3 28 11 13 25 16 30 35 34 33 8 23 20 32 0 43 10 14 9 37 35 15 14 31 5 27 36 11 5 26 32 37 10 32 28 12 22 28 3 29 33 12 21 16 29 9 8 29 15 30 36 35 36 8 17 11 7 3 27
43 57 38 34 45 30 47 56 43 42 20 44 49 48 9 40 49 19 43 46 48 33 36 46 34 57 46 24 41 41 23 43 39 33 31 29 13 23 50 46 49 24 41 15 37 36 18 40 22 43 15 38 48 24 29 16 43 0 46 29 52 14 40 45 31 17 46 36 38 38 48 20 42 7 37 25 39 32 32 29 46 23 42 52 47 31 24 43 51 48 49 32 35 12 24 36 43 40 40 41 18
11 20 36 21 38 26 38 18 18 34 33 27 8 18 41 26 19 33 26 29 30 27 21 13 16 17 6 25 43 38 25 36 8 18 44 20 42 29 10 11 4 24 9 33 20 10 29 9 38 45 39 26 18 31 29 31 10 46 0 19 13 42 28 6 22 36 5 36 45 8 8 26 42 41 19 27 37 19 17 23 12 37 42 6 31 25 37 19 14 39 24 39 30 40 45 17 27 21 8 9 32
14 28 21 21 26 8 27 26 16 22 24 20 19 21 22 28 21 14 19 22 24 25 9 18 5 27 22 17 28 23 14 24 11 18 25 16 22 10 21 17 23 5 12 14 10 10 11 16 19 30 20 27 20 12 11 19 14 29 19 0 23 23 29 21 5 17 16 20 28 12 19 12 27 23 10 21 22 4 15 19 17 18 27 23 24 7 18 16 22 28 23 21 28 21 26 8 19 14 11 12 13
10 7 34 34 34 26 34 5 14 31 43 23 5 10 46 39 10 37 22 25 23 40 20 7 18 5 19 35 41 35 34 33 16 31 42 32 46 32 3 6 15 28 12 37 19 20 34 22 39 42 43 39 10 32 28 41 9 52 13 23 0 46 41 19 23 40 10 34 43 18 5 35 39 46 18 39 35 21 29 35 7 38 40 8 27 25 37 15 2 35 16 37 43 44 44 17 23 18 14 12 36
36 48 24 38 31 21 33 49 35 28 27 33 43 40 6 44 41 9 32 34 36 38 26 39 28 50 45 28 27 27 25 29 34 37 17 32 1 14 44 40 46 18 35 11 27 33 14 39 8 29 3 42 38 14 19 21 37 14 42 23 46 0 44 44 23 6 39 22 24 35 42 20 28 7 28 30 25 25 34 33 39 9 28 46 34 21 10 33 45 34 39 18 40 3 10 29 32 31 34 35 10
35 48 51 8 56 37 56 46 41 51 20 48 36 43 40 2 44 37 47 50 52 7 37 38 31 45 22 16 57 53 19 53 26 11 51 14 43 35 38 37 27 31 32 33 38 22 31 19 41 59 41 2 43 37 40 24 35 40 28 29 41 44 0 22 34 38 31 49 56 24 36 24 56 40 36 15 51 32 14 11 37 41 56 34 51 36 42 41 42 57 48 48 5 41 48 34 46 40 28 32 35
16 26 39 16 43 28 44 24 23 38 29 32 14 24 41 20 25 35 31 34 35 22 24 18 18 23 1 21 46 41 22 40 10 13 46 16 43 31 16 16 5 26 14 33 23 11 30 5 40 48 41 20 23 33 31 29 15 45 6 21 19 44 22 0 24 38 10 39 48 9 14 25 45 41 22 23 40 21 13 18 17 39 45 12 36 27 39 24 20 44 29 41 24 41 47 20 32 26 11 14 34
13 26 17 26 21 4 22 26 12 17 28 16 20 17 24 33 18 14 15 18 20 30 5 16 6 27 25 22 24 19 18 19 14 23 22 21 23 9 21 17 26 7 13 16 6 14 13 20 16 26 20 32 17 9 7 23 14 31 22 5 23 23 34 24 0 17 18 16 24 15 19 16 23 25 6 26 18 3 20 24 16 15 23 25 20 3 15 12 22 23 19 17 33 22 23 6 15 10 14 13 14
30 42 21 32 28 15 30 43 29 25 23 28 37 34 8 38 35 3 27 30 32 33 20 33 22 44 39 23 24 24 19 26 28 31 15 26 5 8 38 34 40 12 29 5 21 27 8 33 5 26 3 36 32 8 13 17 31 17 36 17 40 6 38 38 17 0 33 19 22 29 36 14 25 10 22 26 22 19 28 27 33 6 25 40 30 15 7 27 39 31 34 15 36 5 11 23 27 25 28 29 4
6 17 32 24 33 22 33 15 13 29 34 22 5 13 39 29 14 31 21 24 25 30 17 8 12 14 11 26 39 33 25 31 7 21 40 22 39 26 7 6 8 22 5 31 16 10 28 12 34 40 37 29 13 27 25 31 5 46 5 16 10 39 31 10 18 33 0 32 41 8 5 26 37 39 15 29 33 15 19 25 7 33 38 7 26 21 33 14 11 34 19 35 33 37 41 13 22 16 5 5 29
26 32 2 41 9 12 11 34 20 6 39 13 33 25 27 48 25 17 13 13 15 44 15 27 21 37 40 35 8 5 31 7 29 38 9 35 23 15 33 29 40 18 27 22 16 29 21 35 14 10 21 47 24 13 9 33 27 36 36 20 34 22 49 39 16 19 32 0 9 30 32 27 7 29 17 39 3 18 35 38 28 13 8 39 12 13 12 19 32 12 20 5 47 24 15 19 13 16 28 27 19
35 40 9 49 10 21 11 42 29 12 45 20 42 33 29 56 33 22 21 18 20 51 24 36 30 46 49 41 3 8 37 10 38 46 7 43 25 21 42 38 49 26 36 27 25 38 27 44 17 5 23 54 33 19 18 39 36 38 45 28 43 24 56 48 24 22 41 9 0 39 41 33 5 31 26 45 8 27 43 45 37 17 4 48 17 21 16 28 41 11 27 8 54 26 14 28 20 25 37 36 24
11 25 31 16 35 19 36 23 18 30 25 25 13 20 33 22 21 26 24 27 29 22 16 15 9 22 10 17 38 33 16 32 2 13 37 14 34 22 15 14 11 17 8 24 15 2 21 5 31 40 32 22 19 24 22 23 11 38 8 12 18 35 24 9 15 29 8 30 39 0 13 18 37 33 14 21 32 12 11 17 14 30 37 14 29 18 30 18 19 36 25 32 25 32 38 12 24 18 4 8 25
6 12 32 29 32 22 32 10 12 29 38 21 1 10 41 34 11 33 20 23 23 35 17 5 14 10 14 30 39 33 29 31 11 26 40 27 41 28 2 3 12 24 7 33 16 15 30 17 35 40 39 34 10 28 25 35 5 48 8 19 5 42 36 14 19 36 5 32 41 13 0 30 37 42 15 34 33 17 24 30 4 34 38 7 25 21 34 13 6 33 16 35 38 40 41 13 21 16 9 7 32
25 39 28 18 35 17 36 38 28 31 12 32 30 33 16 24 33 12 31 34 36 19 21 29 17 39 26 9 34 31 5 33 19 17 27 12 19 12 32 29 29 9 23 9 22 16 7 20 17 36 17 22 32 14 18 7 26 20 26 12 35 20 24 25 16 14 26 27 33 18 30 0 34 16 22 12 29 16 14 13 28 17 34 32 35 17 18 28 34 37 35 25 22 17 24 20 31 26 21 23 11
31 36 6 48 5 19 7 38 25 8 46 16 38 29 33 55 29 24 17 14 16 51 21 32 28 42 46 42 2 4 38 6 35 45 11 42 29 22 38 34 45 25 33 29 22 36 28 42 20 3 27 54 29 20 16 40 32 42 42 27 39 28 56 45 23 25 37 7 5 37 37 34 0 35 23 46 5 25 42 45 33 19 1 44 12 20 18 24 37 7 23 10 54 30 18 25 16 21 34 33 26
37 51 31 34 38 24 40 50 37 35 21 38 43 42 2 40 43 13 37 40 42 33 30 40 28 51 42 24 34 34 21 36 34 33 24 28 6 16 44 40 45 18 35 9 30 31 12 36 15 36 8 38 41 18 23 16 37 7 41 23 46 7 40 41 25 10 39 29 31 33 42 16 35 0 31 25 32 26 30 29 40 16 35 46 40 24 17 36 45 41 42 25 35 5 17 30 37 33 34 35 11
9 19 17 29 20 8 21 20 6 16 34 11 16 11 30 36 12 19 10 13 15 33 2 11 6 22 23 27 24 19 24 18 12 26 25 24 28 15 16 12 23 13 10 22 1 14 19 19 21 26 25 34 11 14 10 29 10 37 19 10 18 28 36 22 6 22 15 17 26 14 15 22 23 31 0 31 18 6 23 27 11 20 23 22 15 7 19 6 17 22 13 20 36 27 26 2 10 4 11 10 20
32 46 40 10 47 29 48 44 37 43 5 41 34 41 25 15 42 24 40 43 45 8 30 36 25 43 24 4 46 43 8 45 23 10 39 7 29 24 36 35 28 21 29 21 31 19 19 18 29 48 28 13 40 26 30 9 32 25 27 21 39 30 15 23 26 26 29 39 45 21 34 12 46 25 31 0 41 25 10 5 35 29 46 33 45 28 30 37 40 49 44 37 10 27 36 29 40 35 25 29 23
27 32 1 43 6 14 8 34 21 5 42 13 34 25 30 50 25 20 13 12 14 47 16 28 23 38 41 38 6 2 34 4 30 41 10 38 26 17 34 30 41 21 28 25 17 31 23 37 17 7 24 49 25 15 12 35 28 39 37 22 35 25 51 40 18 22 33 3 8 32 33 29 5 32 18 41 0 20 37 41 29 16 5 40 11 15 15 20 33 9 20 7 50 27 17 20 12 17 29 28 22
11 24 19 24 23 7 24 24 12 19 28 16 17 17 25 31 17 16 15 18 20 29 5 14 3 25 22 21 26 22 18 21 11 21 25 20 25 11 19 15 23 8 10 17 6 11 14 17 19 28 22 30 16 12 10 23 12 32 19 4 21 25 32 21 3 19 15 18 27 12 17 16 25 26 6 25 20 0 18 23 14 18 25 22 20 6 18 12 20 25 19 20 32 24 26 4 15 10 11 10 16
22 36 36 6 41 23 42 34 28 37 15 34 24 31 30 13 32 25 33 36 38 11 23 26 17 33 14 8 43 38 9 39 13 3 38 3 33 22 26 25 18 17 19 23 24 9 20 8 30 45 31 12 30 24 26 16 22 32 17 15 29 34 14 13 20 28 19 35 43 11 24 14 42 30 23 10 37 18 0 6 25 30 42 23 38 22 30 28 30 43 35 35 14 31 37 21 33 27 15 19 24
28 42 40 5 45 27 46 40 33 41 10 38 30 37 29 11 38 25 37 40 42 6 28 32 21 39 19 5 46 42 8 43 19 5 40 3 32 24 32 31 23 20 25 22 28 15 20 14 30 48 30 9 36 26 29 13 28 29 23 19 35 33 11 18 24 27 25 38 45 17 30 13 45 29 27 5 41 23 6 0 31 30 46 29 42 26 31 33 36 47 40 37 9 30 37 25 37 31 21 25 24
3 11 28 30 28 19 28 10 8 25 38 17 5 6 39 35 7 30 16 19 19 36 13 1 12 11 18 31 35 29 28 27 12 27 36 28 39 25 5 1 15 22 6 31 12 16 28 18 32 36 36 35 6 25 21 35 3 46 12 17 7 39 37 17 16 33 7 28 37 14 4 28 33 40 11 35 29 14 25 31 0 31 34 11 21 18 30 9 6 29 12 31 39 38 37 10 17 12 10 6 30
28 39 15 35 22 12 24 40 26 19 28 24 35 31 14 42 32 5 23 25 27 36 18 31 21 42 40 26 18 18 22 20 29 33 10 28 10 8 36 32 41 13 28 10 19 28 10 34 1 20 8 39 30 6 10 22 29 23 37 18 38 9 41 39 15 6 33 13 17 30 34 17 19 16 20 29 16 18 30 30 31 0 19 40 25 13 1 25 37 25 30 9 39 11 8 21 23 22 29 28 7
32 37 6 48 6 19 7 39 26 9 47 17 39 30 33 55 30 24 18 15 17 52 21 33 28 43 46 43 1 5 39 7 35 46 11 43 29 22 39 35 46 26 33 29 22 36 28 42 20 2 27 54 30 20 17 40 33 42 42 27 40 28 56 45 23 25 38 8 4 37 38 34 1 35 23 46 5 25 42 46 34 19 0 45 13 20 18 25 38 7 24 10 55 30 18 25 17 22 34 33 26
13 15 39 27 39 29 39 13 19 36 39 28 6 17 46 32 17 38 27 30 29 33 24 12 19 11 12 31 46 40 30 38 14 24 47 26 46 33 7 10 7 29 12 38 23 16 35 15 41 47 44 32 16 34 32 37 12 52 6 23 8 46 34 12 25 40 7 39 48 14 7 32 44 46 22 33 40 22 23 29 11 40 45 0 32 28 40 20 10 40 23 42 36 44 48 20 28 23 12 12 36
20 24 11 45 7 18 7 26 13 6 47 4 26 17 38 52 17 28 5 2 4 49 15 20 21 30 37 41 14 9 38 7 27 41 21 39 35 25 26 22 34 26 23 33 14 29 31 34 26 15 33 49 17 23 18 42 21 47 31 24 27 34 51 36 20 30 26 12 17 29 25 35 12 40 15 45 11 20 38 42 21 25 13 32 0 18 24 12 25 8 11 17 51 35 27 17 5 11 26 23 30
15 26 14 28 19 1 20 27 13 15 29 15 22 18 23 35 19 12 14 17 19 32 5 18 9 29 28 24 21 16 20 17 17 25 19 23 21 8 23 19 29 8 16 16 6 17 13 23 14 22 18 34 17 7 4 24 16 31 25 7 25 21 36 27 3 15 21 13 21 18 21 17 20 24 7 28 15 6 22 26 18 13 20 28 18 0 13 12 24 21 19 14 35 20 20 8 14 10 17 16 13
28 38 14 36 21 12 23 39 25 18 29 23 35 30 15 43 31 6 23 24 26 37 17 30 21 41 40 27 17 17 23 19 29 33 9 29 11 8 35 31 41 13 28 11 18 28 11 34 2 19 9 40 29 6 9 23 29 24 37 18 37 10 42 39 15 7 33 12 16 30 34 18 18 17 19 30 15 18 30 31 30 1 18 40 24 13 0 24 36 24 29 8 40 12 8 21 22 21 29 28 8
8 14 19 33 19 13 19 14 1 16 40 8 14 6 35 40 7 24 7 10 11 39 7 8 12 18 25 33 26 20 30 18 16 30 28 30 33 20 14 10 22 19 11 28 6 19 25 23 26 27 30 39 5 19 15 35 9 43 19 16 15 33 41 24 12 27 14 19 28 18 13 28 24 36 6 37 20 12 28 33 9 25 25 20 12 12 24 0 13 20 7 22 42 32 31 8 8 3 15 11 25
9 6 32 35 32 25 32 4 12 29 44 21 6 8 45 40 8 36 20 23 21 41 19 6 17 5 20 36 39 33 34 31 17 32 41 33 45 31 4 5 17 27 11 36 18 21 33 23 38 40 42 40 8 31 27 40 8 51 14 22 2 45 42 20 22 39 11 32 41 19 6 34 37 45 17 40 33 20 30 36 6 37 38 10 25 24 36 13 0 33 14 35 44 43 43 16 21 16 15 11 35
28 32 10 50 3 20 1 34 21 6 49 12 34 25 39 56 25 29 13 10 12 53 21 28 28 38 45 45 8 7 41 5 34 47 18 44 35 26 34 30 42 28 31 34 21 36 32 41 26 8 33 55 25 24 19 44 29 48 39 28 35 34 57 44 23 31 34 12 11 36 33 37 7 41 22 49 9 25 43 47 29 25 7 40 8 21 24 20 33 0 19 16 56 36 25 24 12 19 33 31 31
14 13 19 40 18 19 18 15 7 15 47 7 17 6 41 47 6 31 7 9 7 46 14 11 19 19 30 40 25 19 37 17 23 37 29 37 39 26 16 13 27 26 17 34 13 26 32 30 31 26 37 46 7 26 21 42 15 49 24 23 16 39 48 29 19 34 19 20 27 25 16 35 23 42 13 44 20 19 35 40 12 30 24 23 11 19 29 7 14 19 0 25 49 39 35 15 8 9 21 17 31
29 37 6 41 13 13 15 37 23 11 37 18 36 28 23 48 29 14 18 18 20 43 18 30 23 40 42 33 9 9 29 11 31 38 5 35 19 13 36 32 43 18 30 19 19 31 19 37 10 11 17 46 28 11 10 31 30 32 39 21 37 18 48 41 17 15 35 5 8 32 35 25 10 25 20 37 7 20 35 37 31 9 10 42 17 14 8 22 35 16 25 0 46 20 10 22 17 19 31 30 16
36 50 49 9 55 36 55 48 42 50 15 48 38 45 35 6 46 34 47 50 52 3 37 40 30 47 24 13 56 52 17 52 27 12 49 12 39 33 40 39 29 29 33 31 37 23 29 21 39 57 38 5 44 35 38 19 36 35 30 28 43 40 5 24 33 36 33 47 54 25 38 22 54 35 36 10 50 32 14 9 39 39 55 36 51 35 40 42 44 56 49 46 0 37 46 34 46 40 29 33 33
35 47 26 35 33 20 35 48 34 30 24 33 42 39 3 41 40 8 32 35 37 35 25 38 27 49 42 25 29 29 22 31 33 34 19 29 2 13 43 39 43 16 33 8 26 30 11 36 10 31 3 39 37 13 18 18 35 12 40 21 44 3 41 41 22 5 37 24 26 32 40 17 30 5 27 27 27 24 31 30 38 11 30 44 35 20 12 32 43 36 39 20 37 0 13 28 32 30 32 33 8
35 45 16 42 22 19 24 46 32 21 34 28 42 37 16 49 38 12 28 28 30 43 24 37 29 48 48 33 17 18 29 20 37 40 7 35 11 16 42 38 49 21 36 16 25 36 17 42 7 19 10 46 36 14 16 28 36 24 45 26 44 10 48 47 23 11 41 15 14 38 41 24 18 17 26 36 17 26 37 37 37 8 18 48 27 20 8 31 43 25 35 10 46 13 0 28 27 28 37 36 14
7 20 19 26 22 9 23 20 8 18 32 13 14 13 29 33 13 20 12 15 17 31 4 10 4 21 21 25 26 21 22 20 10 23 27 22 29 15 15 11 21 12 8 21 3 12 18 17 22 28 26 32 12 15 12 27 8 36 17 8 17 29 34 20 6 23 13 19 28 12 13 20 25 30 2 29 20 4 21 25 10 21 25 20 17 8 21 8 16 24 15 22 34 28 28 0 12 6 9 8 20
16 20 12 39 11 14 11 22 9 8 43 1 22 13 35 46 13 24 1 3 5 43 10 16 16 26 33 36 18 12 33 10 22 36 22 34 33 21 22 18 30 22 19 29 10 24 27 29 24 19 30 44 13 19 14 38 17 43 27 19 23 32 46 32 15 27 22 13 20 24 21 31 16 37 10 40 12 15 33 37 17 23 17 28 5 14 22 8 21 12 8 17 46 32 27 12 0 7 21 19 26
10 17 16 32 17 10 18 17 4 13 38 7 17 9 32 39 10 22 6 9 11 37 5 11 10 21 27 31 23 17 28 15 16 29 24 28 31 17 17 13 24 17 12 25 4 18 23 23 23 24 28 38 8 17 12 33 11 40 21 14 18 31 40 26 10 25 16 16 25 18 16 26 21 33 4 35 17 10 27 31 12 22 22 23 11 10 21 3 16 19 9 19 40 30 28 6 7 0 15 12 22
7 21 28 20 31 18 32 19 14 27 29 22 10 16 33 26 17 25 21 24 26 26 13 11 8 19 12 21 35 30 20 29 2 17 36 18 33 21 11 10 12 16 4 25 12 6 22 9 30 37 31 26 15 23 21 26 7 40 8 11 14 34 28 11 14 28 5 28 37 4 9 21 34 34 11 25 29 11 15 21 10 29 34 12 26 17 29 15 15 33 21 31 29 32 37 9 21 15 0 4 24
3 17 27 24 29 17 30 15 10 25 33 19 7 12 34 30 13 26 18 21 22 30 12 7 8 16 15 25 34 29 23 27 6 21 35 22 34 21 9 6 13 17 0 26 11 10 23 13 29 35 32 30 11 22 20 29 3 41 9 12 12 35 32 14 13 29 5 27 36 8 7 23 33 35 10 29 28 10 19 25 6 28 33 12 23 16 28 11 11 31 17 30 33 33 36 8 19 12 4 0 25
27 39 21 28 28 12 30 40 26 25 21 27 33 31 10 35 32 2 26 29 31 30 18 30 18 41 35 20 25 24 16 26 24 27 17 22 9 5 34 30 36 8 25 3 19 23 4 29 7 27 7 33 30 7 12 15 27 18 32 13 36 10 35 34 14 4 29 19 24 25 32 11 26 11 20 23 22 16 24 24 30 7 26 36 30 13 8 25 35 31 31 16 33 8 14 20 26 22 24 25 0
0         809      
600       661      
518       599      
206       266      
315       406      
74        120      
302       359      
769       795      
10        77       
605       693      
452       490      
278       310      
239       322      
265       325      
355       433      
696       772      
4         62       
108       153      
269       363      
313       374      
262       347      
176       262      
17        75       
40        66       
90        189      
612       680      
117       194      
176       221      
305       387      
528       565      
167       235      
534       600      
122       166      
180       240      
367       426      
210       228      
397       433      
65        151      
0         58       
26        74       
12        42       
67        142      
0         61       
427       475      
59        85       
134       211      
81        130      
129       172      
336       418      
314       400      
379       452      
216       276      
34        57       
90        116      
73        116      
461       516      
0         30       
499       561      
17        72       
587       635      
574       652      
374       446      
203       285      
0         73       
87        111      
344       449      
0         18       
518       595      
351       395      
214       286      
0         91       
416       488      
307       411      
436       479      
16        94       
189       250      
519       588      
54        91       
168       193      
157       221      
242       298      
350       396      
513       600      
0         77       
311       381      
125       154      
387       444      
271       342      
596       675      
318       356      
286       337      
487       586      
189       297      
363       415      
349       415      
64        110      
274       315      
49        127      
126       156      
0         40       
656       699      
