20
0.0 15.8 44.0 78.4 103.8 12.0 22.8 79.9 35.6 44.4 57.9 74.0 79.1 33.8 62.4 82.7 32.1 89.5 55.8 16.2
15.8 0.0 38.2 81.3 103.8 21.6 9.6 90.6 42.5 29.8 50.4 62.9 68.4 25.4 70.4 86.7 18.1 80.5 54.3 17.2
44.0 38.2 0.0 50.1 67.7 35.9 29.7 76.9 32.1 30.2 14.3 34.5 38.4 13.3 52.2 57.0 27.3 46.1 19.3 27.9
78.4 81.3 50.1 0.0 28.9 66.4 75.6 46.0 43.8 80.3 50.7 68.7 68.4 61.7 28.5 7.5 76.3 62.9 31.0 64.8
103.8 103.8 67.7 28.9 0.0 92.2 96.7 70.3 71.0 95.8 62.1 73.0 70.3 80.9 57.0 30.0 95.1 59.0 49.6 88.8
12.0 21.6 35.9 66.4 92.2 0.0 23.9 69.5 23.6 44.4 50.3 68.6 73.3 28.6 50.7 70.6 32.3 82.1 45.1 9.5
22.8 9.6 29.7 75.6 96.7 23.9 0.0 89.7 40.4 21.6 41.1 53.3 58.8 16.5 67.9 81.5 9.3 70.9 47.1 16.1
79.9 90.6 76.9 46.0 70.3 69.5 89.7 0.0 49.4 103.8 84.8 106.3 107.6 82.7 24.8 41.2 95.0 105.9 63.5 74.1
35.6 42.5 32.1 43.8 71.0 23.6 40.4 49.4 0.0 55.0 44.5 66.2 69.5 34.1 27.8 47.4 45.6 73.9 29.8 25.3
44.4 29.8 30.2 80.3 95.8 44.4 21.6 103.8 55.0 0.0 34.0 37.1 42.9 21.1 80.1 87.2 12.3 57.3 49.4 35.3
57.9 50.4 14.3 50.7 62.1 50.3 41.1 84.8 44.5 34.0 0.0 22.0 24.9 25.0 60.0 58.1 36.1 31.7 21.5 42.0
74.0 62.9 34.5 68.7 73.0 68.6 53.3 106.3 66.2 37.1 22.0 0.0 5.8 40.3 81.6 76.3 45.4 21.1 42.7 59.4
79.1 68.4 38.4 68.4 70.3 73.3 58.8 107.6 69.5 42.9 24.9 5.8 0.0 45.3 83.2 75.9 51.0 15.7 44.3 64.3
33.8 25.4 13.3 61.7 80.9 28.6 16.5 82.7 34.1 21.1 25.0 40.3 45.3 0.0 59.0 68.1 14.6 55.9 31.7 19.2
62.4 70.4 52.2 28.5 57.0 50.7 67.9 24.8 27.8 80.1 60.0 81.6 83.2 59.0 0.0 27.6 72.1 82.4 38.9 53.2
82.7 86.7 57.0 7.5 30.0 70.6 81.5 41.2 47.4 87.2 58.1 76.3 75.9 68.1 27.6 0.0 82.7 70.0 38.0 69.8
32.1 18.1 27.3 76.3 95.1 32.3 9.3 95.0 45.6 12.3 36.1 45.4 51.0 14.6 72.1 82.7 0.0 64.0 46.2 23.5
89.5 80.5 46.1 62.9 59.0 82.1 70.9 105.9 73.9 57.3 31.7 21.1 15.7 55.9 82.4 70.0 64.0 0.0 45.4 73.7
55.8 54.3 19.3 31.0 49.6 45.1 47.1 63.5 29.8 49.4 21.5 42.7 44.3 31.7 38.9 38.0 46.2 45.4 0.0 40.0
16.2 17.2 27.9 64.8 88.8 9.5 16.1 74.1 25.3 35.3 42.0 59.4 64.3 19.2 53.2 69.8 23.5 73.7 40.0 0.0
0         766      
0         26       
70        120      
642       687      
236       247      
386       451      
39        62       
486       504      
135       159      
351       391      
339       373      
313       347      
571       630      
49        84       
155       191      
175       243      
79        119      
291       304      
107       138      
17        40       
