60
0.0 23.1 26.2 22.8 59.7 76.1 41.3 10.0 33.8 23.1 25.1 71.6 36.9 30.2 27.1 24.1 45.0 71.6 42.5 42.9 79.8 45.4 84.7 20.1 19.6 56.7 37.9 30.1 26.5 15.8 63.1 38.6 19.0 75.5 6.0 42.1 59.5 45.3 34.0 13.5 45.9 12.5 39.9 46.2 71.5 25.9 36.6 45.8 28.3 44.0 65.4 33.5 22.8 31.5 62.4 47.8 34.7 32.3 77.2 18.8
23.1 0.0 48.9 43.5 51.6 93.6 45.8 13.4 53.4 16.0 47.9 93.8 41.7 20.6 50.1 31.5 58.9 92.7 51.4 57.8 98.2 43.0 101.7 25.0 31.3 74.8 25.9 50.1 42.3 32.3 79.6 60.7 32.0 96.5 19.1 65.1 82.4 68.0 50.0 36.6 65.6 21.1 62.4 69.0 86.6 42.9 44.9 68.5 32.8 46.1 88.5 55.2 45.7 54.3 85.2 59.9 32.0 29.4 95.2 20.3
26.2 48.9 0.0 10.0 80.7 67.6 44.6 36.3 15.4 43.7 12.8 45.4 52.1 49.4 10.0 41.6 47.5 46.3 52.3 44.4 69.1 54.7 76.3 41.1 35.6 49.2 62.4 12.8 21.4 21.2 58.0 23.4 25.5 59.0 31.7 16.6 33.6 19.1 23.7 13.4 24.3 31.0 13.7 25.5 67.4 19.2 37.2 25.4 46.3 59.8 40.2 21.9 11.7 13.8 40.7 52.3 47.4 46.1 67.6 42.2
22.8 43.5 10.0 0.0 81.4 77.0 34.6 32.2 11.1 35.8 20.8 50.5 55.0 40.8 19.1 43.1 54.2 49.2 57.0 51.4 78.9 44.6 85.8 41.1 37.4 58.2 60.7 7.4 11.5 12.5 66.8 33.1 16.1 69.0 28.8 25.4 41.1 26.3 15.3 14.2 23.1 23.6 20.2 35.5 76.1 9.3 27.2 35.5 47.9 62.6 48.6 30.9 18.8 23.4 50.4 58.6 37.7 36.6 77.2 41.1
59.7 51.6 80.7 81.4 0.0 83.7 96.4 53.3 92.5 67.3 71.4 123.5 31.1 72.2 75.2 39.2 52.0 126.5 38.7 53.7 90.5 94.6 88.9 40.2 45.1 72.0 25.6 88.8 86.1 75.3 70.3 76.4 77.6 99.1 53.9 91.7 107.7 96.9 93.7 68.0 104.1 67.5 93.2 87.1 71.9 85.7 93.9 86.3 34.5 25.0 110.2 71.2 70.8 76.7 99.9 48.1 83.5 80.9 86.5 40.8
76.1 93.6 67.6 77.0 83.7 0.0 111.2 81.8 81.9 99.2 56.5 79.5 58.8 106.3 57.9 63.3 35.8 88.7 47.7 36.1 7.0 119.3 8.8 69.3 62.2 19.4 85.9 80.1 88.5 84.2 14.4 44.2 89.1 24.5 76.4 60.7 63.6 65.7 91.3 67.8 85.4 88.1 67.9 46.6 12.7 86.4 104.2 46.0 64.1 60.9 58.8 46.2 58.8 53.8 43.4 37.3 109.7 107.6 3.1 74.1
41.3 45.8 44.6 34.6 96.4 111.2 0.0 43.8 34.2 30.0 54.6 73.1 77.9 28.0 53.5 65.2 84.7 67.1 83.8 82.2 113.3 13.2 120.0 60.3 61.0 92.0 71.2 33.9 23.1 27.7 100.1 67.6 23.1 103.5 45.3 57.8 70.1 56.5 23.7 44.0 40.8 29.9 50.9 69.7 109.2 25.4 7.6 69.8 69.0 84.7 78.6 64.9 52.3 58.0 83.7 88.2 16.0 17.8 111.5 57.4
10.0 13.4 36.3 32.2 53.3 81.8 43.8 0.0 42.9 18.8 34.4 81.6 35.2 25.8 36.8 23.0 48.4 81.3 43.1 46.9 86.1 45.0 90.2 17.1 20.8 62.7 29.6 39.3 33.7 22.9 68.2 47.3 24.4 83.5 5.7 52.1 69.5 55.4 41.5 23.4 55.1 14.2 49.9 55.6 75.9 33.7 40.7 55.1 26.0 41.3 75.3 41.9 32.3 40.9 71.7 50.2 33.6 31.0 83.2 13.6
33.8 53.4 15.4 11.1 92.5 81.9 34.2 42.9 0.0 43.7 28.3 42.3 65.7 47.6 25.4 54.1 62.9 39.5 67.0 59.9 82.9 46.3 90.6 52.3 48.3 64.0 71.8 3.7 13.5 21.2 73.1 37.8 22.9 70.7 39.8 24.0 36.2 22.2 10.6 24.9 12.2 32.6 16.8 37.0 82.6 11.8 26.6 37.3 58.9 73.3 44.5 37.1 27.0 28.6 49.8 67.6 41.9 41.4 81.7 52.2
23.1 16.0 43.7 35.8 67.3 99.2 30.0 18.8 43.7 0.0 47.0 85.8 53.7 7.1 48.1 41.7 66.9 83.1 62.0 65.1 103.0 27.4 107.7 35.7 39.5 79.8 41.8 40.9 30.8 23.2 86.0 60.9 20.7 98.2 23.2 60.3 76.8 62.0 37.8 34.3 55.2 12.8 56.0 67.4 94.0 32.1 29.8 67.1 44.5 59.3 83.9 56.2 44.5 52.8 83.4 68.9 16.1 13.5 100.3 31.6
25.1 47.9 12.8 20.8 71.4 56.5 54.6 34.4 28.3 47.0 0.0 52.2 41.4 53.6 3.8 32.4 34.6 55.2 40.1 31.6 58.9 63.2 65.3 33.6 26.7 37.5 56.0 25.5 32.1 28.0 45.9 14.0 32.9 51.4 28.8 20.4 37.3 25.5 35.9 12.6 36.6 34.4 22.2 21.1 55.3 30.0 47.6 20.6 37.0 48.9 41.8 10.3 2.5 6.5 37.3 39.5 54.4 52.6 56.9 36.0
71.6 93.8 45.4 50.5 123.5 79.5 73.1 81.6 42.3 85.8 52.2 0.0 92.9 89.9 48.5 84.7 79.4 10.8 89.3 76.5 76.8 86.2 86.3 85.5 78.9 68.9 107.5 44.9 55.8 62.7 77.9 48.9 65.2 58.1 77.1 31.8 17.2 26.9 50.7 58.8 32.4 74.0 31.7 39.1 86.4 54.1 66.2 40.0 89.2 100.2 20.7 53.2 53.1 46.8 36.1 84.9 83.7 83.5 77.7 87.2
36.9 41.7 52.1 55.0 31.1 58.8 77.9 35.2 65.7 53.7 41.4 92.9 0.0 60.3 45.2 12.8 23.5 96.7 11.3 24.3 64.9 80.2 65.8 18.0 17.7 43.6 27.1 62.1 62.3 52.3 44.4 45.3 55.9 70.2 32.6 61.3 76.8 66.8 69.1 40.8 76.3 48.1 63.6 56.0 49.1 61.2 73.6 55.2 9.1 7.6 79.1 40.2 41.2 46.2 68.9 21.6 68.9 66.2 61.2 22.0
30.2 20.6 49.4 40.8 72.2 106.3 28.0 25.8 47.6 7.1 53.6 89.9 60.3 0.0 54.5 48.6 74.0 86.5 68.9 72.3 110.1 22.5 114.9 42.5 46.6 86.9 46.5 45.1 34.2 28.3 93.2 67.6 24.9 104.9 30.4 65.9 81.9 67.1 40.4 40.9 58.5 19.1 61.1 73.6 101.2 35.8 29.7 73.4 51.2 65.7 89.3 63.0 51.1 59.2 89.6 76.0 12.3 10.1 107.4 38.2
27.1 50.1 10.0 19.1 75.2 57.9 53.5 36.8 25.4 48.1 3.8 48.5 45.2 54.5 0.0 36.2 37.9 51.4 43.8 34.8 59.8 62.7 66.7 37.1 30.4 39.2 59.4 22.9 30.6 27.9 47.9 14.1 32.7 51.1 31.4 16.8 33.9 21.7 33.7 13.9 33.1 35.4 18.3 19.2 57.4 28.5 46.3 18.9 40.7 52.8 38.8 11.8 4.8 4.7 35.4 42.9 54.5 52.8 58.1 39.3
24.1 31.5 41.6 43.1 39.2 63.3 65.2 23.0 54.1 41.7 32.4 84.7 12.8 48.6 36.2 0.0 27.8 87.3 20.3 27.1 68.6 67.7 71.1 6.4 5.9 45.7 25.5 50.4 49.8 39.6 49.0 39.8 43.1 70.3 19.9 52.9 69.4 57.9 56.8 29.2 65.3 35.4 54.0 50.2 55.5 48.8 60.8 49.5 4.7 19.9 72.9 34.1 31.6 38.2 64.8 28.4 56.5 53.9 65.3 11.2
45.0 58.9 47.5 54.2 52.0 35.8 84.7 48.4 62.9 66.9 34.6 79.4 23.5 74.0 37.9 27.8 0.0 85.4 13.3 3.1 41.6 90.3 43.3 34.1 27.8 20.2 50.2 59.9 64.4 57.0 21.4 30.7 61.6 47.2 43.6 50.1 62.3 56.0 69.6 41.2 70.9 57.5 54.9 40.3 27.7 62.7 78.7 39.5 28.3 27.2 62.4 27.7 35.9 36.3 49.8 5.4 79.7 77.3 38.0 38.9
71.6 92.7 46.3 49.2 126.5 88.7 67.1 81.3 39.5 83.1 55.2 10.8 96.7 86.5 51.4 87.3 85.4 0.0 94.2 82.3 86.5 80.3 95.8 87.3 81.4 76.7 108.7 42.7 52.3 60.7 86.0 54.6 62.4 68.2 77.4 35.7 25.1 29.9 46.2 59.7 28.0 72.2 33.2 45.8 94.8 51.0 60.6 46.6 92.0 104.1 30.7 58.1 55.7 50.7 45.5 90.8 79.0 79.1 87.1 88.5
42.5 51.4 52.3 57.0 38.7 47.7 83.8 43.1 67.0 62.0 40.1 89.3 11.3 68.9 43.8 20.3 13.3 94.2 0.0 15.0 53.9 87.5 54.5 26.6 23.0 33.5 38.4 63.6 65.8 56.8 33.4 40.4 61.0 60.6 39.5 58.4 72.5 64.2 72.0 42.9 76.5 54.7 62.0 50.8 37.8 64.5 78.6 50.0 18.7 13.9 73.6 36.1 40.6 43.6 62.0 10.4 76.3 73.8 50.2 31.2
42.9 57.8 44.4 51.4 53.7 36.1 82.2 46.9 59.9 65.1 31.6 76.5 24.3 72.3 34.8 27.1 3.1 82.3 15.0 0.0 41.6 88.1 44.0 33.2 26.4 19.3 50.5 56.9 61.7 54.5 21.8 27.7 59.1 45.9 41.9 47.0 59.4 52.9 66.7 38.6 67.8 55.4 51.8 37.4 29.0 60.0 76.1 36.5 28.1 28.8 59.6 24.6 32.9 33.2 47.3 8.4 77.6 75.2 38.1 38.0
79.8 98.2 69.1 78.9 90.5 7.0 113.3 86.1 82.9 103.0 58.9 76.8 64.9 110.1 59.8 68.6 41.6 86.5 53.9 41.6 0.0 122.0 9.5 74.5 67.1 23.4 91.8 81.4 90.4 86.8 20.5 45.7 91.8 19.7 80.6 60.6 61.6 65.3 92.6 70.7 85.4 91.5 68.1 46.5 19.7 88.2 106.2 46.1 69.7 67.3 56.1 48.5 61.3 55.4 40.9 43.5 112.9 110.8 3.9 79.2
45.4 43.0 54.7 44.6 94.6 119.3 13.2 45.0 46.3 27.4 63.2 86.2 80.2 22.5 62.7 67.7 90.3 80.3 87.5 88.1 122.0 0.0 128.1 62.1 64.5 99.9 68.9 45.4 33.9 35.2 107.3 76.9 30.2 113.6 48.0 69.2 82.5 68.4 36.1 51.4 53.8 32.9 62.7 80.2 116.1 36.1 20.0 80.2 71.0 86.3 90.9 73.5 60.8 67.4 94.9 93.2 11.3 14.0 119.9 58.5
84.7 101.7 76.3 85.8 88.9 8.8 120.0 90.2 90.6 107.7 65.3 86.3 65.8 114.9 66.7 71.1 43.3 95.8 54.5 44.0 9.5 128.1 0.0 77.3 70.4 28.2 92.9 88.9 97.3 93.0 22.1 52.9 97.9 29.1 84.9 69.0 70.9 73.9 100.0 76.6 93.8 96.8 76.3 54.8 17.0 95.2 113.0 54.3 71.6 67.1 65.5 55.0 67.6 62.5 50.3 44.2 118.5 116.4 9.0 82.1
20.1 25.0 41.1 41.1 40.2 69.3 60.3 17.1 52.3 35.7 33.6 85.5 18.0 42.5 37.1 6.4 34.1 87.3 26.6 33.2 74.5 62.1 77.3 0.0 8.0 51.3 22.4 48.6 46.5 35.9 55.1 42.8 38.9 75.2 15.0 53.9 71.0 58.6 53.8 27.9 63.9 30.3 54.2 52.9 61.8 45.8 56.3 52.2 8.9 24.4 75.1 37.1 32.4 39.8 68.1 34.8 50.8 48.1 71.2 4.8
19.6 31.3 35.6 37.4 45.1 62.2 61.0 20.8 48.3 39.5 26.7 78.9 17.7 46.6 30.4 5.9 27.8 81.4 23.0 26.4 67.1 64.5 70.4 8.0 0.0 43.8 30.0 44.7 44.5 34.7 48.2 34.9 38.5 67.2 16.5 47.2 63.9 52.1 51.4 23.4 59.4 31.7 48.1 45.2 55.4 43.4 56.2 44.5 10.7 25.2 67.6 29.2 25.8 32.6 60.2 29.4 53.4 50.8 63.9 12.3
56.7 74.8 49.2 58.2 72.0 19.4 92.0 62.7 64.0 79.8 37.5 68.9 43.6 86.9 39.2 45.7 20.2 76.7 33.5 19.3 23.4 99.9 28.2 51.3 43.8 0.0 69.7 62.0 69.6 64.8 9.4 26.3 69.8 27.1 57.2 44.8 51.9 50.4 72.9 48.4 69.0 68.6 51.5 31.5 18.8 67.5 85.2 30.7 47.2 47.4 49.4 27.3 39.7 35.5 34.7 23.9 90.3 88.2 20.5 56.0
37.9 25.9 62.4 60.7 25.6 85.9 71.2 29.6 71.8 41.8 56.0 107.5 27.1 46.5 59.4 25.5 50.2 108.7 38.4 50.5 91.8 68.9 92.9 22.4 30.0 69.7 0.0 68.1 63.4 52.5 71.4 65.0 54.0 95.4 31.9 76.1 93.3 80.6 71.1 48.9 83.8 43.3 75.9 75.2 76.2 63.3 69.4 74.5 22.6 27.4 97.5 59.2 54.6 62.2 90.2 48.7 57.9 55.3 88.2 20.2
30.1 50.1 12.8 7.4 88.8 80.1 33.9 39.3 3.7 40.9 25.5 44.9 62.1 45.1 22.9 50.4 59.9 42.7 63.6 56.9 81.4 45.4 88.9 48.6 44.7 62.0 68.1 0.0 11.7 18.0 70.8 35.9 20.3 70.0 36.2 23.9 37.5 23.1 11.2 21.3 15.8 29.5 17.2 36.1 80.3 9.7 26.3 36.3 55.2 69.8 45.6 34.8 24.0 26.5 49.7 64.6 40.2 39.5 80.1 48.5
26.5 42.3 21.4 11.5 86.1 88.5 23.1 33.7 13.5 30.8 32.1 55.8 62.3 34.2 30.6 49.8 64.4 52.3 65.8 61.7 90.4 33.9 97.3 46.5 44.5 69.6 63.4 11.7 0.0 10.8 78.0 44.6 10.4 80.3 32.2 35.3 49.3 34.8 7.7 23.2 24.3 21.2 28.9 46.6 87.3 2.2 15.7 46.6 54.3 69.7 57.4 42.3 30.0 34.9 60.9 68.5 28.5 27.9 88.7 45.3
15.8 32.3 21.2 12.5 75.3 84.2 27.7 22.9 21.2 23.2 28.0 62.7 52.3 28.3 27.9 39.6 57.0 60.7 56.8 54.5 86.8 35.2 93.0 35.9 34.7 64.8 52.5 18.0 10.8 0.0 72.6 41.9 4.9 79.0 21.4 37.6 53.6 38.8 18.6 16.4 33.2 11.4 32.8 46.3 81.6 10.8 21.8 46.1 44.0 59.6 61.0 38.3 25.6 32.6 61.9 60.6 26.6 25.0 84.8 34.5
63.1 79.6 58.0 66.8 70.3 14.4 100.1 68.2 73.1 86.0 45.9 77.9 44.4 93.2 47.9 49.0 21.4 86.0 33.4 21.8 20.5 107.3 22.1 55.1 48.2 9.4 71.4 70.8 78.0 72.6 0.0 35.5 77.4 31.1 63.0 54.2 61.0 59.8 81.6 56.1 78.3 75.4 60.8 40.9 9.5 76.0 93.4 40.2 49.7 46.8 58.1 36.0 48.0 44.4 43.0 23.0 97.4 95.2 16.7 59.9
38.6 60.7 23.4 33.1 76.4 44.2 67.6 47.3 37.8 60.9 14.0 48.9 45.3 67.6 14.1 39.8 30.7 54.6 40.4 27.7 45.7 76.9 52.9 42.8 34.9 26.3 65.0 35.9 44.6 41.9 35.5 0.0 46.7 37.3 41.5 19.6 32.0 25.6 47.0 26.7 42.8 48.4 25.5 10.6 45.0 42.4 60.4 9.8 43.6 52.1 33.7 5.7 16.5 9.6 25.3 36.2 68.4 66.6 44.2 46.2
19.0 32.0 25.5 16.1 77.6 89.1 23.1 24.4 22.9 20.7 32.9 65.2 55.9 24.9 32.7 43.1 61.6 62.4 61.0 59.1 91.8 30.2 97.9 38.9 38.5 69.8 54.0 20.3 10.4 4.9 77.4 46.7 0.0 83.7 24.0 41.5 57.1 42.3 17.9 21.3 34.5 11.0 36.3 50.8 86.4 11.3 17.7 50.7 47.3 63.0 64.7 43.2 30.5 37.4 66.2 65.1 21.9 20.5 89.7 37.0
75.5 96.5 59.0 69.0 99.1 24.5 103.5 83.5 70.7 98.2 51.4 58.1 70.2 104.9 51.1 70.3 47.2 68.2 60.6 45.9 19.7 113.6 29.1 75.2 67.2 27.1 95.4 70.0 80.3 79.0 31.1 37.3 83.7 0.0 77.7 47.0 44.1 50.6 81.1 64.1 71.0 85.8 54.5 33.8 35.5 78.1 96.0 33.7 72.7 74.5 37.5 42.0 53.9 46.3 23.3 51.0 105.6 103.9 21.8 79.5
6.0 19.1 31.7 28.8 53.9 76.4 45.3 5.7 39.8 23.2 28.8 77.1 32.6 30.4 31.4 19.9 43.6 77.4 39.5 41.9 80.6 48.0 84.9 15.0 16.5 57.2 31.9 36.2 32.2 21.4 63.0 41.5 24.0 77.7 0.0 47.0 64.5 50.6 39.8 18.4 51.9 15.5 45.4 49.9 70.8 31.8 41.3 49.4 23.7 39.4 70.1 36.1 26.7 35.4 66.1 45.8 36.8 34.3 77.8 13.0
42.1 65.1 16.6 25.4 91.7 60.7 57.8 52.1 24.0 60.3 20.4 31.8 61.3 65.9 16.8 52.9 50.1 35.7 58.4 47.0 60.6 69.2 69.0 53.9 47.2 44.8 76.1 23.9 35.3 37.6 54.2 19.6 41.5 47.0 47.0 0.0 17.4 5.9 34.5 28.6 24.8 47.6 7.5 14.1 63.6 33.1 50.2 14.6 57.4 68.7 23.6 22.5 21.5 15.1 25.8 55.5 63.1 62.0 60.0 56.0
59.5 82.4 33.6 41.1 107.7 63.6 70.1 69.5 36.2 76.8 37.3 17.2 76.8 81.9 33.9 69.4 62.3 25.1 72.5 59.4 61.6 82.5 70.9 71.0 63.9 51.9 93.3 37.5 49.3 53.6 61.0 32.0 57.1 44.1 64.5 17.4 0.0 14.8 46.4 46.1 30.8 64.3 20.8 22.0 69.7 47.2 62.6 22.8 73.8 83.9 8.7 36.7 38.7 31.2 20.8 67.8 77.8 77.0 62.1 73.2
45.3 68.0 19.1 26.3 96.9 65.7 56.5 55.4 22.2 62.0 25.5 26.9 66.8 67.1 21.7 57.9 56.0 29.9 64.2 52.9 65.3 68.4 73.9 58.6 52.1 50.4 80.6 23.1 34.8 38.8 59.8 25.6 42.3 50.6 50.6 5.9 14.8 0.0 32.8 32.2 20.3 49.5 6.0 19.2 69.2 32.7 48.9 19.8 62.5 74.2 22.5 28.4 26.3 20.7 28.3 61.4 63.2 62.3 64.9 60.3
34.0 50.0 23.7 15.3 93.7 91.3 23.7 41.5 10.6 37.8 35.9 50.7 69.1 40.4 33.7 56.8 69.6 46.2 72.0 66.7 92.6 36.1 100.0 53.8 51.4 72.9 71.1 11.2 7.7 18.6 81.6 47.0 17.9 81.1 39.8 34.5 46.4 32.8 0.0 29.0 18.4 28.9 27.4 47.3 91.1 8.0 16.2 47.5 61.4 76.6 54.9 45.6 34.1 37.5 60.4 74.0 32.9 32.9 91.2 52.8
13.5 36.6 13.4 14.2 68.0 67.8 44.0 23.4 24.9 34.3 12.6 58.8 40.8 40.9 13.9 29.2 41.2 59.7 42.9 38.6 70.7 51.4 76.6 27.9 23.4 48.4 48.9 21.3 23.2 16.4 56.1 26.7 21.3 64.1 18.4 28.6 46.1 32.2 29.0 0.0 36.1 21.7 27.1 33.2 65.1 21.6 37.6 32.8 34.0 48.4 51.9 22.4 10.1 18.5 49.4 45.3 42.1 40.2 68.5 28.7
45.9 65.6 24.3 23.1 104.1 85.4 40.8 55.1 12.2 55.2 36.6 32.4 76.3 58.5 33.1 65.3 70.9 28.0 76.5 67.8 85.4 53.8 93.8 63.9 59.4 69.0 83.8 15.8 24.3 33.2 78.3 42.8 34.5 71.0 51.9 24.8 30.8 20.3 18.4 36.1 0.0 44.7 17.5 38.9 87.8 23.1 33.7 39.4 70.1 84.0 39.5 43.7 35.9 34.9 48.4 76.0 51.4 51.3 84.8 64.1
12.5 21.1 31.0 23.6 67.5 88.1 29.9 14.2 32.6 12.8 34.4 74.0 48.1 19.1 35.4 35.4 57.5 72.2 54.7 55.4 91.5 32.9 96.8 30.3 31.7 68.6 43.3 29.5 21.2 11.4 75.4 48.4 11.0 85.8 15.5 47.6 64.3 49.5 28.9 21.7 44.7 0.0 43.6 54.6 83.9 21.8 26.5 54.3 39.1 54.8 71.2 43.9 31.9 40.1 70.6 60.3 22.1 19.8 89.1 27.6
39.9 62.4 13.7 20.2 93.2 67.9 50.9 49.9 16.8 56.0 22.2 31.7 63.6 61.1 18.3 54.0 54.9 33.2 62.0 51.8 68.1 62.7 76.3 54.2 48.1 51.5 75.9 17.2 28.9 32.8 60.8 25.5 36.3 54.5 45.4 7.5 20.8 6.0 27.4 27.1 17.5 43.6 0.0 21.5 70.3 26.8 43.3 22.0 58.7 71.2 28.5 27.1 22.5 18.6 33.0 60.1 57.2 56.4 67.3 55.6
46.2 69.0 25.5 35.5 87.1 46.6 69.7 55.6 37.0 67.4 21.1 39.1 56.0 73.6 19.2 50.2 40.3 45.8 50.8 37.4 46.5 80.2 54.8 52.9 45.2 31.5 75.2 36.1 46.6 46.3 40.9 10.6 50.8 33.8 49.9 14.1 22.0 19.2 47.3 33.2 38.9 54.6 21.5 0.0 50.1 44.3 62.2 0.8 54.2 62.8 23.0 16.1 23.3 14.7 16.2 45.8 72.8 71.3 45.8 56.0
71.5 86.6 67.4 76.1 71.9 12.7 109.2 75.9 82.6 94.0 55.3 86.4 49.1 101.2 57.4 55.5 27.7 94.8 37.8 29.0 19.7 116.1 17.0 61.8 55.4 18.8 76.2 80.3 87.3 81.6 9.5 45.0 86.4 35.5 70.8 63.6 69.7 69.2 91.1 65.1 87.8 83.9 70.3 50.1 0.0 85.3 102.6 49.4 55.5 50.1 66.2 45.5 57.3 53.9 50.8 27.6 105.9 103.7 15.8 66.6
25.9 42.9 19.2 9.3 85.7 86.4 25.4 33.7 11.8 32.1 30.0 54.1 61.2 35.8 28.5 48.8 62.7 51.0 64.5 60.0 88.2 36.1 95.2 45.8 43.4 67.5 63.3 9.7 2.2 10.8 76.0 42.4 11.3 78.1 31.8 33.1 47.2 32.7 8.0 21.6 23.1 21.8 26.8 44.3 85.3 0.0 17.9 44.4 53.4 68.7 55.3 40.2 28.0 32.8 58.7 66.9 30.5 29.8 86.6 44.8
36.6 44.9 37.2 27.2 93.9 104.2 7.6 40.7 26.6 29.8 47.6 66.2 73.6 29.7 46.3 60.8 78.7 60.6 78.6 76.1 106.2 20.0 113.0 56.3 56.2 85.2 69.4 26.3 15.7 21.8 93.4 60.4 17.7 96.0 41.3 50.2 62.6 48.9 16.2 37.6 33.7 26.5 43.3 62.2 102.6 17.9 0.0 62.3 64.9 80.6 71.1 57.9 45.4 50.7 76.1 82.5 19.2 20.2 104.4 54.0
45.8 68.5 25.4 35.5 86.3 46.0 69.8 55.1 37.3 67.1 20.6 40.0 55.2 73.4 18.9 49.5 39.5 46.6 50.0 36.5 46.1 80.2 54.3 52.2 44.5 30.7 74.5 36.3 46.6 46.1 40.2 9.8 50.7 33.7 49.4 14.6 22.8 19.8 47.5 32.8 39.4 54.3 22.0 0.8 49.4 44.4 62.3 0.0 53.4 61.9 23.8 15.4 22.9 14.3 16.6 44.9 72.7 71.2 45.3 55.4
28.3 32.8 46.3 47.9 34.5 64.1 69.0 26.0 58.9 44.5 37.0 89.2 9.1 51.2 40.7 4.7 28.3 92.0 18.7 28.1 69.7 71.0 71.6 8.9 10.7 47.2 22.6 55.2 54.3 44.0 49.7 43.6 47.3 72.7 23.7 57.4 73.8 62.5 61.4 34.0 70.1 39.1 58.7 54.2 55.5 53.4 64.9 53.4 0.0 15.6 77.0 38.0 36.3 42.6 68.4 27.9 59.7 57.0 66.2 12.9
44.0 46.1 59.8 62.6 25.0 60.9 84.7 41.3 73.3 59.3 48.9 100.2 7.6 65.7 52.8 19.9 27.2 104.1 13.9 28.8 67.3 86.3 67.1 24.4 25.2 47.4 27.4 69.8 69.7 59.6 46.8 52.1 63.0 74.5 39.4 68.7 83.9 74.2 76.6 48.4 84.0 54.8 71.2 62.8 50.1 68.7 80.6 61.9 15.6 0.0 85.8 47.2 48.8 53.6 75.0 23.9 74.9 72.2 63.5 27.8
65.4 88.5 40.2 48.6 110.2 58.8 78.6 75.3 44.5 83.9 41.8 20.7 79.1 89.3 38.8 72.9 62.4 30.7 73.6 59.6 56.1 90.9 65.5 75.1 67.6 49.4 97.5 45.6 57.4 61.0 58.1 33.7 64.7 37.5 70.1 23.6 8.7 22.5 54.9 51.9 39.5 71.2 28.5 23.0 66.2 55.3 71.1 23.8 77.0 85.8 0.0 39.1 43.5 35.3 15.4 67.8 85.8 84.9 57.0 77.8
33.5 55.2 21.9 30.9 71.2 46.2 64.9 41.9 37.1 56.2 10.3 53.2 40.2 63.0 11.8 34.1 27.7 58.1 36.1 24.6 48.5 73.5 55.0 37.1 29.2 27.3 59.2 34.8 42.3 38.3 36.0 5.7 43.2 42.0 36.1 22.5 36.7 28.4 45.6 22.4 43.7 43.9 27.1 16.1 45.5 40.2 57.9 15.4 38.0 47.2 39.1 0.0 12.7 8.8 31.0 33.0 64.5 62.7 46.6 40.5
22.8 45.7 11.7 18.8 70.8 58.8 52.3 32.3 27.0 44.5 2.5 53.1 41.2 51.1 4.8 31.6 35.9 55.7 40.6 32.9 61.3 60.8 67.6 32.4 25.8 39.7 54.6 24.0 30.0 25.6 48.0 16.5 30.5 53.9 26.7 21.5 38.7 26.3 34.1 10.1 35.9 31.9 22.5 23.3 57.3 28.0 45.4 22.9 36.3 48.8 43.5 12.7 0.0 8.6 39.6 40.6 51.9 50.1 59.3 34.5
31.5 54.3 13.8 23.4 76.7 53.8 58.0 40.9 28.6 52.8 6.5 46.8 46.2 59.2 4.7 38.2 36.3 50.7 43.6 33.2 55.4 67.4 62.5 39.8 32.6 35.5 62.2 26.5 34.9 32.6 44.4 9.6 37.4 46.3 35.4 15.1 31.2 20.7 37.5 18.5 34.9 40.1 18.6 14.7 53.9 32.8 50.7 14.3 42.6 53.6 35.3 8.8 8.6 0.0 30.9 41.5 59.3 57.6 53.8 42.4
62.4 85.2 40.7 50.4 99.9 43.4 83.7 71.7 49.8 83.4 37.3 36.1 68.9 89.6 35.4 64.8 49.8 45.5 62.0 47.3 40.9 94.9 50.3 68.1 60.2 34.7 90.2 49.7 60.9 61.9 43.0 25.3 66.2 23.3 66.1 25.8 20.8 28.3 60.4 49.4 48.4 70.6 33.0 16.2 50.8 58.7 76.1 16.6 68.4 75.0 15.4 31.0 39.6 30.9 0.0 54.9 88.1 86.8 41.6 71.5
47.8 59.9 52.3 58.6 48.1 37.3 88.2 50.2 67.6 68.9 39.5 84.9 21.6 76.0 42.9 28.4 5.4 90.8 10.4 8.4 43.5 93.2 44.2 34.8 29.4 23.9 48.7 64.6 68.5 60.6 23.0 36.2 65.1 51.0 45.8 55.5 67.8 61.4 74.0 45.3 76.0 60.3 60.1 45.8 27.6 66.9 82.5 44.9 27.9 23.9 67.8 33.0 40.6 41.5 54.9 0.0 82.4 79.9 39.8 39.6
34.7 32.0 47.4 37.7 83.5 109.7 16.0 33.6 41.9 16.1 54.4 83.7 68.9 12.3 54.5 56.5 79.7 79.0 76.3 77.6 112.9 11.3 118.5 50.8 53.4 90.3 57.9 40.2 28.5 26.6 97.4 68.4 21.9 105.6 36.8 63.1 77.8 63.2 32.9 42.1 51.4 22.1 57.2 72.8 105.9 30.5 19.2 72.7 59.7 74.9 85.8 64.5 51.9 59.3 88.1 82.4 0.0 2.6 110.6 47.1
32.3 29.4 46.1 36.6 80.9 107.6 17.8 31.0 41.4 13.5 52.6 83.5 66.2 10.1 52.8 53.9 77.3 79.1 73.8 75.2 110.8 14.0 116.4 48.1 50.8 88.2 55.3 39.5 27.9 25.0 95.2 66.6 20.5 103.9 34.3 62.0 77.0 62.3 32.9 40.2 51.3 19.8 56.4 71.3 103.7 29.8 20.2 71.2 57.0 72.2 84.9 62.7 50.1 57.6 86.8 79.9 2.6 0.0 108.5 44.4
77.2 95.2 67.6 77.2 86.5 3.1 111.5 83.2 81.7 100.3 56.9 77.7 61.2 107.4 58.1 65.3 38.0 87.1 50.2 38.1 3.9 119.9 9.0 71.2 63.9 20.5 88.2 80.1 88.7 84.8 16.7 44.2 89.7 21.8 77.8 60.0 62.1 64.9 91.2 68.5 84.8 89.1 67.3 45.8 15.8 86.6 104.4 45.3 66.2 63.5 57.0 46.6 59.3 53.8 41.6 39.8 110.6 108.5 0.0 75.9
18.8 20.3 42.2 41.1 40.8 74.1 57.4 13.6 52.2 31.6 36.0 87.2 22.0 38.2 39.3 11.2 38.9 88.5 31.2 38.0 79.2 58.5 82.1 4.8 12.3 56.0 20.2 48.5 45.3 34.5 59.9 46.2 37.0 79.5 13.0 56.0 73.2 60.3 52.8 28.7 64.1 27.6 55.6 56.0 66.6 44.8 54.0 55.4 12.9 27.8 77.8 40.5 34.5 42.4 71.5 39.6 47.1 44.4 75.9 0.0
0         1197     
15        42       
403       419      
509       520      
109       132      
295       334      
608       627      
4         26       
472       497      
548       563      
392       409      
815       840      
148       160      
582       598      
391       404      
55        65       
182       216      
854       878      
181       200      
344       352      
251       258      
603       624      
257       278      
49        75       
55        88       
277       303      
98        109      
664       698      
521       530      
530       545      
217       231      
371       388      
650       677      
1105      1121     
26        61       
449       475      
796       812      
739       764      
493       508      
698       702      
772       775      
540       554      
464       483      
446       459      
227       256      
492       520      
930       947      
726       736      
162       178      
1007      1030     
829       857      
428       437      
402       426      
386       399      
1070      1097     
197       210      
623       642      
557       594      
237       260      
72        86       
