60
0.0 67.2 4.8 34.0 71.9 106.8 47.6 80.6 100.0 44.7 77.8 117.7 111.8 60.1 66.8 71.1 75.1 10.3 21.0 88.8 48.5 52.2 34.6 119.4 44.4 36.1 117.9 31.3 57.6 10.0 52.4 102.7 74.3 3.4 48.3 70.0 103.9 89.3 29.0 41.6 81.1 57.8 42.1 13.2 87.7 92.2 71.5 84.2 94.1 16.3 48.7 93.7 45.9 41.4 99.6 61.9 83.4 108.2 105.5 79.7
67.2 0.0 71.9 33.2 44.5 57.8 45.8 16.2 35.0 23.2 28.9 62.2 53.6 23.4 7.8 39.1 64.9 63.4 58.7 43.3 26.0 16.3 51.3 73.8 28.0 37.4 64.1 41.5 10.7 67.3 35.1 61.3 80.7 63.8 60.2 4.6 48.2 60.1 38.2 33.5 13.9 19.0 33.4 54.2 22.4 33.1 4.3 19.2 32.7 58.1 18.4 28.7 26.1 49.4 44.9 16.3 63.6 56.8 68.8 75.5
4.8 71.9 0.0 38.7 75.1 110.4 50.4 85.4 104.5 49.3 82.6 121.6 115.9 64.2 71.6 74.5 77.1 13.8 23.0 92.5 53.3 57.0 37.1 122.7 48.6 40.8 121.7 35.1 62.4 10.3 55.9 106.0 75.1 8.2 49.9 74.7 107.9 92.1 33.7 45.5 85.8 62.1 46.0 17.8 92.3 96.5 76.2 89.0 98.9 19.0 53.4 98.2 50.7 44.0 103.6 66.7 85.8 111.9 108.4 81.1
34.0 33.2 38.7 0.0 48.4 78.0 31.4 47.3 66.4 11.1 48.4 87.0 80.1 29.9 33.5 45.4 60.5 31.3 28.3 60.3 20.2 19.1 27.3 92.4 14.7 16.0 87.8 14.2 24.0 34.5 28.2 76.6 69.0 30.6 42.1 36.2 72.8 67.2 5.0 16.2 47.0 26.0 16.7 21.0 53.9 59.8 37.5 50.8 61.9 26.3 14.7 60.0 16.8 29.9 68.6 30.5 65.0 78.7 81.4 68.9
71.9 44.5 75.1 48.4 0.0 37.1 25.0 58.0 50.4 40.6 73.4 50.7 48.2 22.6 52.0 5.6 21.7 74.7 52.8 21.1 59.7 49.5 38.5 47.7 33.7 63.3 49.6 41.5 47.8 65.8 20.5 30.9 40.6 69.4 33.3 48.9 39.5 18.8 50.2 32.9 48.9 28.1 32.3 60.3 44.6 36.4 45.5 59.5 73.7 56.1 43.3 46.8 57.3 31.9 35.6 58.2 19.1 39.6 33.7 32.5
106.8 57.8 110.4 78.0 37.1 0.0 61.7 62.9 36.9 67.7 82.6 14.9 18.0 48.1 65.1 36.1 50.2 107.9 89.0 17.9 81.8 70.8 75.1 16.0 63.8 90.0 12.8 75.5 66.5 101.7 54.4 12.0 69.7 104.0 70.2 60.1 13.4 28.8 81.4 65.4 52.3 52.2 64.9 94.2 41.7 26.8 55.8 62.3 73.3 91.7 67.5 38.4 80.7 68.7 14.3 74.1 39.8 4.1 20.2 58.2
47.6 45.8 50.4 31.4 25.0 61.7 0.0 62.0 66.4 29.2 71.6 74.5 70.6 24.5 51.1 25.7 29.7 51.7 27.8 44.5 48.9 41.9 13.5 72.8 20.7 47.5 73.9 19.7 43.3 40.9 11.3 55.9 38.1 45.4 14.4 50.4 62.0 41.7 31.1 16.1 56.1 27.1 15.7 37.0 56.8 54.4 48.8 64.6 78.5 31.4 34.4 61.2 45.8 6.9 57.8 53.5 36.3 63.9 58.0 37.5
80.6 16.2 85.4 47.3 58.0 62.9 62.0 0.0 31.3 38.5 19.8 63.5 54.0 38.8 13.7 52.4 79.3 75.6 74.2 51.8 34.3 28.4 67.5 78.9 44.1 47.4 66.2 57.2 23.2 81.9 51.1 69.0 96.1 77.2 76.4 11.8 51.0 71.5 52.4 49.7 10.7 35.0 49.6 68.1 21.4 36.1 13.2 3.5 16.5 73.2 33.1 26.3 35.9 65.7 48.7 20.4 76.6 60.9 77.4 90.1
100.0 35.0 104.5 66.4 50.4 36.9 66.4 31.3 0.0 55.3 50.7 33.3 23.6 42.9 39.6 45.5 71.4 97.6 87.8 33.8 60.8 51.4 76.8 51.6 56.5 72.5 36.6 70.9 45.7 98.4 55.4 46.4 91.0 96.7 79.6 34.5 23.5 55.8 71.1 60.8 22.8 43.1 60.5 86.8 12.7 14.3 31.1 29.3 37.4 88.5 52.1 6.3 61.1 72.4 23.1 48.8 64.5 33.7 55.4 81.7
44.7 23.2 49.3 11.1 40.6 67.7 29.2 38.5 55.3 0.0 43.5 76.1 69.1 19.9 25.3 36.9 55.9 42.5 35.7 50.1 20.1 12.9 30.1 82.4 8.5 22.9 77.1 18.7 15.9 44.1 22.2 67.0 67.2 41.4 42.4 26.8 61.9 59.3 15.7 13.4 36.8 15.4 13.7 31.5 43.0 48.7 27.4 41.8 54.1 34.9 5.7 49.0 17.2 30.2 57.8 25.0 58.6 68.1 72.5 65.3
77.8 28.9 82.6 48.4 73.4 82.6 71.6 19.8 50.7 43.5 0.0 83.3 73.8 51.8 21.5 68.0 93.5 70.7 76.7 70.4 29.5 30.6 73.6 98.6 51.3 41.8 86.1 61.4 28.3 81.5 62.0 88.1 108.4 74.6 85.5 24.7 70.9 88.7 53.0 56.7 30.3 46.8 56.8 67.0 41.2 55.9 28.5 21.4 20.1 74.4 37.7 46.1 32.5 73.6 68.5 18.4 92.5 80.7 96.2 104.0
117.7 62.2 121.6 87.0 50.7 14.9 74.5 63.5 33.3 76.1 83.3 0.0 9.6 57.7 68.7 48.8 65.2 117.8 101.0 29.9 87.7 77.0 87.5 21.4 73.7 97.3 4.0 86.4 72.0 113.5 66.1 26.5 84.7 114.7 84.0 63.5 14.3 43.8 90.9 76.1 53.5 60.9 75.6 104.8 42.2 29.1 59.3 62.0 70.7 103.4 75.0 37.2 87.1 81.4 18.3 78.0 54.8 11.3 33.6 73.1
111.8 53.6 115.9 80.1 48.2 18.0 70.6 54.0 23.6 69.1 73.8 9.6 0.0 51.7 59.8 45.4 65.3 111.3 96.2 27.1 79.4 68.9 83.1 29.4 67.4 89.5 13.0 80.8 63.7 108.2 61.3 29.9 85.2 108.7 81.4 54.6 8.7 45.1 84.2 70.4 44.2 54.3 69.9 98.7 32.9 20.7 50.5 52.4 61.1 98.1 67.4 27.7 79.0 77.4 12.8 69.2 55.8 13.8 38.2 74.2
60.1 23.4 64.2 29.9 22.6 48.1 24.5 38.8 42.9 19.9 51.8 57.7 51.7 0.0 30.3 17.9 41.7 60.1 45.3 30.4 37.4 27.0 33.8 62.5 15.9 42.8 58.2 29.2 25.2 56.8 13.1 47.1 57.3 57.0 38.7 28.1 43.7 40.4 33.3 18.7 31.8 5.5 18.3 47.1 32.5 32.6 25.5 41.1 55.2 46.7 21.3 37.2 35.4 29.7 39.5 35.7 41.6 48.9 52.7 52.2
66.8 7.8 71.6 33.5 52.0 65.1 51.1 13.7 39.6 25.3 21.5 68.7 59.8 30.3 0.0 46.6 72.0 62.0 60.8 51.0 21.6 14.6 55.0 81.2 31.8 34.3 70.9 44.0 9.5 68.1 41.0 69.0 87.2 63.4 65.4 5.2 55.0 67.9 38.6 37.4 16.9 25.4 37.4 54.3 27.4 39.7 9.4 17.3 28.8 59.6 19.7 33.6 22.6 54.0 51.9 9.3 71.1 64.0 76.6 82.5
71.1 39.1 74.5 45.4 5.6 36.1 25.7 52.4 45.5 36.9 68.0 48.8 45.4 17.9 46.6 0.0 27.3 73.2 52.8 18.8 55.3 44.9 38.9 48.3 30.6 59.8 48.1 40.1 42.9 65.7 18.7 31.8 45.9 68.4 36.0 43.4 36.6 22.5 47.8 30.7 43.2 23.4 30.1 59.0 39.2 31.8 39.9 53.9 68.0 55.7 39.0 41.6 53.1 32.6 32.6 53.1 24.5 38.2 35.9 38.1
75.1 64.9 77.1 60.5 21.7 50.2 29.7 79.3 71.4 55.9 93.5 65.2 65.3 41.7 72.0 27.3 0.0 80.6 54.1 39.1 75.9 67.0 40.7 55.3 47.6 76.6 63.0 49.5 66.5 66.8 33.6 40.0 20.0 73.4 27.5 69.5 57.0 21.9 60.7 44.4 70.5 46.9 43.9 66.0 66.4 57.1 66.4 81.0 95.2 58.7 60.0 68.2 73.1 34.3 53.7 77.1 11.2 53.9 37.5 10.7
10.3 63.4 13.8 31.3 74.7 107.9 51.7 75.6 97.6 42.5 70.7 117.8 111.3 60.1 62.0 73.2 80.6 0.0 27.9 89.9 42.1 47.6 39.9 121.4 44.2 29.0 118.4 33.2 53.2 19.7 54.4 105.0 81.9 9.0 54.9 65.7 103.7 92.8 27.0 42.6 77.3 57.0 43.1 14.6 85.0 91.1 67.7 79.1 88.0 22.8 45.5 91.2 39.9 46.3 99.5 55.9 88.0 109.0 108.5 86.2
21.0 58.7 23.0 28.3 52.8 89.0 27.8 74.2 87.8 35.7 76.7 101.0 96.2 45.3 60.8 52.8 54.1 27.9 0.0 71.4 48.0 47.0 14.3 100.6 31.6 39.3 100.8 17.3 51.3 13.1 34.9 83.8 53.9 19.7 27.3 62.5 87.8 69.3 23.8 26.9 71.9 44.7 27.2 15.4 76.3 77.9 62.8 77.5 89.6 5.1 41.1 81.8 44.7 21.1 83.5 58.7 62.7 90.9 85.7 58.7
88.8 43.3 92.5 60.3 21.1 17.9 44.5 51.8 33.8 50.1 70.4 29.9 27.1 30.4 51.0 18.8 39.1 89.9 71.4 0.0 65.5 54.5 57.6 32.2 45.9 72.8 29.4 57.5 50.7 84.0 36.6 18.0 59.1 86.0 54.4 46.4 18.5 22.0 63.5 47.4 41.2 34.8 46.9 76.3 32.8 19.7 42.2 52.1 65.0 74.0 50.5 32.2 64.1 51.4 14.8 59.4 31.0 19.5 25.7 48.8
48.5 26.0 53.3 20.2 59.7 81.8 48.9 34.3 60.8 20.1 29.5 87.7 79.4 37.4 21.6 55.3 75.9 42.1 48.0 65.5 0.0 11.0 47.2 97.4 28.5 13.2 89.4 34.2 15.6 52.0 42.3 83.3 87.1 45.2 61.3 26.3 73.5 77.9 24.1 32.8 38.4 32.0 33.2 37.4 48.2 58.7 29.6 37.8 45.9 45.2 16.3 54.5 3.3 48.9 69.9 14.0 78.2 81.4 89.7 85.4
52.2 16.3 57.0 19.1 49.5 70.8 41.9 28.4 51.4 12.9 30.6 77.0 68.9 27.0 14.6 44.9 67.0 47.6 47.0 54.5 11.0 0.0 42.9 86.4 21.1 21.1 78.5 30.9 5.7 53.6 33.6 72.3 79.6 48.7 55.3 18.1 62.7 67.4 24.1 26.3 29.9 21.4 26.5 39.7 38.7 48.1 20.4 31.9 42.8 45.3 7.4 45.0 10.1 43.2 59.0 12.1 68.3 70.5 78.8 76.8
34.6 51.3 37.1 27.3 38.5 75.1 13.5 67.5 76.8 30.1 73.6 87.5 83.1 33.8 55.0 38.9 40.7 39.9 14.3 57.6 47.2 42.9 0.0 86.3 23.3 42.1 87.0 13.0 46.0 27.4 21.9 69.5 43.7 32.7 16.0 55.6 74.6 54.9 24.8 17.7 63.4 34.5 17.8 25.5 66.1 65.8 55.0 70.5 83.6 18.3 35.9 71.1 43.9 6.8 70.4 55.1 48.7 77.1 71.4 46.5
119.4 73.8 122.7 92.4 47.7 16.0 72.8 78.9 51.6 82.4 98.6 21.4 29.4 62.5 81.2 48.3 55.3 121.4 100.6 32.2 97.4 86.4 86.3 0.0 77.8 105.0 17.3 88.4 82.3 113.6 67.1 16.8 73.0 116.8 79.0 76.2 28.3 33.7 95.4 78.8 68.3 67.1 78.2 107.3 57.6 42.7 71.9 78.1 88.7 103.8 82.7 53.9 96.2 79.6 30.1 90.1 44.0 18.0 18.0 60.8
44.4 28.0 48.6 14.7 33.7 63.8 20.7 44.1 56.5 8.5 51.3 73.7 67.4 15.9 31.8 30.6 47.6 44.2 31.6 45.9 28.5 21.1 23.3 77.8 0.0 29.7 74.2 14.4 23.1 41.9 14.1 61.9 58.7 41.3 34.2 32.2 59.6 52.5 17.5 5.6 40.6 13.5 5.6 31.2 44.8 47.8 31.8 47.2 60.3 32.0 13.7 50.4 25.6 22.3 55.4 33.0 50.9 64.8 66.6 56.8
36.1 37.4 40.8 16.0 63.3 90.0 47.5 47.4 72.5 22.9 41.8 97.3 89.5 42.8 34.3 59.8 76.6 29.0 39.3 72.8 13.2 21.1 42.1 105.0 29.7 0.0 98.6 29.3 26.7 40.8 43.7 89.9 84.8 32.9 57.6 38.6 83.0 82.1 17.3 32.1 50.6 38.0 32.6 26.4 59.8 68.8 41.4 50.9 59.1 35.6 22.4 66.1 11.6 45.6 79.1 27.2 80.6 90.1 95.5 85.0
117.9 64.1 121.7 87.8 49.6 12.8 73.9 66.2 36.6 77.1 86.1 4.0 13.0 58.2 70.9 48.1 63.0 118.4 100.8 29.4 89.4 78.5 87.0 17.3 74.2 98.6 0.0 86.6 73.8 113.3 65.9 23.7 82.4 115.0 82.9 65.7 15.8 41.4 91.5 76.3 56.1 61.7 75.8 105.1 44.9 31.1 61.5 64.9 74.1 103.3 76.2 40.1 88.6 80.8 19.5 80.2 52.4 9.9 30.2 70.6
31.3 41.5 35.1 14.2 41.5 75.5 19.7 57.2 70.9 18.7 61.4 86.4 80.8 29.2 44.0 40.1 49.5 33.2 17.3 57.5 34.2 30.9 13.0 88.4 14.4 29.3 86.6 0.0 34.6 27.7 21.3 71.9 55.7 28.4 28.3 45.4 72.7 59.8 12.0 10.4 54.6 27.8 10.8 18.8 59.2 61.7 45.5 60.4 72.9 17.6 24.4 64.8 30.9 16.4 68.4 43.0 55.6 76.9 75.3 56.8
57.6 10.7 62.4 24.0 47.8 66.5 43.3 23.2 45.7 15.9 28.3 72.0 63.7 25.2 9.5 42.9 66.5 53.2 51.3 50.7 15.6 5.7 46.0 82.3 23.1 26.7 73.8 34.6 0.0 58.6 33.9 68.7 80.3 54.2 57.2 12.4 57.9 65.1 29.1 28.6 24.1 19.8 28.7 44.9 33.1 43.0 14.7 26.7 38.3 50.0 10.2 39.4 15.4 45.4 54.3 10.6 66.9 66.0 75.6 76.7
10.0 67.3 10.3 34.5 65.8 101.7 40.9 81.9 98.4 44.1 81.5 113.5 108.2 56.8 68.1 65.7 66.8 19.7 13.1 84.0 52.0 53.6 27.4 113.6 41.9 40.8 113.3 27.7 58.6 0.0 47.4 96.8 64.8 10.7 39.5 70.6 100.0 82.4 29.5 38.0 81.0 55.4 38.4 14.5 86.5 89.4 71.5 85.3 96.3 10.1 48.9 92.2 49.0 34.2 95.7 64.4 75.7 103.5 98.8 70.7
52.4 35.1 55.9 28.2 20.5 54.4 11.3 51.1 55.4 22.2 62.0 66.1 61.3 13.1 41.0 18.7 33.6 54.4 34.9 36.6 42.3 33.6 21.9 67.1 14.1 43.7 65.9 21.3 33.9 47.4 0.0 50.5 46.4 49.7 25.6 39.7 52.9 39.2 29.7 12.3 44.8 16.0 11.8 40.2 45.5 43.9 37.8 53.6 67.6 37.3 26.4 50.0 39.5 16.9 48.6 44.5 36.8 56.1 54.2 43.2
102.7 61.3 106.0 76.6 30.9 12.0 55.9 69.0 46.4 67.0 88.1 26.5 29.9 47.1 69.0 31.8 40.0 105.0 83.8 18.0 83.3 72.3 69.5 16.8 61.9 89.9 23.7 71.9 68.7 96.8 50.5 0.0 58.9 100.1 62.5 64.3 24.0 18.1 79.3 62.4 58.3 52.0 61.9 90.8 48.8 34.1 60.1 68.9 81.1 87.0 67.9 46.7 81.7 62.8 23.3 77.4 29.1 16.2 8.9 47.0
74.3 80.7 75.1 69.0 40.6 69.7 38.1 96.1 91.0 67.2 108.4 84.7 85.2 57.3 87.2 45.9 20.0 81.9 53.9 59.1 87.1 79.6 43.7 73.0 58.7 84.8 82.4 55.7 80.3 64.8 46.4 58.9 0.0 73.5 27.7 85.4 77.0 40.9 67.7 54.2 88.1 61.8 53.8 68.4 85.1 76.8 82.9 98.1 112.4 59.1 72.2 87.4 83.9 39.2 73.7 90.9 29.9 73.5 55.0 12.1
3.4 63.8 8.2 30.6 69.4 104.0 45.4 77.2 96.7 41.4 74.6 114.7 108.7 57.0 63.4 68.4 73.4 9.0 19.7 86.0 45.2 48.7 32.7 116.8 41.3 32.9 115.0 28.4 54.2 10.7 49.7 100.1 73.5 0.0 47.0 66.5 100.8 87.0 25.7 38.6 77.6 54.7 39.1 10.0 84.4 89.1 68.1 80.7 90.7 14.7 45.3 90.4 42.5 39.4 96.6 58.5 81.4 105.3 103.1 78.4
48.3 60.2 49.9 42.1 33.3 70.2 14.4 76.4 79.6 42.4 85.5 84.0 81.4 38.7 65.4 36.0 27.5 54.9 27.3 54.4 61.3 55.3 16.0 79.0 34.2 57.6 82.9 28.3 57.2 39.5 25.6 62.5 27.7 47.0 0.0 64.8 72.6 45.7 40.3 28.9 70.4 41.5 28.7 41.0 70.7 66.9 63.3 79.1 92.9 32.3 47.9 74.7 58.0 12.3 68.6 67.2 37.4 73.0 62.5 31.3
70.0 4.6 74.7 36.2 48.9 60.1 50.4 11.8 34.5 26.8 24.7 63.5 54.6 28.1 5.2 43.4 69.5 65.7 62.5 46.4 26.3 18.1 55.6 76.2 32.2 38.6 65.7 45.4 12.4 70.6 39.7 64.3 85.4 66.5 64.8 0.0 49.8 64.0 41.2 37.8 12.0 23.7 37.8 57.1 22.2 34.5 4.3 15.0 28.1 61.7 21.6 28.4 27.0 53.9 46.7 14.6 67.9 58.9 72.1 80.1
103.9 48.2 107.9 72.8 39.5 13.4 62.0 51.0 23.5 61.9 70.9 14.3 8.7 43.7 55.0 36.6 57.0 103.7 87.8 18.5 73.5 62.7 74.6 28.3 59.6 83.0 15.8 72.7 57.9 100.0 52.9 24.0 77.0 100.8 72.6 49.8 0.0 37.4 76.7 62.3 40.6 46.7 61.8 90.8 29.6 15.3 45.6 50.0 60.3 89.9 60.7 25.6 72.9 68.8 4.2 64.3 47.8 10.3 32.9 66.2
89.3 60.1 92.1 67.2 18.8 28.8 41.7 71.5 55.8 59.3 88.7 43.8 45.1 40.4 67.9 22.5 21.9 92.8 69.3 22.0 77.9 67.4 54.9 33.7 52.5 82.1 41.4 59.8 65.1 82.4 39.2 18.1 40.9 87.0 45.7 64.0 37.4 0.0 68.9 51.6 61.3 45.9 51.0 78.3 54.2 41.7 60.2 72.2 85.8 73.1 61.6 54.2 75.7 48.1 35.0 75.0 11.0 32.7 16.7 29.3
29.0 38.2 33.7 5.0 50.2 81.4 31.1 52.4 71.1 15.7 53.0 90.9 84.2 33.3 38.6 47.8 60.7 27.0 23.8 63.5 24.1 24.1 24.8 95.4 17.5 17.3 91.5 12.0 29.1 29.5 29.7 79.3 67.7 25.7 40.3 41.2 76.7 68.9 0.0 17.3 52.1 29.9 17.9 15.9 58.7 64.1 42.5 55.8 66.9 21.4 19.7 64.8 20.8 28.4 72.5 35.2 66.0 82.2 83.7 68.6
41.6 33.5 45.5 16.2 32.9 65.4 16.1 49.7 60.8 13.4 56.7 76.1 70.4 18.7 37.4 30.7 44.4 42.6 26.9 47.4 32.8 26.3 17.7 78.8 5.6 32.1 76.3 10.4 28.6 38.0 12.3 62.4 54.2 38.6 28.9 37.8 62.3 51.6 17.3 0.0 45.8 17.7 0.5 28.8 49.5 51.3 37.2 52.7 65.9 27.9 19.0 54.8 29.7 16.8 58.0 38.3 48.8 66.7 66.5 53.1
81.1 13.9 85.8 47.0 48.9 52.3 56.1 10.7 22.8 36.8 30.3 53.5 44.2 31.8 16.9 43.2 70.5 77.3 71.9 41.2 38.4 29.9 63.4 68.3 40.6 50.6 56.1 54.6 24.1 81.0 44.8 58.3 88.1 77.6 70.4 12.0 40.6 61.3 52.1 45.8 0.0 29.2 45.7 68.0 11.2 25.5 9.6 10.9 24.8 71.6 32.3 17.0 39.1 60.6 38.1 26.0 66.9 50.4 66.7 81.3
57.8 19.0 62.1 26.0 28.1 52.2 27.1 35.0 43.1 15.4 46.8 60.9 54.3 5.5 25.4 23.4 46.9 57.0 44.7 34.8 32.0 21.4 34.5 67.1 13.5 38.0 61.7 27.8 19.8 55.4 16.0 52.0 61.8 54.7 41.5 23.7 46.7 45.9 29.9 17.7 29.2 0.0 17.4 44.6 31.7 34.4 21.8 37.5 51.5 45.4 16.0 37.1 30.0 31.4 42.6 30.3 47.1 52.7 57.9 57.2
42.1 33.4 46.0 16.7 32.3 64.9 15.7 49.6 60.5 13.7 56.8 75.6 69.9 18.3 37.4 30.1 43.9 43.1 27.2 46.9 33.2 26.5 17.8 78.2 5.6 32.6 75.8 10.8 28.7 38.4 11.8 61.9 53.8 39.1 28.7 37.8 61.8 51.0 17.9 0.5 45.7 17.4 0.0 29.3 49.2 50.9 37.1 52.6 65.9 28.4 19.2 54.5 30.1 16.7 57.5 38.5 48.3 66.2 65.9 52.7
13.2 54.2 17.8 21.0 60.3 94.2 37.0 68.1 86.8 31.5 67.0 104.8 98.7 47.1 54.3 59.0 66.0 14.6 15.4 76.3 37.4 39.7 25.5 107.3 31.2 26.4 105.1 18.8 44.9 14.5 40.2 90.8 68.4 10.0 41.0 57.1 90.8 78.3 15.9 28.8 68.0 44.6 29.3 0.0 74.5 79.0 58.5 71.6 82.2 10.5 35.7 80.5 34.5 31.7 86.6 50.1 73.3 95.5 94.1 72.0
87.7 22.4 92.3 53.9 44.6 41.7 56.8 21.4 12.7 43.0 41.2 42.2 32.9 32.5 27.4 39.2 66.4 85.0 76.3 32.8 48.2 38.7 66.1 57.6 44.8 59.8 44.9 59.2 33.1 86.5 45.5 48.8 85.1 84.4 70.7 22.2 29.6 54.2 58.7 49.5 11.2 31.7 49.2 74.5 0.0 14.9 18.5 20.5 32.2 76.8 39.5 6.3 48.5 62.3 27.4 36.7 61.2 39.6 57.5 77.1
92.2 33.1 96.5 59.8 36.4 26.8 54.4 36.1 14.3 48.7 55.9 29.1 20.7 32.6 39.7 31.8 57.1 91.1 77.9 19.7 58.7 48.1 65.8 42.7 47.8 68.8 31.1 61.7 43.0 89.4 43.9 34.1 76.8 89.1 66.9 34.5 15.3 41.7 64.1 51.3 25.5 34.4 50.9 79.0 14.9 0.0 30.3 35.4 46.9 79.3 46.7 12.7 58.2 60.8 12.5 49.0 50.2 24.8 43.0 67.4
71.5 4.3 76.2 37.5 45.5 55.8 48.8 13.2 31.1 27.4 28.5 59.3 50.5 25.5 9.4 39.9 66.4 67.7 62.8 42.2 29.6 20.4 55.0 71.9 31.8 41.4 61.5 45.5 14.7 71.5 37.8 60.1 82.9 68.1 63.3 4.3 45.6 60.2 42.5 37.2 9.6 21.8 37.1 58.5 18.5 30.3 0.0 15.8 29.7 62.3 22.7 24.9 30.0 52.8 42.4 18.7 64.4 54.6 67.9 77.2
84.2 19.2 89.0 50.8 59.5 62.3 64.6 3.5 29.3 41.8 21.4 62.0 52.4 41.1 17.3 53.9 81.0 79.1 77.5 52.1 37.8 31.9 70.5 78.1 47.2 50.9 64.9 60.4 26.7 85.3 53.6 68.9 98.1 80.7 79.1 15.0 50.0 72.2 55.8 52.7 10.9 37.5 52.6 71.6 20.5 35.4 15.8 0.0 14.2 76.6 36.5 24.8 39.4 68.5 47.9 23.9 77.8 60.1 77.4 91.8
94.1 32.7 98.9 61.9 73.7 73.3 78.5 16.5 37.4 54.1 20.1 70.7 61.1 55.2 28.8 68.0 95.2 88.0 89.6 65.0 45.9 42.8 83.6 88.7 60.3 59.1 74.1 72.9 38.3 96.3 67.6 81.1 112.4 90.7 92.9 28.1 60.3 85.8 66.9 65.9 24.8 51.5 65.9 82.2 32.2 46.9 29.7 14.2 0.0 88.2 48.5 34.8 48.3 82.1 58.9 32.2 91.7 70.6 89.8 106.0
16.3 58.1 19.0 26.3 56.1 91.7 31.4 73.2 88.5 34.9 74.4 103.4 98.1 46.7 59.6 55.7 58.7 22.8 5.1 74.0 45.2 45.3 18.3 103.8 32.0 35.6 103.3 17.6 50.0 10.1 37.3 87.0 59.1 14.7 32.3 61.7 89.9 73.1 21.4 27.9 71.6 45.4 28.4 10.5 76.8 79.3 62.3 76.6 88.2 0.0 40.0 82.4 42.0 25.1 85.6 56.7 67.0 93.4 89.4 63.7
48.7 18.4 53.4 14.7 43.3 67.5 34.4 33.1 52.1 5.7 37.7 75.0 67.4 21.3 19.7 39.0 60.0 45.5 41.1 50.5 16.3 7.4 35.9 82.7 13.7 22.4 76.2 24.4 10.2 48.9 26.4 67.9 72.2 45.3 47.9 21.6 60.7 61.6 19.7 19.0 32.3 16.0 19.2 35.7 39.5 46.7 22.7 36.5 48.5 40.0 0.0 45.7 14.0 35.9 56.7 19.3 61.8 67.6 73.9 69.7
93.7 28.7 98.2 60.0 46.8 38.4 61.2 26.3 6.3 49.0 46.1 37.2 27.7 37.2 33.6 41.6 68.2 91.2 81.8 32.2 54.5 45.0 71.1 53.9 50.4 66.1 40.1 64.8 39.4 92.2 50.0 46.7 87.4 90.4 74.7 28.4 25.6 54.2 64.8 54.8 17.0 37.1 54.5 80.5 6.3 12.7 24.9 24.8 34.8 82.4 45.7 0.0 54.8 66.9 24.1 42.8 62.1 35.8 55.6 78.7
45.9 26.1 50.7 16.8 57.3 80.7 45.8 35.9 61.1 17.2 32.5 87.1 79.0 35.4 22.6 53.1 73.1 39.9 44.7 64.1 3.3 10.1 43.9 96.2 25.6 11.6 88.6 30.9 15.4 49.0 39.5 81.7 83.9 42.5 58.0 27.0 72.9 75.7 20.8 29.7 39.1 30.0 30.1 34.5 48.5 58.2 30.0 39.4 48.3 42.0 14.0 54.8 0.0 45.6 69.1 16.0 75.7 80.5 87.9 82.5
41.4 49.4 44.0 29.9 31.9 68.7 6.9 65.7 72.4 30.2 73.6 81.4 77.4 29.7 54.0 32.6 34.3 46.3 21.1 51.4 48.9 43.2 6.8 79.6 22.3 45.6 80.8 16.4 45.4 34.2 16.9 62.8 39.2 39.4 12.3 53.9 68.8 48.1 28.4 16.8 60.6 31.4 16.7 31.7 62.3 60.8 52.8 68.5 82.1 25.1 35.9 66.9 45.6 0.0 64.6 55.2 41.9 70.8 64.6 40.7
99.6 44.9 103.6 68.6 35.6 14.3 57.8 48.7 23.1 57.8 68.5 18.3 12.8 39.5 51.9 32.6 53.7 99.5 83.5 14.8 69.9 59.0 70.4 30.1 55.4 79.1 19.5 68.4 54.3 95.7 48.6 23.3 73.7 96.6 68.6 46.7 4.2 35.0 72.5 58.0 38.1 42.6 57.5 86.6 27.4 12.5 42.4 47.9 58.9 85.6 56.7 24.1 69.1 64.6 0.0 61.1 45.0 12.2 32.3 63.2
61.9 16.3 66.7 30.5 58.2 74.1 53.5 20.4 48.8 25.0 18.4 78.0 69.2 35.7 9.3 53.1 77.1 55.9 58.7 59.4 14.0 12.1 55.1 90.1 33.0 27.2 80.2 43.0 10.6 64.4 44.5 77.4 90.9 58.5 67.2 14.6 64.3 75.0 35.2 38.3 26.0 30.3 38.5 50.1 36.7 49.0 18.7 23.9 32.2 56.7 19.3 42.8 16.0 55.2 61.1 0.0 77.3 73.1 84.7 87.3
83.4 63.6 85.8 65.0 19.1 39.8 36.3 76.6 64.5 58.6 92.5 54.8 55.8 41.6 71.1 24.5 11.2 88.0 62.7 31.0 78.2 68.3 48.7 44.0 50.9 80.6 52.4 55.6 66.9 75.7 36.8 29.1 29.9 81.4 37.4 67.9 47.8 11.0 66.0 48.8 66.9 47.1 48.3 73.3 61.2 50.2 64.4 77.8 91.7 67.0 61.8 62.1 75.7 41.9 45.0 77.3 0.0 43.6 26.3 18.4
108.2 56.8 111.9 78.7 39.6 4.1 63.9 60.9 33.7 68.1 80.7 11.3 13.8 48.9 64.0 38.2 53.9 109.0 90.9 19.5 81.4 70.5 77.1 18.0 64.8 90.1 9.9 76.9 66.0 103.5 56.1 16.2 73.5 105.3 73.0 58.9 10.3 32.7 82.2 66.7 50.4 52.7 66.2 95.5 39.6 24.8 54.6 60.1 70.6 93.4 67.6 35.8 80.5 70.8 12.2 73.1 43.6 0.0 24.3 62.0
105.5 68.8 108.4 81.4 33.7 20.2 58.0 77.4 55.4 72.5 96.2 33.6 38.2 52.7 76.6 35.9 37.5 108.5 85.7 25.7 89.7 78.8 71.4 18.0 66.6 95.5 30.2 75.3 75.6 98.8 54.2 8.9 55.0 103.1 62.5 72.1 32.9 16.7 83.7 66.5 66.7 57.9 65.9 94.1 57.5 43.0 67.9 77.4 89.8 89.4 73.9 55.6 87.9 64.6 32.3 84.7 26.3 24.3 0.0 42.8
79.7 75.5 81.1 68.9 32.5 58.2 37.5 90.1 81.7 65.3 104.0 73.1 74.2 52.2 82.5 38.1 10.7 86.2 58.7 48.8 85.4 76.8 46.5 60.8 56.8 85.0 70.6 56.8 76.7 70.7 43.2 47.0 12.1 78.4 31.3 80.1 66.2 29.3 68.6 53.1 81.3 57.2 52.7 72.0 77.1 67.4 77.2 91.8 106.0 63.7 69.7 78.7 82.5 40.7 63.2 87.3 18.4 62.0 42.8 0.0
0         1347     
190       261      
0         21       
123       132      
461       505      
562       608      
346       368      
242       263      
605       661      
107       124      
968       1001     
645       694      
700       737      
440       483      
227       273      
771       812      
777       826      
35        57       
363       411      
705       748      
122       190      
151       202      
388       427      
517       563      
88        114      
135       149      
551       584      
63        115      
176       224      
0         25       
305       334      
534       550      
838       887      
20        58       
351       376      
195       231      
644       672      
467       499      
66        115      
309       373      
246       270      
296       324      
94        128      
19        58       
594       660      
570       628      
271       307      
243       281      
1185      1252     
875       943      
162       189      
1007      1065     
176       207      
329       358      
575       596      
171       227      
804       839      
550       592      
486       528      
1086      1130     
