60
0.0 81.8 81.0 56.4 49.1 79.1 80.3 81.4 33.1 77.3 13.3 15.5 42.0 71.2 56.3 68.6 54.3 21.1 55.6 62.5 90.6 76.2 61.6 32.5 29.7 45.9 79.9 31.0 29.7 39.0 56.8 36.8 37.1 52.2 41.6 10.7 48.6 72.1 47.1 74.4 63.0 21.6 36.0 81.4 32.3 25.3 63.2 64.8 42.9 53.4 77.8 43.6 39.7 65.0 82.7 80.6 83.8 96.9 48.9 50.7
81.8 0.0 60.3 56.2 75.2 25.8 32.8 35.6 49.1 12.9 69.1 83.4 44.5 24.8 59.7 48.9 77.1 87.7 50.3 23.8 49.0 17.7 31.9 81.7 81.0 70.1 5.2 80.9 72.7 45.1 89.2 51.5 93.9 50.8 61.4 84.2 40.0 10.2 43.3 58.3 20.0 61.0 91.0 29.3 85.7 62.3 32.0 44.9 101.0 54.4 6.7 89.5 83.0 28.1 30.8 29.8 61.7 25.6 34.5 40.0
81.0 60.3 0.0 24.6 39.3 34.9 88.9 25.8 65.3 69.8 75.4 92.5 72.5 36.3 99.0 15.2 36.6 71.3 90.6 43.7 19.0 73.6 34.7 102.1 99.8 101.4 64.1 100.5 53.6 68.9 46.7 47.0 112.2 29.6 91.4 75.4 40.9 54.1 39.7 6.5 49.8 63.1 63.7 32.1 104.5 79.3 33.1 91.4 70.3 92.8 53.8 113.6 107.1 36.0 88.1 86.4 2.8 85.9 64.8 76.2
56.4 56.2 24.6 0.0 20.7 36.8 77.8 32.9 43.6 61.7 51.2 68.1 52.9 32.5 79.9 14.1 21.2 47.9 72.4 33.4 36.7 64.2 24.3 78.6 76.2 79.9 58.3 77.0 29.7 48.7 33.5 23.7 88.2 7.3 70.3 51.1 22.1 47.1 19.4 18.0 39.1 39.0 42.9 36.5 80.8 56.3 24.2 75.4 51.2 73.8 49.5 90.3 84.1 28.1 77.9 75.9 27.4 81.1 47.4 58.5
49.1 75.2 39.3 20.7 0.0 57.4 92.6 53.5 50.0 78.9 49.1 63.5 61.4 52.6 87.3 34.1 5.2 33.9 81.4 51.5 55.5 80.7 43.5 77.7 75.0 83.8 76.6 76.0 19.4 56.8 14.3 30.4 85.1 24.4 75.2 40.7 36.7 65.5 33.3 33.6 56.5 39.2 24.3 57.2 78.9 58.4 43.8 86.5 31.3 81.8 68.7 89.6 84.1 47.6 93.3 91.2 41.7 99.1 59.2 68.9
79.1 25.8 34.9 36.8 57.4 0.0 56.8 9.8 51.3 36.7 68.7 85.5 52.8 8.1 75.5 25.7 57.9 78.7 66.1 18.8 23.8 41.1 17.6 89.1 87.6 82.3 30.1 87.9 61.2 51.0 70.1 43.0 100.8 33.9 72.4 78.2 30.6 21.8 32.6 33.7 22.5 57.6 77.7 3.9 92.5 66.6 16.2 63.9 86.9 69.4 19.7 99.0 92.3 14.1 55.4 54.0 36.0 51.1 42.6 52.6
80.3 32.8 88.9 77.8 92.6 56.8 0.0 66.5 49.3 20.2 66.9 75.7 38.4 52.8 36.3 75.2 96.0 93.4 29.4 45.7 80.6 15.7 55.2 67.1 67.5 50.5 27.7 66.9 83.3 42.1 107.0 63.1 78.4 70.8 45.2 86.6 56.4 35.2 59.7 85.4 39.5 64.4 101.5 60.7 71.3 55.5 56.4 19.7 111.5 33.5 37.4 71.1 65.7 53.1 3.5 3.1 90.7 22.6 34.7 29.5
81.4 35.6 25.8 32.9 53.5 9.8 66.5 0.0 56.3 46.5 72.1 89.3 59.5 15.0 83.5 19.6 53.1 78.3 74.3 25.6 14.3 50.8 20.8 94.5 92.8 89.3 39.9 93.2 60.2 57.2 65.1 44.6 106.0 32.0 79.2 79.1 33.2 31.3 34.2 25.7 30.5 60.3 75.5 6.3 97.7 71.6 18.8 72.8 84.1 77.3 29.5 105.0 98.3 18.8 65.1 63.7 26.6 60.7 49.8 60.4
33.1 49.1 65.3 43.6 50.0 51.3 49.3 56.3 0.0 44.2 20.1 34.9 12.0 43.1 37.3 50.3 54.6 44.1 31.5 32.7 68.5 43.2 35.5 38.2 36.5 36.3 46.8 36.9 35.8 7.4 63.2 20.6 49.6 36.7 26.6 37.6 24.7 39.9 25.6 59.3 31.5 15.1 53.1 54.4 41.4 15.3 37.5 37.9 62.9 31.8 45.8 49.0 42.4 37.7 51.2 49.0 68.0 64.0 15.9 20.7
77.3 12.9 69.8 61.7 78.9 36.7 20.2 46.5 44.2 0.0 64.1 76.7 36.9 33.5 47.9 56.9 81.5 86.3 38.8 28.3 60.4 4.8 37.7 72.7 72.3 59.5 7.7 72.1 73.1 38.7 93.2 51.8 84.8 55.4 51.5 81.3 42.2 15.7 45.6 66.9 22.5 58.0 91.7 40.5 76.8 55.4 38.5 32.4 101.8 43.0 17.1 79.5 73.2 34.8 18.6 17.3 71.5 20.7 28.3 30.5
13.3 69.1 75.4 51.2 49.1 68.7 66.9 72.1 20.1 64.1 0.0 17.3 28.6 60.6 45.1 61.7 54.3 29.7 43.2 51.1 82.6 62.9 51.6 28.6 25.9 36.9 67.0 26.9 30.3 25.6 59.5 28.7 37.1 45.8 30.7 20.6 38.9 59.7 38.2 68.9 50.9 12.3 42.6 71.3 30.0 13.0 53.4 52.0 51.1 41.5 65.5 40.5 35.0 54.7 69.3 67.2 78.2 83.5 35.7 37.4
15.5 83.4 92.5 68.1 63.5 85.5 75.7 89.3 34.9 76.7 17.3 0.0 39.8 77.3 46.4 79.0 68.8 36.5 48.0 67.4 99.9 74.7 68.6 17.7 15.0 33.7 80.7 16.3 44.1 38.4 72.0 46.0 21.7 62.9 32.3 26.1 56.1 74.7 55.5 85.9 66.5 29.6 51.5 88.2 16.9 21.3 70.5 58.0 58.0 44.9 80.6 28.2 24.8 71.5 78.5 76.6 95.3 94.7 49.0 47.2
42.0 44.5 72.5 52.9 61.4 52.8 38.4 59.5 12.0 36.9 28.6 39.8 0.0 45.0 26.9 57.2 65.8 55.5 20.0 34.1 72.8 34.9 39.7 37.5 36.6 29.7 41.2 36.6 47.8 4.6 74.9 31.2 49.6 45.6 19.7 48.2 31.7 36.9 33.6 66.9 30.7 26.8 65.0 56.3 41.3 18.5 41.6 25.9 74.8 20.9 42.8 46.5 39.7 40.7 40.7 38.6 75.1 55.2 10.5 9.0
71.2 24.8 36.3 32.5 52.6 8.1 52.8 15.0 43.1 33.5 60.6 77.3 45.0 0.0 68.5 24.1 53.8 71.5 59.3 10.9 29.1 37.4 10.2 81.0 79.5 74.7 28.0 79.8 54.4 43.1 66.0 35.4 92.7 28.4 64.7 70.6 22.9 17.8 25.1 33.6 15.5 49.6 71.6 11.3 84.4 58.4 9.2 57.9 81.0 62.4 18.0 91.1 84.3 6.2 51.9 50.3 37.9 50.4 35.0 45.4
56.3 59.7 99.0 79.9 87.3 75.5 36.3 83.5 37.3 47.9 45.1 46.4 26.9 68.5 0.0 83.7 91.9 74.8 9.4 57.9 97.5 43.8 65.1 33.2 34.4 14.8 54.9 33.5 71.7 31.2 100.2 57.8 43.3 72.6 14.6 65.5 58.6 55.7 60.6 93.6 53.1 49.5 87.0 79.4 37.1 32.2 67.0 16.7 96.0 6.2 60.8 35.0 30.2 65.4 39.8 38.6 101.5 58.8 34.3 23.1
68.6 48.9 15.2 14.1 34.1 25.7 75.2 19.6 50.3 56.9 61.7 79.0 57.2 24.1 83.7 0.0 33.5 61.8 75.3 29.4 22.7 60.3 20.0 87.5 85.4 86.2 52.0 86.0 43.6 53.7 45.4 33.0 98.0 16.3 76.2 64.3 25.7 41.3 24.7 10.3 35.6 49.3 57.0 24.3 90.1 64.6 18.7 76.4 65.2 77.5 42.2 98.9 92.4 22.1 74.6 72.9 17.8 74.5 49.6 61.0
54.3 77.1 36.6 21.2 5.2 57.9 96.0 53.1 54.6 81.5 54.3 68.8 65.8 53.8 91.9 33.5 0.0 38.6 85.8 53.7 53.8 83.6 45.2 82.9 80.2 88.7 78.8 81.2 24.7 61.2 12.2 34.5 90.4 26.2 80.1 45.8 39.6 67.6 36.3 31.4 59.0 44.2 27.8 57.3 84.1 63.4 45.2 90.6 33.6 86.3 70.5 94.8 89.3 49.1 96.5 94.5 38.9 101.4 63.1 73.0
21.1 87.7 71.3 47.9 33.9 78.7 93.4 78.3 44.1 86.3 29.7 36.5 55.5 71.5 74.8 61.8 38.6 0.0 72.4 65.3 84.5 86.3 61.3 53.7 50.9 66.0 87.1 52.1 18.2 51.4 37.9 36.6 57.6 46.4 60.4 10.3 49.1 77.5 46.4 64.9 67.8 29.0 15.2 80.0 53.4 42.6 62.5 80.6 21.9 71.0 82.6 64.7 60.8 65.4 95.3 93.1 74.0 106.8 59.3 64.5
55.6 50.3 90.6 72.4 81.4 66.1 29.4 74.3 31.5 38.8 43.2 48.0 20.0 59.3 9.4 75.3 85.8 72.4 0.0 48.8 88.3 34.8 56.4 37.8 38.3 21.3 45.6 37.7 67.1 24.6 94.8 51.3 49.0 65.1 16.1 63.8 50.6 46.2 52.9 85.4 43.8 45.2 83.5 70.0 41.9 30.3 58.1 10.1 92.9 4.3 51.3 41.9 36.3 56.3 32.7 31.2 93.0 51.1 25.7 14.3
62.5 23.8 43.7 33.4 51.5 18.8 45.7 25.6 32.7 28.3 51.1 67.4 34.1 10.9 57.9 29.4 53.7 65.3 48.8 0.0 39.5 31.2 9.5 70.3 68.8 63.7 25.0 69.1 49.4 32.2 65.6 28.6 82.1 27.4 53.8 63.0 16.5 13.9 19.6 39.7 6.1 40.9 67.4 22.2 73.7 47.9 10.7 48.1 77.3 51.7 17.7 80.2 73.4 7.7 45.3 43.5 45.7 47.7 24.1 34.7
90.6 49.0 19.0 36.7 55.5 23.8 80.6 14.3 68.5 60.4 82.6 99.9 72.8 29.1 97.5 22.7 53.8 84.5 88.3 39.5 0.0 64.9 33.2 106.7 104.8 102.6 53.6 105.3 66.3 70.1 64.7 54.1 117.8 38.6 92.5 86.9 44.2 45.5 44.4 22.5 44.7 70.4 79.2 19.9 109.7 83.6 31.2 87.0 86.8 91.3 43.3 117.5 110.8 32.2 79.1 77.8 18.3 73.3 63.4 74.3
76.2 17.7 73.6 64.2 80.7 41.1 15.7 50.8 43.2 4.8 62.9 74.7 34.9 37.4 43.8 60.3 83.6 86.3 34.8 31.2 64.9 0.0 40.8 69.7 69.5 55.8 12.5 69.2 73.9 37.2 95.1 52.7 81.7 57.7 48.2 80.8 44.0 19.6 47.4 70.4 25.2 57.5 92.4 44.9 73.8 53.4 41.7 27.9 102.5 39.1 21.7 76.0 69.9 38.1 14.4 12.9 75.3 20.7 27.3 27.8
61.6 31.9 34.7 24.3 43.5 17.6 55.2 20.8 35.5 37.7 51.6 68.6 39.7 10.2 65.1 20.0 45.2 61.3 56.4 9.5 33.2 40.8 0.0 73.8 72.0 69.4 33.9 72.5 44.2 36.9 57.3 25.3 85.2 19.1 59.3 60.5 13.0 22.7 14.9 30.3 15.7 40.1 61.5 19.8 77.0 50.8 1.9 56.7 71.1 58.9 25.2 84.4 77.7 4.2 54.9 53.1 36.9 56.7 30.8 42.0
32.5 81.7 102.1 78.6 77.7 89.1 67.1 94.5 38.2 72.7 28.6 17.7 37.5 81.0 33.2 87.5 82.9 53.7 37.8 70.3 106.7 69.7 73.8 0.0 2.8 18.7 78.1 1.6 58.6 38.2 87.6 55.0 12.1 72.5 21.9 43.3 62.6 74.4 62.9 95.7 67.9 39.8 68.4 92.3 4.1 23.0 75.7 47.8 75.4 33.9 80.3 11.9 7.1 75.9 70.4 68.7 104.8 88.2 48.0 42.2
29.7 81.0 99.8 76.2 75.0 87.6 67.5 92.8 36.5 72.3 25.9 15.0 36.6 79.5 34.4 85.4 80.2 50.9 38.3 68.8 104.8 69.5 72.0 2.8 0.0 20.2 77.5 1.2 55.9 36.9 84.8 52.8 13.2 70.2 22.2 40.5 60.6 73.4 60.8 93.5 66.6 37.3 65.6 90.8 4.9 21.2 74.0 48.5 72.7 34.6 79.3 14.6 9.9 74.2 70.7 69.0 102.6 88.3 47.0 41.8
45.9 70.1 101.4 79.9 83.8 82.3 50.5 89.3 36.3 59.5 36.9 33.7 29.7 74.7 14.8 86.2 88.7 66.0 21.3 63.7 102.6 55.8 69.4 18.7 20.2 0.0 65.8 19.2 66.3 32.6 95.6 56.5 28.4 73.0 10.0 56.1 60.4 64.5 61.7 95.5 59.9 44.6 79.6 85.9 22.4 25.4 71.3 30.7 87.8 17.0 70.1 20.6 15.3 70.5 53.9 52.5 104.0 72.5 39.6 30.5
79.9 5.2 64.1 58.3 76.6 30.1 27.7 39.9 46.8 7.7 67.0 80.7 41.2 28.0 54.9 52.0 78.8 87.1 45.6 25.0 53.6 12.5 33.9 78.1 77.5 65.8 0.0 77.3 72.7 42.3 90.7 51.4 90.2 52.5 57.3 82.9 40.6 11.2 43.9 61.7 20.2 59.6 91.2 33.7 82.1 59.4 34.3 39.9 101.2 49.8 10.4 85.5 79.0 30.4 25.7 24.6 65.6 22.8 31.6 36.0
31.0 80.9 100.5 77.0 76.0 87.9 66.9 93.2 36.9 72.1 26.9 16.3 36.6 79.8 33.5 86.0 81.2 52.1 37.7 69.1 105.3 69.2 72.5 1.6 1.2 19.2 77.3 0.0 57.0 37.1 85.9 53.5 13.0 70.9 21.7 41.8 61.2 73.5 61.4 94.2 66.8 38.2 66.8 91.1 4.7 21.7 74.4 47.8 73.9 33.8 79.4 13.6 8.6 74.6 70.1 68.4 103.3 87.8 47.0 41.5
29.7 72.7 53.6 29.7 19.4 61.2 83.3 60.2 35.8 73.1 30.3 44.1 47.8 54.4 71.7 43.6 24.7 18.2 67.1 49.4 66.3 73.9 44.2 58.6 55.9 66.3 72.7 57.0 0.0 43.2 29.3 21.3 65.7 28.3 58.5 22.1 32.8 62.4 29.8 47.1 52.7 22.2 18.5 62.2 59.6 40.9 45.2 73.7 28.6 66.7 67.0 70.5 65.2 48.4 84.7 82.5 56.3 93.9 48.6 56.3
39.0 45.1 68.9 48.7 56.8 51.0 42.1 57.2 7.4 38.7 25.6 38.4 4.6 43.1 31.2 53.7 61.2 51.4 24.6 32.2 70.1 37.2 36.9 38.2 36.9 32.6 42.3 37.1 43.2 0.0 70.3 26.7 50.2 41.5 22.5 44.5 28.0 36.7 29.6 63.2 29.6 22.5 60.6 54.4 41.8 17.1 38.9 30.4 70.4 25.3 42.7 47.9 41.2 38.3 44.2 42.0 71.5 57.8 10.6 13.2
56.8 89.2 46.7 33.5 14.3 70.1 107.0 65.1 63.2 93.2 59.5 72.0 74.9 66.0 100.2 45.4 12.2 37.9 94.8 65.6 64.7 95.1 57.3 87.6 84.8 95.6 90.7 85.9 29.3 70.3 0.0 44.3 93.8 38.3 87.5 46.9 51.0 79.6 47.6 42.2 70.8 51.1 23.8 69.5 88.3 70.1 57.4 100.3 26.1 94.9 82.6 99.4 94.4 61.3 107.7 105.6 48.6 113.3 73.3 82.7
36.8 51.5 47.0 23.7 30.4 43.0 63.1 44.6 20.6 51.8 28.7 46.0 31.2 35.4 57.8 33.0 34.5 36.6 51.3 28.6 54.1 52.7 25.3 55.0 52.8 56.5 51.4 53.5 21.3 26.7 44.3 0.0 65.1 17.4 47.0 35.1 12.5 41.2 10.4 40.6 31.5 16.3 39.9 44.9 57.4 32.6 26.8 56.1 49.9 52.0 46.0 66.7 60.4 29.2 64.2 62.0 49.8 72.5 29.0 38.5
37.1 93.9 112.2 88.2 85.1 100.8 78.4 106.0 49.6 84.8 37.1 21.7 49.6 92.7 43.3 98.0 90.4 57.6 49.0 82.1 117.8 81.7 85.2 12.1 13.2 28.4 90.2 13.0 65.7 50.2 93.8 65.1 0.0 82.5 33.6 47.5 73.5 86.5 73.6 105.7 79.8 49.1 72.8 104.0 8.3 34.3 87.1 58.8 78.7 44.9 92.4 10.5 13.1 87.4 81.7 80.1 115.0 99.9 60.1 54.3
52.2 50.8 29.6 7.3 24.4 33.9 70.8 32.0 36.7 55.4 45.8 62.9 45.6 28.4 72.6 16.3 26.2 46.4 65.1 27.4 38.6 57.7 19.1 72.5 70.2 73.0 52.5 70.9 28.3 41.5 38.3 17.4 82.5 0.0 63.3 48.2 14.8 41.3 12.1 23.2 32.8 33.4 43.8 34.4 74.8 49.9 19.4 68.1 52.9 66.5 44.3 84.1 77.7 23.2 71.1 69.1 32.4 75.2 40.1 51.1
41.6 61.4 91.4 70.3 75.2 72.4 45.2 79.2 26.6 51.5 30.7 32.3 19.7 64.7 14.6 76.2 80.1 60.4 16.1 53.8 92.5 48.2 59.3 21.9 22.2 10.0 57.3 21.7 58.5 22.5 87.5 47.0 33.6 63.3 0.0 50.9 50.4 55.2 51.8 85.6 50.1 36.4 73.0 76.0 26.1 18.0 61.3 26.3 81.8 12.7 60.9 28.1 21.7 60.5 48.4 46.7 94.0 66.3 29.8 21.4
10.7 84.2 75.4 51.1 40.7 78.2 86.6 79.1 37.6 81.3 20.6 26.1 48.2 70.6 65.5 64.3 45.8 10.3 63.8 63.0 86.9 80.8 60.5 43.3 40.5 56.1 82.9 41.8 22.1 44.5 46.9 35.1 47.5 48.2 50.9 0.0 47.7 74.2 45.5 68.9 64.6 23.3 25.3 79.9 43.0 33.6 62.0 72.5 32.1 62.1 79.6 54.4 50.4 64.3 88.7 86.5 78.2 101.5 53.4 57.2
48.6 40.0 40.9 22.1 36.7 30.6 56.4 33.2 24.7 42.2 38.9 56.1 31.7 22.9 58.6 25.7 39.6 49.1 50.6 16.5 44.2 44.0 13.0 62.6 60.6 60.4 40.6 61.2 32.8 28.0 51.0 12.5 73.5 14.8 50.4 47.7 0.0 29.8 3.4 35.2 20.3 27.2 51.0 32.8 65.5 39.5 14.6 53.2 60.9 52.4 34.2 73.6 67.0 16.6 56.9 54.8 43.5 62.7 25.4 36.5
72.1 10.2 54.1 47.1 65.5 21.8 35.2 31.3 39.9 15.7 59.7 74.7 36.9 17.8 55.7 41.3 67.6 77.5 46.2 13.9 45.5 19.6 22.7 74.4 73.4 64.5 11.2 73.5 62.4 36.7 79.6 41.2 86.5 41.3 55.2 74.2 29.8 0.0 33.1 51.2 9.7 51.1 80.8 25.7 78.2 53.8 23.2 42.7 90.7 49.9 5.9 83.0 76.4 19.4 34.1 32.5 55.8 34.0 26.4 34.0
47.1 43.3 39.7 19.4 33.3 32.6 59.7 34.2 25.6 45.6 38.2 55.5 33.6 25.1 60.6 24.7 36.3 46.4 52.9 19.6 44.4 47.4 14.9 62.9 60.8 61.7 43.9 61.4 29.8 29.6 47.6 10.4 73.6 12.1 51.8 45.5 3.4 33.1 0.0 33.7 23.7 26.1 47.8 34.4 65.6 39.9 16.4 55.9 57.6 54.5 37.3 74.2 67.6 18.9 60.2 58.1 42.4 66.1 28.0 39.0
74.4 58.3 6.5 18.0 33.6 33.7 85.4 25.7 59.3 66.9 68.9 85.9 66.9 33.6 93.6 10.3 31.4 64.9 85.4 39.7 22.5 70.4 30.3 95.7 93.5 95.5 61.7 94.2 47.1 63.2 42.2 40.6 105.7 23.2 85.6 68.9 35.2 51.2 33.7 0.0 45.9 56.6 57.8 31.5 98.1 73.0 29.0 86.7 64.8 87.4 51.6 107.3 100.9 32.3 84.8 83.0 9.4 83.9 59.7 71.1
63.0 20.0 49.8 39.1 56.5 22.5 39.5 30.5 31.5 22.5 50.9 66.5 30.7 15.5 53.1 35.6 59.0 67.8 43.8 6.1 44.7 25.2 15.7 67.9 66.6 59.9 20.2 66.8 52.7 29.6 70.8 31.5 79.8 32.8 50.1 64.6 20.3 9.7 23.7 45.9 0.0 41.7 71.1 26.3 71.5 46.2 16.8 42.5 81.1 47.0 14.9 77.2 70.5 13.8 39.2 37.3 51.8 42.5 20.3 30.1
21.6 61.0 63.1 39.0 39.2 57.6 64.4 60.3 15.1 58.0 12.3 29.6 26.8 49.6 49.5 49.3 44.2 29.0 45.2 40.9 70.4 57.5 40.1 39.8 37.3 44.6 59.6 38.2 22.2 22.5 51.1 16.3 49.1 33.4 36.4 23.3 27.2 51.1 26.1 56.6 41.7 0.0 38.3 59.9 41.8 19.2 41.9 52.5 48.0 44.6 56.6 51.7 45.7 43.5 66.3 64.1 65.9 78.3 30.4 35.7
36.0 91.0 63.7 42.9 24.3 77.7 101.5 75.5 53.1 91.7 42.6 51.5 65.0 71.6 87.0 57.0 27.8 15.2 83.5 67.4 79.2 92.4 61.5 68.4 65.6 79.6 91.2 66.8 18.5 60.6 23.8 39.9 72.8 43.8 73.0 25.3 51.0 80.8 47.8 57.8 71.1 38.3 0.0 78.3 68.4 55.0 62.3 90.9 10.0 82.6 85.2 79.7 75.5 65.7 103.0 100.8 66.1 112.4 66.8 73.8
81.4 29.3 32.1 36.5 57.2 3.9 60.7 6.3 54.4 40.5 71.3 88.2 56.3 11.3 79.4 24.3 57.3 80.0 70.0 22.2 19.9 44.9 19.8 92.3 90.8 85.9 33.7 91.1 62.2 54.4 69.5 44.9 104.0 34.4 76.0 79.9 32.8 25.7 34.4 31.5 26.3 59.9 78.3 0.0 95.7 69.7 18.1 67.9 87.2 73.3 23.4 102.4 95.7 16.7 59.2 57.8 33.0 54.3 46.3 56.4
32.3 85.7 104.5 80.8 78.9 92.5 71.3 97.7 41.4 76.8 30.0 16.9 41.3 84.4 37.1 90.1 84.1 53.4 41.9 73.7 109.7 73.8 77.0 4.1 4.9 22.4 82.1 4.7 59.6 41.8 88.3 57.4 8.3 74.8 26.1 43.0 65.5 78.2 65.6 98.1 71.5 41.8 68.4 95.7 0.0 26.1 78.9 51.9 75.0 37.9 84.1 11.3 8.8 79.1 74.5 72.8 107.3 92.3 51.8 46.2
25.3 62.3 79.3 56.3 58.4 66.6 55.5 71.6 15.3 55.4 13.0 21.3 18.5 58.4 32.2 64.6 63.4 42.6 30.3 47.9 83.6 53.4 50.8 23.0 21.2 25.4 59.4 21.7 40.9 17.1 70.1 32.6 34.3 49.9 18.0 33.6 39.5 53.8 39.9 73.0 46.2 19.2 55.0 69.7 26.1 0.0 52.8 39.5 63.8 28.5 59.8 34.3 27.8 53.1 58.1 56.1 82.0 73.6 27.8 26.3
63.2 32.0 33.1 24.2 43.8 16.2 56.4 18.8 37.5 38.5 53.4 70.5 41.6 9.2 67.0 18.7 45.2 62.5 58.1 10.7 31.2 41.7 1.9 75.7 74.0 71.3 34.3 74.4 45.2 38.9 57.4 26.8 87.1 19.4 61.3 62.0 14.6 23.2 16.4 29.0 16.8 41.9 62.3 18.1 78.9 52.8 0.0 58.3 71.8 60.7 25.3 86.4 79.6 3.9 55.9 54.1 35.3 57.1 32.6 43.8
64.8 44.9 91.4 75.4 86.5 63.9 19.7 72.8 37.9 32.4 52.0 58.0 25.9 57.9 16.7 76.4 90.6 80.6 10.1 48.1 87.0 27.9 56.7 47.8 48.5 30.7 39.9 47.8 73.7 30.4 100.3 56.1 58.8 68.1 26.3 72.5 53.2 42.7 55.9 86.7 42.5 52.5 90.9 67.9 51.9 39.5 58.3 0.0 100.5 14.0 47.1 51.3 46.0 55.9 23.2 21.8 93.6 42.0 27.9 17.6
42.9 101.0 70.3 51.2 31.3 86.9 111.5 84.1 62.9 101.8 51.1 58.0 74.8 81.0 96.0 65.2 33.6 21.9 92.9 77.3 86.8 102.5 71.1 75.4 72.7 87.8 101.2 73.9 28.6 70.4 26.1 49.9 78.7 52.9 81.8 32.1 60.9 90.7 57.6 64.8 81.1 48.0 10.0 87.2 75.0 63.8 71.8 100.5 0.0 91.9 95.0 86.3 82.6 75.3 113.0 110.9 72.5 122.5 76.8 83.6
53.4 54.4 92.8 73.8 81.8 69.4 33.5 77.3 31.8 43.0 41.5 44.9 20.9 62.4 6.2 77.5 86.3 71.0 4.3 51.7 91.3 39.1 58.9 33.9 34.6 17.0 49.8 33.8 66.7 25.3 94.9 52.0 44.9 66.5 12.7 62.1 52.4 49.9 54.5 87.4 47.0 44.6 82.6 73.3 37.9 28.5 60.7 14.0 91.9 0.0 55.1 37.6 32.1 59.1 36.9 35.4 95.2 55.4 28.1 16.9
77.8 6.7 53.8 49.5 68.7 19.7 37.4 29.5 45.8 17.1 65.5 80.6 42.8 18.0 60.8 42.2 70.5 82.6 51.3 17.7 43.3 21.7 25.2 80.3 79.3 70.1 10.4 79.4 67.0 42.7 82.6 46.0 92.4 44.3 60.9 79.6 34.2 5.9 37.3 51.6 14.9 56.6 85.2 23.4 84.1 59.8 25.3 47.1 95.0 55.1 0.0 88.8 82.2 21.4 35.8 34.5 55.2 32.3 32.3 39.6
43.6 89.5 113.6 90.3 89.6 99.0 71.1 105.0 49.0 79.5 40.5 28.2 46.5 91.1 35.0 98.9 94.8 64.7 41.9 80.2 117.5 76.0 84.4 11.9 14.6 20.6 85.5 13.6 70.5 47.9 99.4 66.7 10.5 84.1 28.1 54.4 73.6 83.0 74.2 107.3 77.2 51.7 79.7 102.4 11.3 34.3 86.4 51.3 86.3 37.6 88.8 0.0 6.7 86.2 74.5 73.1 116.4 93.1 57.0 49.5
39.7 83.0 107.1 84.1 84.1 92.3 65.7 98.3 42.4 73.2 35.0 24.8 39.7 84.3 30.2 92.4 89.3 60.8 36.3 73.4 110.8 69.9 77.7 7.1 9.9 15.3 79.0 8.6 65.2 41.2 94.4 60.4 13.1 77.7 21.7 50.4 67.0 76.4 67.6 100.9 70.5 45.7 75.5 95.7 8.8 27.8 79.6 46.0 82.6 32.1 82.2 6.7 0.0 79.5 69.0 67.5 109.9 87.4 50.3 43.0
65.0 28.1 36.0 28.1 47.6 14.1 53.1 18.8 37.7 34.8 54.7 71.5 40.7 6.2 65.4 22.1 49.1 65.4 56.3 7.7 32.2 38.1 4.2 75.9 74.2 70.5 30.4 74.6 48.4 38.3 61.3 29.2 87.4 23.2 60.5 64.3 16.6 19.4 18.9 32.3 13.8 43.5 65.7 16.7 79.1 53.1 3.9 55.9 75.3 59.1 21.4 86.2 79.5 0.0 52.5 50.7 38.0 53.2 31.2 42.2
82.7 30.8 88.1 77.9 93.3 55.4 3.5 65.1 51.2 18.6 69.3 78.5 40.7 51.9 39.8 74.6 96.5 95.3 32.7 45.3 79.1 14.4 54.9 70.4 70.7 53.9 25.7 70.1 84.7 44.2 107.7 64.2 81.7 71.1 48.4 88.7 56.9 34.1 60.2 84.8 39.2 66.3 103.0 59.2 74.5 58.1 55.9 23.2 113.0 36.9 35.8 74.5 69.0 52.5 0.0 2.1 89.8 19.0 36.2 31.9
80.6 29.8 86.4 75.9 91.2 54.0 3.1 63.7 49.0 17.3 67.2 76.6 38.6 50.3 38.6 72.9 94.5 93.1 31.2 43.5 77.8 12.9 53.1 68.7 69.0 52.5 24.6 68.4 82.5 42.0 105.6 62.0 80.1 69.1 46.7 86.5 54.8 32.5 58.1 83.0 37.3 64.1 100.8 57.8 72.8 56.1 54.1 21.8 110.9 35.4 34.5 73.1 67.5 50.7 2.1 0.0 88.2 20.1 34.0 29.9
83.8 61.7 2.8 27.4 41.7 36.0 90.7 26.6 68.0 71.5 78.2 95.3 75.1 37.9 101.5 17.8 38.9 74.0 93.0 45.7 18.3 75.3 36.9 104.8 102.6 104.0 65.6 103.3 56.3 71.5 48.6 49.8 115.0 32.4 94.0 78.2 43.5 55.8 42.4 9.4 51.8 65.9 66.1 33.0 107.3 82.0 35.3 93.6 72.5 95.2 55.2 116.4 109.9 38.0 89.8 88.2 0.0 87.1 67.2 78.6
96.9 25.6 85.9 81.1 99.1 51.1 22.6 60.7 64.0 20.7 83.5 94.7 55.2 50.4 58.8 74.5 101.4 106.8 51.1 47.7 73.3 20.7 56.7 88.2 88.3 72.5 22.8 87.8 93.9 57.8 113.3 72.5 99.9 75.2 66.3 101.5 62.7 34.0 66.1 83.9 42.5 78.3 112.4 54.3 92.3 73.6 57.1 42.0 122.5 55.4 32.3 93.1 87.4 53.2 19.0 20.1 87.1 0.0 48.1 47.4
48.9 34.5 64.8 47.4 59.2 42.6 34.7 49.8 15.9 28.3 35.7 49.0 10.5 35.0 34.3 49.6 63.1 59.3 25.7 24.1 63.4 27.3 30.8 48.0 47.0 39.6 31.6 47.0 48.6 10.6 73.3 29.0 60.1 40.1 29.8 53.4 25.4 26.4 28.0 59.7 20.3 30.4 66.8 46.3 51.8 27.8 32.6 27.9 76.8 28.1 32.3 57.0 50.3 31.2 36.2 34.0 67.2 48.1 0.0 11.3
50.7 40.0 76.2 58.5 68.9 52.6 29.5 60.4 20.7 30.5 37.4 47.2 9.0 45.4 23.1 61.0 73.0 64.5 14.3 34.7 74.3 27.8 42.0 42.2 41.8 30.5 36.0 41.5 56.3 13.2 82.7 38.5 54.3 51.1 21.4 57.2 36.5 34.0 39.0 71.1 30.1 35.7 73.8 56.4 46.2 26.3 43.8 17.6 83.6 16.9 39.6 49.5 43.0 42.2 31.9 29.9 78.6 47.4 11.3 0.0
0         1265     
490       515      
241       256      
213       233      
150       195      
415       423      
556       584      
416       442      
30        55       
509       550      
0         18       
766       801      
962       975      
381       396      
633       675      
208       262      
846       876      
120       147      
628       663      
446       475      
278       300      
585       602      
372       402      
691       733      
692       744      
671       708      
513       557      
729       759      
69        117      
32        57       
165       197      
334       377      
713       763      
314       336      
643       681      
794       824      
342       361      
440       477      
985       1019     
228       264      
460       484      
38        92       
100       126      
896       942      
720       755      
20        48       
388       418      
1169      1200     
128       158      
652       706      
487       510      
755       769      
1132      1161     
386       401      
1038      1070     
557       597      
287       301      
548       583      
598       623      
618       652      
