27
0.0000 38.0789 39.3573 36.0555 40.3113 33.3017 35.3553 39.0512 33.5261 32.3883 35.3553 39.2938 41.2311 44.2041 40.6079 38.0789 37.2022 38.3275 9.2195 39.2938 32.5576 38.4708 7.6158 17.8885 21.0950 15.5242 14.1421
48.0789 10.0000 13.0000 17.0711 15.0000 22.2066 24.1421 21.1803 58.1041 53.4626 54.7214 60.5371 61.4782 52.0000 50.1123 40.0000 18.6023 56.1411 43.5410 43.9706 43.6155 35.4951 53.9090 37.0185 58.8365 53.1393 43.0151
49.3573 13.0000 10.0000 15.3852 12.0000 20.7703 22.2066 18.6023 57.1275 52.3792 53.4626 59.2443 60.0899 55.0000 53.1045 43.0000 16.4031 54.7214 44.2053 42.0156 42.2025 33.3452 55.4863 37.0740 61.0882 55.2769 43.2415
46.0555 17.0711 15.3852 10.0000 15.0000 15.3852 17.0711 15.0000 51.7612 47.0000 48.0789 53.8634 54.7214 57.2652 55.0444 45.3553 12.0000 49.3573 40.0832 36.9072 36.8328 28.4391 52.6380 32.3607 59.6488 53.6005 38.6356
50.3113 15.0000 12.0000 15.0000 10.0000 20.1980 21.1803 17.0711 56.5725 51.7612 52.7200 58.4665 59.2443 57.0000 55.0999 45.0000 15.3852 53.8634 44.7851 40.8058 41.3847 32.0227 56.6154 37.2947 62.6308 56.7547 43.5410
43.3017 22.2066 20.7703 15.3852 20.1980 10.0000 13.0000 15.8310 46.4005 41.6228 42.6956 48.4838 49.3573 60.0100 57.5184 48.3275 15.0000 44.0000 36.4197 31.9317 31.4709 23.8924 50.3113 28.0278 58.7647 52.5441 34.3516
45.3553 24.1421 22.2066 17.0711 21.1803 13.0000 10.0000 15.0000 45.6931 40.8058 41.6228 47.3363 48.0789 62.9528 60.4876 51.2311 15.8310 42.6956 38.0179 29.8494 30.2485 21.4018 52.5206 29.2354 61.4296 55.1774 35.4951
49.0512 21.1803 18.6023 15.0000 17.0711 15.8310 15.0000 10.0000 50.6079 45.6931 46.4005 52.0595 52.7200 62.2398 60.0400 50.3113 13.0000 47.3363 42.2490 33.8537 35.0000 25.0000 55.9674 33.7697 63.8516 57.7074 40.0832
43.5261 58.1041 57.1275 51.7612 56.5725 46.4005 45.6931 50.6079 10.0000 15.0000 15.8310 16.0000 18.0000 84.2024 80.8025 75.0692 51.2311 17.8102 35.9422 30.8806 26.0000 38.0713 49.6232 34.0832 64.3415 59.0408 31.6333
42.3883 53.4626 52.3792 47.0000 51.7612 41.6228 40.8058 45.6931 15.0000 10.0000 13.0000 17.8102 19.4340 81.2811 77.9559 71.7171 46.4005 16.0000 34.0416 26.1555 21.0000 33.0868 49.0512 30.6155 63.4603 57.8539 29.3132
45.3553 54.7214 53.4626 48.0789 52.7200 42.6956 41.6228 46.4005 15.8310 13.0000 10.0000 15.8310 17.0711 83.7835 80.4911 74.0312 47.3363 13.0000 36.9258 25.2971 21.4018 33.0217 52.0476 33.0217 66.4358 60.8035 32.1359
49.2938 60.5371 59.2443 53.8634 58.4665 48.4838 47.3363 52.0595 16.0000 17.8102 15.8310 10.0000 12.0000 89.0569 85.7166 79.5270 53.0813 15.0000 41.3847 30.0000 27.0880 38.2843 55.5412 38.4253 70.2080 64.8179 36.8328
51.2311 61.4782 60.0899 54.7214 59.2443 49.3573 48.0789 52.7200 18.0000 19.4340 17.0711 12.0000 10.0000 90.7094 87.3886 81.0634 53.8634 15.3852 43.2415 30.0998 27.8885 38.6356 57.5184 40.0000 72.1691 66.7539 38.6356
54.2041 52.0000 55.0000 57.2652 57.0000 60.0100 62.9528 62.2398 84.2024 81.2811 83.7835 89.0569 90.7094 10.0000 13.6056 22.0000 59.2544 86.3217 58.8365 79.6419 75.7419 73.3246 52.9418 60.7740 43.5410 43.2415 62.6308
50.6079 50.1123 53.1045 55.0444 55.0999 57.5184 60.4876 60.0400 80.8025 77.9559 80.4911 85.7166 87.3886 13.6056 10.0000 20.4403 57.0425 83.0616 55.3431 76.7308 72.6498 70.6383 49.3573 57.5079 40.2655 39.7321 59.2037
48.0789 40.0000 43.0000 45.3553 45.0000 48.3275 51.2311 50.3113 75.0692 71.7171 74.0312 79.5270 81.0634 22.0000 20.4403 10.0000 47.3363 76.4003 50.8044 68.6003 65.2268 61.8652 48.8330 51.1096 43.5410 41.0000 53.9318
47.2022 18.6023 16.4031 12.0000 15.3852 15.0000 15.8310 13.0000 51.2311 46.4005 47.3363 53.0813 53.8634 59.2544 57.0425 47.3363 10.0000 48.4838 40.8707 35.6125 36.0000 26.9706 53.9318 32.8035 61.3128 55.2217 39.1204
48.3275 56.1411 54.7214 49.3573 53.8634 44.0000 42.6956 47.3363 17.8102 16.0000 13.0000 15.0000 15.3852 86.3217 83.0616 76.4003 48.4838 10.0000 39.8329 25.0000 22.5300 33.3452 55.0444 35.5539 69.4138 63.7587 35.0000
19.2195 43.5410 44.2053 40.0832 44.7851 36.4197 38.0179 42.2490 35.9422 34.0416 36.9258 41.3847 43.2415 58.8365 55.3431 50.8044 40.8707 39.8329 10.0000 40.0832 33.3452 39.6816 26.7631 19.2195 40.0000 34.0832 15.0000
49.2938 43.9706 42.0156 36.9072 40.8058 31.9317 29.8494 33.8537 30.8806 26.1555 25.2971 30.0000 30.0998 79.6419 76.7308 68.6003 35.6125 25.0000 40.0832 10.0000 17.2111 18.9443 56.8402 32.0907 69.5399 63.3385 35.2982
42.5576 43.6155 42.2025 36.8328 41.3847 31.4709 30.2485 35.0000 26.0000 21.0000 21.4018 27.0880 27.8885 75.7419 72.6498 65.2268 36.0000 22.5300 33.3452 17.2111 10.0000 22.1655 50.0250 26.1245 63.1507 57.0425 28.4391
48.4708 35.4951 33.3452 28.4391 32.0227 23.8924 21.4018 25.0000 38.0713 33.0868 33.0217 38.2843 38.6356 73.3246 70.6383 61.8652 26.9706 33.3452 39.6816 18.9443 22.1655 10.0000 56.0652 30.5913 67.2800 60.9608 35.6125
17.6158 53.9090 55.4863 52.6380 56.6154 50.3113 52.5206 55.9674 49.6232 49.0512 52.0476 55.5412 57.5184 52.9418 49.3573 48.8330 53.9318 55.0444 26.7631 56.8402 50.0250 56.0652 10.0000 35.4951 24.8661 20.6301 31.5870
27.8885 37.0185 37.0740 32.3607 37.2947 28.0278 29.2354 33.7697 34.0832 30.6155 33.0217 38.4253 40.0000 60.7740 57.5079 51.1096 32.8035 35.5539 19.2195 32.0907 26.1245 30.5913 35.4951 10.0000 47.4833 41.2570 16.3246
31.0950 58.8365 61.0882 59.6488 62.6308 58.7647 61.4296 63.8516 64.3415 63.4603 66.4358 70.2080 72.1691 43.5410 40.2655 43.5410 61.3128 69.4138 40.0000 69.5399 63.1507 67.2800 24.8661 47.4833 10.0000 16.3246 45.0000
25.5242 53.1393 55.2769 53.6005 56.7547 52.5441 55.1774 57.7074 59.0408 57.8539 60.8035 64.8179 66.7539 43.2415 39.7321 41.0000 55.2217 63.7587 34.0832 63.3385 57.0425 60.9608 20.6301 41.2570 16.3246 10.0000 39.0689
24.1421 43.0151 43.2415 38.6356 43.5410 34.3516 35.4951 40.0832 31.6333 29.3132 32.1359 36.8328 38.6356 62.6308 59.2037 53.9318 39.1204 35.0000 15.0000 35.2982 28.4391 35.6125 31.5870 16.3246 45.0000 39.0689 10.0000
0         960      
431       911      
291       771      
674       734      
40        520      
393       502      
120       600      
397       457      
225       285      
43        523      
35        366      
204       264      
204       425      
655       778      
377       857      
531       736      
432       665      
38        322      
187       247      
240       451      
366       483      
382       442      
817       942      
262       377      
789       928      
382       862      
14        494      
# Sum of service times: 260
