26
0.0000 58.5235 57.0088 55.7136 52.2015 52.0000 50.2892 51.4782 44.2041 40.3113 30.8058 38.0789 18.0278 29.1548 39.0512 25.2982 25.4951 27.4591 7.6158 35.4683 12.0416 14.7648 21.0950 17.1172 20.6155 15.5242
68.5235 10.0000 15.0000 13.0000 17.0711 17.0000 18.6023 21.1803 71.7171 75.1920 68.2580 78.0074 60.0000 40.4138 41.6228 43.2415 49.0512 57.4236 60.9215 42.7567 57.5395 53.9659 50.4969 52.0476 49.6232 56.6476
67.0088 15.0000 10.0000 15.8310 15.0000 18.6023 17.0000 24.1421 67.3062 71.0328 64.4885 74.0312 57.1699 40.0000 43.5410 41.7805 46.0555 53.8634 59.4773 44.1760 56.5296 52.7551 48.0132 50.1622 49.0512 54.2832
65.7136 13.0000 15.8310 10.0000 15.3852 14.0000 16.4031 18.6023 70.4152 73.6318 66.4004 76.2873 57.6340 37.4591 38.7924 40.4631 46.7967 55.4533 58.1041 39.8329 54.6430 51.1096 48.0132 49.3573 46.6742 54.1022
62.2015 17.0711 15.0000 15.3852 10.0000 15.3852 12.0000 21.1803 65.0364 68.3095 61.2250 71.0328 53.0116 35.0000 39.1548 36.9258 42.0156 50.3609 54.6430 39.5466 51.5933 47.8550 43.6155 45.4683 44.0588 49.8246
62.0000 17.0000 18.6023 14.0000 15.3852 10.0000 15.0000 15.8310 68.8727 71.7171 64.0833 74.1405 54.5982 33.5372 35.0799 36.8328 43.9706 53.0116 54.3847 35.9615 50.8044 47.3363 44.8281 45.8469 42.7567 50.8044
60.2892 18.6023 17.0000 16.4031 12.0000 15.0000 10.0000 20.4403 64.2310 67.3062 60.0000 69.9083 51.4005 33.0000 37.4591 35.0000 40.4795 49.0512 52.7200 37.7308 49.6232 45.9026 41.9061 43.6155 42.0624 48.0789
61.4782 21.1803 24.1421 18.6023 21.1803 15.8310 20.4403 10.0000 72.6418 75.0000 66.8243 77.0820 56.0977 32.3607 30.6155 37.0185 46.0555 55.6508 53.9090 32.0907 49.8121 46.7151 46.1248 46.2353 41.3847 51.7253
54.2041 71.7171 67.3062 70.4152 65.0364 68.8727 64.2310 72.6418 10.0000 17.0000 23.4536 22.0000 37.7308 60.0400 75.0308 53.1045 40.0666 30.3961 52.9418 72.1289 56.6154 54.2719 43.5410 48.3275 59.2443 43.2415
50.3113 75.1920 71.0328 73.6318 68.3095 71.7171 67.3062 75.0000 17.0000 10.0000 20.1980 15.0000 35.4951 60.2494 75.1920 53.1856 40.4138 30.2237 50.1622 72.0725 54.3847 52.5793 43.0151 47.1214 58.1664 41.4006
40.8058 68.2580 64.4885 66.4004 61.2250 64.0833 60.0000 66.8243 23.4536 20.1980 10.0000 20.4403 25.2971 50.6079 65.4437 43.5410 31.1896 21.1803 40.0832 62.2398 44.2053 42.3883 33.1948 37.0185 48.0526 31.2132
48.0789 78.0074 74.0312 76.2873 71.0328 74.1405 69.9083 77.0820 22.0000 15.0000 20.4403 10.0000 35.0000 60.9902 75.7647 53.9318 41.6228 31.5407 48.8330 72.5140 53.4166 52.0476 43.5410 47.0540 58.0104 41.0000
28.0278 60.0000 57.1699 57.6340 53.0116 54.5982 51.4005 56.0977 37.7308 35.4951 25.2971 35.0000 10.0000 36.9258 51.2311 30.1246 21.1803 19.4340 25.2643 47.8550 28.9737 27.1172 20.0000 22.1655 33.0217 16.0000
39.1548 40.4138 40.0000 37.4591 35.0000 33.5372 33.0000 32.3607 60.0400 60.2494 50.6079 60.9902 36.9258 10.0000 25.0000 17.0711 30.0000 40.0666 31.6333 22.1655 27.4642 24.4222 27.4642 25.2643 19.2195 31.4709
49.0512 41.6228 43.5410 38.7924 39.1548 35.0799 37.4591 30.6155 75.0308 75.1920 65.4437 75.7647 51.2311 25.0000 10.0000 32.0227 45.0000 55.0444 42.4500 13.6056 37.2029 35.9422 42.2490 39.1204 29.2354 45.4401
35.2982 43.2415 41.7805 40.4631 36.9258 36.8328 35.0000 37.0185 53.1045 53.1856 43.5410 53.9318 30.1246 17.0711 32.0227 10.0000 23.0384 33.0217 27.7200 29.0263 25.0000 21.0454 20.4403 19.2195 19.4340 25.0000
35.4951 49.0512 46.0555 46.7967 42.0156 43.9706 40.4795 46.0555 40.0666 40.4138 31.1896 41.6228 21.1803 30.0000 45.0000 23.0384 10.0000 20.1980 29.6977 42.0624 30.6155 26.9706 15.0000 20.6301 30.1246 20.0499
37.4591 57.4236 53.8634 55.4533 50.3609 53.0116 49.0512 55.6508 30.3961 30.2237 21.1803 31.5407 19.4340 40.0666 55.0444 33.0217 20.1980 10.0000 34.0832 52.0000 36.9258 34.1661 23.1529 28.0278 38.8617 23.6015
17.6158 60.9215 59.4773 58.1041 54.6430 54.3847 52.7200 53.9090 52.9418 50.1622 40.0832 48.8330 25.2643 31.6333 42.4500 27.7200 29.6977 34.0832 10.0000 38.8444 15.3852 17.2111 24.8661 20.0499 23.4536 20.6301
45.4683 42.7567 44.1760 39.8329 39.5466 35.9615 37.7308 32.0907 72.1289 72.0725 62.2398 72.5140 47.8550 22.1655 13.6056 29.0263 42.0624 52.0000 38.8444 10.0000 33.6008 32.3607 39.0689 35.7099 25.6525 42.0156
22.0416 57.5395 56.5296 54.6430 51.5933 50.8044 49.6232 49.8121 56.6154 54.3847 44.2053 53.4166 28.9737 27.4642 37.2029 25.0000 30.6155 36.9258 15.3852 33.6008 10.0000 14.1231 25.6205 20.0000 18.6023 23.4164
24.7648 53.9659 52.7551 51.1096 47.8550 47.3363 45.9026 46.7151 54.2719 52.5793 42.3883 52.0476 27.1172 24.4222 35.9422 21.0454 26.9706 34.1661 17.2111 32.3607 14.1231 10.0000 22.0416 16.4031 16.7082 21.1803
31.0950 50.4969 48.0132 48.0132 43.6155 44.8281 41.9061 46.1248 43.5410 43.0151 33.1948 43.5410 20.0000 27.4642 42.2490 20.4403 15.0000 23.1529 24.8661 39.0689 25.6205 22.0416 10.0000 15.6569 25.8114 16.3246
27.1172 52.0476 50.1622 49.3573 45.4683 45.8469 43.6155 46.2353 48.3275 47.1214 37.0185 47.0540 22.1655 25.2643 39.1204 19.2195 20.6301 28.0278 20.0499 35.7099 20.0000 16.4031 15.6569 10.0000 21.0454 16.3246
30.6155 49.6232 49.0512 46.6742 44.0588 42.7567 42.0624 41.3847 59.2443 58.1664 48.0526 58.0104 33.0217 19.2195 29.2354 19.4340 30.1246 38.8617 23.4536 25.6525 18.6023 16.7082 25.8114 21.0454 10.0000 27.0294
25.5242 56.6476 54.2832 54.1022 49.8246 50.8044 48.0789 51.7253 43.2415 41.4006 31.2132 41.0000 16.0000 31.4709 45.4401 25.0000 20.0499 23.6015 20.6301 42.0156 23.4164 21.1803 16.3246 16.3246 27.0294 10.0000
0         960      
0         891      
146       266      
149       269      
194       314      
246       366      
0         899      
80        200      
657       777      
329       449      
376       496      
574       694      
601       721      
167       287      
39        159      
268       388      
241       361      
0         922      
822       942      
0         914      
0         937      
14        134      
808       928      
0         932      
0         929      
0         934      
# Sum of service times: 250
